1525597985	19884	58.754	4.94	245	3
1525597986	19892	58.497	5.746	246	3
1525597987	19899	58.616	5.897	247	4
1525597988	19908	58.477	6.747	248	3
1525597989	19916	58.593	7.089	249	3
1525597990	19884	58.514	8.103	250	3
1525597990	19924	58.515	8.187	250	5
1525597991	19932	58.657	7.34	251	3
1525597991	19892	58.634	7.204	251	3
1525597992	19899	58.56	7.754	252	5
1525597992	19938	58.566	7.797	252	3
1525597993	19908	58.68	6.858	253	3
1525597993	19949	58.683	6.949	253	3
1525597994	19916	58.817	6.66	254	3
1525597994	19956	58.825	6.747	254	3
1525597995	19884	58.941	5.752	255	3
1525597995	19924	58.944	5.799	256	5
1525597995	19964	58.947	5.844	256	3
1525597996	19892	58.667	6.455	255	3
1525597996	19932	58.667	6.357	256	3
1525597996	19972	58.667	6.404	256	3
1525597997	19899	58.786	5.746	255	5
1525597997	19938	58.789	5.698	256	3
1525597997	19981	58.792	5.791	256	3
1525597998	19908	58.915	5.85	256	3
1525597998	19949	58.916	5.752	257	3
1525597998	19989	58.925	5.942	258	3
1525597999	19916	59.053	6.206	257	5
1525597999	19956	59.056	6.206	258	3
1525597999	19996	59.058	6.297	258	5
1525598000	19964	58.794	7.204	259	3
1525598000	19924	58.773	7.067	258	5
1525598000	19884	58.773	7.161	258	3
1525598000	20005	58.803	7.247	259	3
1525598001	19892	58.917	6.794	259	3
1525598001	20013	58.932	6.838	260	3
1525598001	19972	58.931	6.794	260	3
1525598001	19932	58.929	6.794	260	3
1525598002	19899	59.061	6.855	260	5
1525598002	19938	59.061	6.851	260	3
1525598002	19981	59.063	6.851	260	3
1525598002	20020	59.064	6.945	261	3
1525598003	19908	59.194	6.851	261	5
1525598003	19949	59.196	6.851	261	3
1525598003	19989	59.199	6.801	261	3
1525598003	20028	59.215	6.931	262	3
1525598004	19916	58.92	7.495	262	5
1525598004	19996	58.92	7.495	262	5
1525598004	19956	58.92	7.452	262	5
1525598004	20037	58.932	7.588	263	5
1525598005	19924	59.055	6.794	263	7
1525598005	19964	59.055	6.7	263	3
1525598005	19884	59.055	6.794	263	3
1525598005	20045	59.058	6.794	263	5
1525598005	20005	59.068	6.747	264	3
1525598006	19892	59.185	6.596	264	3
1525598006	19932	59.185	6.593	264	3
1525598006	20013	59.191	6.64	264	3
1525598006	19972	59.187	6.593	264	3
1525598006	20056	59.208	6.68	265	7
1525598007	19938	59.323	6.593	265	5
1525598007	20020	59.34	6.593	265	3
1525598007	19981	59.323	6.593	265	3
1525598007	19899	59.323	6.546	265	9
1525598007	20064	59.363	6.59	266	3
1525598008	19908	59.065	7.154	266	5
1525598008	19989	59.065	7.2	266	3
1525598008	19949	59.065	7.204	266	3
1525598008	20072	59.07	7.251	266	5
1525598008	20028	59.071	7.254	267	4
1525598009	19916	59.186	6.31	267	5
1525598009	19956	59.186	6.304	267	7
1525598009	19996	59.186	6.212	267	5
1525598009	20037	59.192	6.209	267	5
1525598009	20080	59.192	6.209	267	5
1525598010	19884	59.337	6.404	268	3
1525598010	19924	59.337	6.404	268	7
1525598010	20045	59.34	6.499	268	7
1525598010	19964	59.337	6.408	268	3
1525598010	20005	59.345	6.404	268	3
1525598010	20090	59.347	6.452	268	9
1525598011	19892	59.47	6.512	269	3
1525598011	19932	59.471	6.515	269	3
1525598011	19972	59.473	6.606	269	3
1525598011	20013	59.474	6.515	269	3
1525598011	20056	59.483	6.465	269	7
1525598011	20098	59.499	6.502	270	3
1525598012	19899	59.205	7.265	270	9
1525598012	19938	59.205	7.219	270	5
1525598012	19981	59.205	7.219	270	3
1525598012	20020	59.203	7.215	270	4
1525598012	20064	59.209	7.172	270	3
1525598012	20110	59.209	7.215	270	3
1525598013	19908	59.349	6.606	271	5
1525598013	19949	59.349	6.556	271	3
1525598013	19989	59.349	6.559	271	3
1525598013	20072	59.355	6.509	271	5
1525598013	20028	59.357	6.505	271	5
1525598013	20119	59.374	6.505	271	3
1525598014	19916	59.496	6.502	272	5
1525598014	19956	59.496	6.599	272	7
1525598014	19996	59.496	6.596	272	5
1525598014	20080	59.504	6.549	272	5
1525598014	20037	59.502	6.549	272	5
1525598014	20125	59.527	6.596	272	7
1525598015	19884	59.655	6.543	273	3
1525598015	19924	59.656	6.543	273	7
1525598015	19964	59.658	6.539	273	3
1525598015	20045	59.659	6.495	273	7
1525598015	20005	59.662	6.539	273	5
1525598015	20090	59.666	6.492	273	9
1525598015	20135	59.672	6.489	273	3
1525598016	19932	59.387	7.34	274	3
1525598016	19972	59.387	7.251	274	3
1525598016	19892	59.387	7.34	274	3
1525598016	20013	59.387	7.383	274	3
1525598016	20098	59.408	7.344	274	3
1525598016	20056	59.403	7.344	274	7
1525598016	20142	59.433	7.383	275	3
1525598017	19899	59.553	6.841	275	10
1525598017	19938	59.553	6.888	275	5
1525598017	19981	59.553	6.888	275	3
1525598017	20020	59.554	6.838	275	5
1525598017	20064	59.555	6.884	275	3
1525598017	20110	59.557	6.881	275	3
1525598017	20153	59.564	6.787	276	3
1525598018	19908	59.69	6.895	276	5
1525598018	19949	59.69	6.942	276	3
1525598018	19989	59.69	6.942	276	3
1525598018	20072	59.694	6.942	276	5
1525598018	20028	59.694	6.945	276	7
1525598018	20119	59.699	6.895	276	3
1525598018	20165	59.704	6.988	277	3
1525598019	19916	59.829	7.197	277	5
1525598019	19996	59.829	7.2	277	5
1525598019	19956	59.829	7.103	277	10
1525598019	20037	59.832	7.154	277	5
1525598019	20080	59.832	7.154	277	5
1525598019	20125	59.839	7.154	277	7
1525598019	20174	59.842	7.154	278	4
1525598020	19884	59.577	8.191	278	3
1525598020	19964	59.577	8.149	278	3
1525598020	19924	59.577	8.195	278	8
1525598020	20045	59.577	8.149	278	8
1525598020	20005	59.573	8.153	278	5
1525598020	20090	59.576	8.153	278	13
1525598020	20135	59.579	8.103	278	3
1525598020	20182	59.596	8.141	279	3
1525598021	19892	59.722	7.413	279	3
1525598021	19932	59.722	7.413	279	3
1525598021	19972	59.723	7.456	279	3
1525598021	20013	59.725	7.323	279	3
1525598021	20056	59.729	7.409	279	8
1525598021	20098	59.731	7.413	279	3
1525598021	20142	59.737	7.409	280	3
1525598021	20193	59.743	7.409	281	5
1525598022	19899	59.862	7.265	280	12
1525598022	19981	59.862	7.265	280	3
1525598022	19938	59.862	7.222	280	5
1525598022	20020	59.862	7.32	280	5
1525598022	20064	59.868	7.316	280	3
1525598022	20110	59.868	7.366	280	3
1525598022	20153	59.876	7.366	280	3
1525598022	20201	59.883	7.269	281	5
1525598023	19949	60.008	7.417	281	3
1525598023	19908	60.008	7.463	281	5
1525598023	19989	60.008	7.37	281	3
1525598023	20072	60.011	7.417	281	6
1525598023	20028	60.011	7.417	281	10
1525598023	20119	60.013	7.417	281	3
1525598023	20165	60.023	7.37	281	3
1525598023	20210	60.041	7.441	282	5
1525598024	19916	59.746	8.115	282	7
1525598024	19956	59.746	8.119	282	10
1525598024	19996	59.746	8.065	282	7
1525598024	20037	59.746	8.119	282	5
1525598024	20080	59.746	8.115	282	5
1525598024	20125	59.749	8.119	282	7
1525598024	20174	59.749	8.115	282	7
1525598024	20217	59.768	8.161	283	7
1525598025	19924	59.88	6.987	283	8
1525598025	19964	59.881	7.081	283	3
1525598025	20045	59.881	7.081	283	9
1525598025	19884	59.88	6.991	283	3
1525598025	20005	59.886	7.034	283	5
1525598025	20090	59.886	7.031	283	14
1525598025	20135	59.903	7.034	283	3
1525598025	20227	59.923	7.031	283	5
1525598025	20182	59.922	7.034	284	3
1525598026	19892	60.047	6.984	284	3
1525598026	19932	60.047	6.984	284	3
1525598026	19972	60.049	6.984	284	5
1525598026	20013	60.049	6.984	284	3
1525598026	20056	60.05	6.984	284	8
1525598026	20098	60.052	6.984	284	5
1525598026	20142	60.053	7.031	284	3
1525598026	20236	60.073	7.121	286	5
1525598026	20193	60.058	7.027	284	7
1525598027	19899	60.191	7.024	285	12
1525598027	19938	60.19	7.02	285	5
1525598027	19981	60.19	6.977	285	3
1525598027	20020	60.192	6.973	285	7
1525598027	20064	60.198	6.926	285	3
1525598027	20110	60.201	6.923	285	3
1525598027	20153	60.201	6.97	285	3
1525598027	20201	60.204	6.973	285	5
1525598027	20243	60.227	7.06	286	3
1525598028	19908	59.946	7.583	286	5
1525598028	19989	59.946	7.677	286	3
1525598028	19949	59.946	7.583	286	5
1525598028	20119	59.942	7.677	286	3
1525598028	20028	59.942	7.673	286	11
1525598028	20072	59.942	7.63	286	6
1525598028	20165	59.942	7.63	286	3
1525598028	20251	59.944	7.626	286	3
1525598028	20210	59.967	7.723	287	5
1525598029	19916	60.182	7.424	287	7
1525598029	19956	60.182	7.467	287	10
1525598029	19996	60.182	7.467	287	7
1525598029	20037	60.184	7.42	287	7
1525598029	20080	60.184	7.42	287	6
1525598029	20125	60.186	7.37	287	9
1525598029	20174	60.188	7.374	287	7
1525598029	20260	60.192	7.417	287	7
1525598029	20217	60.194	7.37	287	7
1525598030	19884	60.321	7.564	288	3
1525598030	19924	60.321	7.564	288	8
1525598030	19964	60.321	7.471	288	3
1525598030	20045	60.321	7.471	288	9
1525598030	20005	60.324	7.564	288	6
1525598030	20090	60.324	7.514	288	14
1525598030	20135	60.327	7.467	288	3
1525598030	20227	60.325	7.514	288	5
1525598030	20182	60.328	7.467	288	3
1525598030	20272	60.337	7.553	289	5
1525598031	19932	60.069	8.35	289	3
1525598031	19972	60.069	8.308	289	7
1525598031	19892	60.069	8.396	289	3
1525598031	20013	60.07	8.35	289	3
1525598031	20056	60.071	8.354	289	8
1525598031	20098	60.071	8.4	289	5
1525598031	20142	60.074	8.354	289	3
1525598031	20193	60.074	8.354	289	7
1525598031	20236	60.079	8.304	289	5
1525598031	20279	60.088	8.338	289	9
1525598032	19899	60.207	8.463	290	12
1525598032	19981	60.207	8.413	290	3
1525598032	20020	60.207	8.463	290	8
1525598032	19938	60.207	8.468	290	9
1525598032	20064	60.209	8.514	290	3
1525598032	20110	60.209	8.472	290	3
1525598032	20153	60.213	8.518	290	3
1525598032	20201	60.213	8.56	290	7
1525598032	20289	60.22	8.422	290	9
1525598032	20243	60.221	8.417	290	3
1525598033	19949	60.365	7.626	291	5
1525598033	19908	60.364	7.626	291	5
1525598033	19989	60.365	7.58	291	3
1525598033	20028	60.362	7.583	291	11
1525598033	20119	60.363	7.58	291	3
1525598033	20072	60.362	7.626	291	6
1525598033	20165	60.366	7.626	291	4
1525598033	20251	60.368	7.63	291	5
1525598033	20299	60.377	7.58	291	7
1525598033	20210	60.38	7.63	292	8
1525598034	19916	60.219	7.992	292	7
1525598034	19996	60.219	7.949	292	7
1525598034	19956	60.219	7.945	292	10
1525598034	20037	60.219	7.988	292	8
1525598034	20080	60.219	7.992	292	7
1525598034	20125	60.215	7.992	292	9
1525598034	20174	60.217	7.988	292	11
1525598034	20260	60.217	7.945	292	7
1525598034	20217	60.217	7.945	292	7
1525598034	20310	60.229	8.038	292	9
1525598035	19884	60.349	8	293	3
1525598035	20045	60.349	8.093	293	9
1525598035	19964	60.349	8.051	293	3
1525598035	20005	60.35	8.004	293	7
1525598035	19924	60.349	8	293	10
1525598035	20090	60.35	8.055	293	14
1525598035	20135	60.351	8.101	293	3
1525598035	20182	60.353	8.144	293	3
1525598035	20227	60.353	8.148	293	7
1525598035	20272	60.356	8.101	293	5
1525598035	20319	60.37	8.14	294	5
1525598036	19892	60.487	7.157	294	3
1525598036	19972	60.487	7.201	294	7
1525598036	19932	60.487	7.201	294	3
1525598036	20013	60.487	7.201	294	4
1525598036	20056	60.49	7.201	294	8
1525598036	20098	60.49	7.197	294	5
1525598036	20193	60.491	7.248	294	7
1525598036	20142	60.492	7.197	294	3
1525598036	20236	60.491	7.248	294	5
1525598036	20330	60.502	7.291	296	5
1525598036	20279	60.497	7.201	294	9
1525598037	19938	60.338	8.451	295	9
1525598037	19981	60.338	8.506	295	3
1525598037	19899	60.338	8.456	295	12
1525598037	20020	60.338	8.456	295	8
1525598037	20064	60.34	8.456	295	3
1525598037	20110	60.34	8.451	295	3
1525598037	20153	60.34	8.451	295	3
1525598037	20201	60.342	8.405	295	8
1525598037	20289	60.345	8.451	295	9
1525598037	20243	60.358	8.456	295	3
1525598037	20336	60.369	8.456	296	7
1525598038	19908	60.593	8.944	296	5
1525598038	19949	60.593	8.99	296	5
1525598038	19989	60.594	8.99	296	3
1525598038	20072	60.596	8.944	296	6
1525598038	20028	60.596	8.944	296	11
1525598038	20119	60.599	8.99	296	3
1525598038	20165	60.602	8.99	296	5
1525598038	20251	60.605	8.99	296	5
1525598038	20299	60.611	8.944	296	8
1525598038	20210	60.617	8.939	296	8
1525598038	20344	60.639	8.935	297	9
1525598039	19916	60.443	9.38	297	7
1525598039	19956	60.443	9.43	297	10
1525598039	19996	60.443	9.384	297	7
1525598039	20037	60.443	9.435	297	9
1525598039	20080	60.445	9.435	297	7
1525598039	20125	60.446	9.481	297	11
1525598039	20174	60.446	9.485	297	12
1525598039	20260	60.446	9.435	297	9
1525598039	20217	60.446	9.435	297	7
1525598039	20310	60.451	9.389	297	11
1525598039	20351	60.462	9.435	298	3
1525598040	19884	60.58	9.718	298	3
1525598040	19924	60.58	9.718	298	10
1525598040	19964	60.58	9.718	298	3
1525598040	20045	60.58	9.718	298	9
1525598040	20005	60.58	9.718	298	8
1525598040	20090	60.582	9.718	298	14
1525598040	20135	60.582	9.673	298	3
1525598040	20227	60.585	9.627	298	7
1525598040	20182	60.585	9.627	298	3
1525598040	20272	60.588	9.673	298	5
1525598040	20358	60.591	9.622	299	7
1525598040	20319	60.589	9.627	299	5
1525598041	19892	60.838	9.733	299	3
1525598041	19932	60.838	9.687	299	3
1525598041	19972	60.838	9.733	299	8
1525598041	20013	60.838	9.692	299	5
1525598041	20056	60.838	9.687	299	8
1525598041	20098	60.851	9.642	299	7
1525598041	20142	60.851	9.646	299	3
1525598041	20193	60.852	9.601	299	7
1525598041	20236	60.868	9.646	299	9
1525598041	20279	60.874	9.738	299	9
1525598041	20330	60.877	9.692	300	5
1525598041	20366	60.993	10.186	300	5
1525598042	19899	60.598	9.687	300	12
1525598042	19938	60.598	9.738	300	10
1525598042	19981	60.598	9.733	300	3
1525598042	20020	60.598	9.687	300	8
1525598042	20064	60.598	9.687	300	3
1525598042	20110	60.598	9.687	300	3
1525598042	20201	60.598	9.733	300	9
1525598042	20153	60.598	9.687	300	3
1525598042	20289	60.599	9.738	300	9
1525598042	20243	60.599	9.733	300	3
1525598042	20336	60.601	9.738	300	7
1525598042	20380	60.71	9.96	301	3
1525598043	19949	60.845	9.848	301	5
1525598043	19908	60.845	9.894	301	5
1525598043	19989	60.845	9.848	301	3
1525598043	20072	60.845	9.844	301	6
1525598043	20028	60.845	9.844	301	11
1525598043	20119	60.848	9.848	301	3
1525598043	20165	60.851	9.848	301	5
1525598043	20251	60.851	9.889	301	5
1525598043	20299	60.856	9.848	301	9
1525598043	20210	60.859	9.848	301	9
1525598043	20388	60.86	9.844	302	5
1525598043	20344	60.879	9.894	302	9
1525598044	19996	60.702	9.743	302	7
1525598044	19956	60.702	9.738	302	10
1525598044	19916	60.702	9.743	302	7
1525598044	20037	60.702	9.738	302	10
1525598044	20080	60.702	9.738	302	8
1525598044	20125	60.702	9.692	302	11
1525598044	20174	60.702	9.687	302	14
1525598044	20260	60.702	9.783	302	9
1525598044	20217	60.715	9.783	302	7
1525598044	20310	60.715	9.738	302	12
1525598044	20351	60.716	9.733	302	3
1525598044	20397	60.718	9.738	302	5
1525598045	19884	60.953	9.601	303	5
1525598045	20045	60.953	9.509	303	9
1525598045	19964	60.953	9.596	303	5
1525598045	19924	60.953	9.642	303	10
1525598045	20005	60.953	9.601	303	8
1525598045	20090	60.953	9.646	303	14
1525598045	20135	60.953	9.646	303	3
1525598045	20227	60.953	9.601	303	8
1525598045	20182	60.953	9.646	303	5
1525598045	20272	60.956	9.601	303	5
1525598045	20319	60.959	9.646	303	5
1525598045	20358	60.959	9.651	303	9
1525598045	20404	60.964	9.738	304	7
1525598046	19892	60.807	10.696	304	4
1525598046	19932	60.807	10.747	304	3
1525598046	19972	60.807	10.702	304	8
1525598046	20013	60.807	10.831	304	5
1525598046	20056	60.807	10.842	304	8
1525598046	20098	60.807	10.848	304	9
1525598046	20142	60.807	10.842	304	3
1525598046	20193	60.807	10.837	304	8
1525598046	20236	60.807	10.837	304	9
1525598046	20279	60.807	10.792	304	11
1525598046	20330	60.809	10.702	304	5
1525598046	20416	60.925	10.63	305	7
1525598046	20366	60.925	10.449	305	5
1525598047	19899	61.061	10.056	305	13
1525598047	19938	61.061	10.056	305	17
1525598047	19981	61.061	10.061	305	3
1525598047	20020	61.061	10.106	305	8
1525598047	20064	61.061	10.056	305	3
1525598047	20110	61.061	10.056	305	3
1525598047	20153	61.063	10.015	305	3
1525598047	20201	61.063	10.015	305	9
1525598047	20289	61.063	10.01	305	12
1525598047	20243	61.064	10.01	305	3
1525598047	20336	61.067	10.056	305	9
1525598047	20425	61.201	10.04	306	10
1525598047	20380	61.203	9.955	306	3
1525598048	19949	60.919	10.831	306	5
1525598048	19908	60.919	10.831	306	8
1525598048	19989	60.919	10.831	306	3
1525598048	20072	60.919	10.831	306	6
1525598048	20028	60.919	10.831	306	11
1525598048	20119	60.919	10.876	306	5
1525598048	20165	60.919	10.831	306	5
1525598048	20251	60.919	10.831	306	8
1525598048	20299	60.919	10.831	306	9
1525598048	20210	60.922	10.876	306	9
1525598048	20436	60.923	10.871	307	7
1525598048	20344	60.923	10.741	306	9
1525598048	20388	60.923	10.831	306	5
1525598049	19956	61.162	10.091	307	11
1525598049	19996	61.162	10.091	307	7
1525598049	19916	61.162	10.136	307	7
1525598049	20080	61.162	10.136	307	12
1525598049	20037	61.162	10.141	307	14
1525598049	20125	61.162	10.187	307	11
1525598049	20174	61.162	10.192	307	14
1525598049	20217	61.164	10.096	307	7
1525598049	20260	61.162	10.096	307	11
1525598049	20310	61.165	10.141	307	12
1525598049	20351	61.169	10.146	307	3
1525598049	20397	61.172	10.136	307	5
1525598049	20446	61.307	10.227	308	5
1525598050	19884	61.009	11.044	308	5
1525598050	19964	61.009	11.044	308	5
1525598050	20045	61.009	11.089	308	10
1525598050	19924	61.009	11.005	308	10
1525598050	20005	61.009	11.089	308	8
1525598050	20090	61.009	11.089	308	14
1525598050	20135	61.01	11.134	308	3
1525598050	20227	61.01	11.173	308	8
1525598050	20182	61.012	11.178	308	5
1525598050	20272	61.012	11.173	308	5
1525598050	20319	61.012	11.223	308	5
1525598050	20358	61.012	11.217	308	9
1525598050	20404	61.116	11.178	308	7
1525598050	20453	61.152	10.977	309	7
1525598051	19892	61.267	10.373	309	5
1525598051	19972	61.267	10.367	309	8
1525598051	20013	61.267	10.232	309	5
1525598051	19932	61.267	10.367	309	3
1525598051	20056	61.267	10.272	309	8
1525598051	20098	61.267	10.267	309	9
1525598051	20193	61.268	10.322	309	9
1525598051	20142	61.268	10.317	309	3
1525598051	20236	61.268	10.272	309	9
1525598051	20279	61.27	10.282	309	16
1525598051	20330	61.27	10.367	309	5
1525598051	20465	61.376	10.322	310	7
1525598051	20366	61.412	10.322	310	5
1525598051	20416	61.412	10.322	310	7
1525598052	19899	61.134	10.669	310	14
1525598052	19938	61.134	10.664	310	18
1525598052	19981	61.134	10.704	310	3
1525598052	20020	61.135	10.664	310	8
1525598052	20064	61.135	10.664	310	3
1525598052	20110	61.135	10.669	310	3
1525598052	20153	61.137	10.664	310	3
1525598052	20201	61.137	10.664	310	9
1525598052	20289	61.137	10.709	310	17
1525598052	20243	61.137	10.714	310	3
1525598052	20336	61.137	10.614	310	9
1525598052	20425	61.245	10.704	312	13
1525598052	20380	61.248	10.659	312	3
1525598052	20483	61.236	10.608	311	9
1525598053	19949	61.378	9.622	311	5
1525598053	19908	61.378	9.577	311	7
1525598053	19989	61.378	9.577	311	3
1525598053	20028	61.38	9.673	311	11
1525598053	20072	61.38	9.627	311	6
1525598053	20119	61.38	9.622	311	6
1525598053	20165	61.38	9.627	311	5
1525598053	20251	61.38	9.536	311	10
1525598053	20299	61.38	9.577	311	9
1525598053	20210	61.38	9.577	311	9
1525598053	20388	61.38	9.627	311	5
1525598053	20344	61.38	9.627	311	11
1525598053	20436	61.416	9.586	311	7
1525598053	20493	61.492	9.718	312	5
1525598054	19916	61.245	10.524	312	7
1525598054	19996	61.245	10.569	312	7
1525598054	19956	61.245	10.569	312	12
1525598054	20037	61.245	10.473	312	13
1525598054	20080	61.245	10.479	312	14
1525598054	20125	61.245	10.473	312	11
1525598054	20174	61.245	10.518	312	14
1525598054	20260	61.245	10.563	312	11
1525598054	20217	61.245	10.569	312	7
1525598054	20310	61.245	10.563	312	12
1525598054	20351	61.245	10.518	312	3
1525598054	20397	61.247	10.524	312	5
1525598054	20446	61.356	10.569	312	5
1525598054	20502	61.356	10.603	312	5
1525598055	19884	61.486	9.955	313	5
1525598055	19964	61.486	9.955	313	5
1525598055	20045	61.486	9.955	313	11
1525598055	19924	61.486	10	313	10
1525598055	20005	61.486	9.909	313	9
1525598055	20090	61.486	9.864	313	16
1525598055	20135	61.486	9.864	313	5
1525598055	20182	61.486	9.773	313	5
1525598055	20227	61.486	9.819	313	8
1525598055	20272	61.488	9.824	313	5
1525598055	20319	61.488	9.824	313	5
1525598055	20358	61.488	9.824	313	12
1525598055	20404	61.592	9.819	313	8
1525598055	20511	61.595	9.864	313	7
1525598055	20453	61.619	9.955	314	7
1525598056	19892	61.331	10.558	314	5
1525598056	19932	61.331	10.518	314	3
1525598056	19972	61.331	10.558	314	8
1525598056	20013	61.331	10.563	314	6
1525598056	20056	61.333	10.608	314	8
1525598056	20098	61.333	10.608	314	13
1525598056	20142	61.333	10.563	314	3
1525598056	20193	61.333	10.558	314	11
1525598056	20236	61.333	10.563	314	11
1525598056	20279	61.345	10.553	314	17
1525598056	20330	61.348	10.558	314	5
1525598056	20465	61.448	10.558	314	7
1525598056	20520	61.457	10.592	314	9
1525598056	20366	61.47	10.518	315	5
1525598056	20416	61.47	10.518	315	7
1525598057	19899	61.599	9.96	315	14
1525598057	19938	61.599	9.914	315	19
1525598057	19981	61.599	9.869	315	3
1525598057	20020	61.599	9.96	315	8
1525598057	20064	61.601	10.015	315	5
1525598057	20110	61.602	10.01	315	3
1525598057	20153	61.602	10.055	315	3
1525598057	20201	61.602	10.01	315	9
1525598057	20289	61.602	9.965	315	16
1525598057	20243	61.602	9.965	315	3
1525598057	20336	61.605	10.02	315	9
1525598057	20425	61.714	10.06	315	18
1525598057	20483	61.702	10.06	315	9
1525598057	20380	61.714	10.06	315	3
1525598057	20531	61.748	10.181	316	5
1525598058	19949	61.458	11.094	316	5
1525598058	19989	61.458	11.184	316	3
1525598058	19908	61.458	11.139	316	7
1525598058	20072	61.458	11.189	316	6
1525598058	20028	61.458	11.184	316	11
1525598058	20119	61.458	11.145	316	7
1525598058	20165	61.458	11.145	316	5
1525598058	20251	61.458	11.189	316	10
1525598058	20299	61.458	11.189	316	9
1525598058	20210	61.458	11.15	316	9
1525598058	20344	61.458	11.139	316	14
1525598058	20436	61.458	11.228	316	9
1525598058	20493	61.558	11.094	316	5
1525598058	20388	61.458	11.145	316	5
1525598058	20540	61.589	11.184	318	10
1525598059	19956	61.712	10.312	317	12
1525598059	19996	61.712	10.307	317	9
1525598059	19916	61.712	10.357	317	9
1525598059	20037	61.712	10.402	317	13
1525598059	20080	61.713	10.402	317	15
1525598059	20125	61.726	10.402	317	12
1525598059	20174	61.726	10.357	317	14
1525598059	20260	61.726	10.357	317	11
1525598059	20217	61.726	10.352	317	7
1525598059	20310	61.726	10.357	317	12
1525598059	20351	61.74	10.397	317	3
1525598059	20397	61.74	10.402	317	5
1525598059	20446	61.846	10.307	317	5
1525598059	20502	61.846	10.312	317	7
1525598059	20553	61.862	10.307	318	7
1525598060	19884	61.591	10.854	318	6
1525598060	19924	61.591	10.815	318	11
1525598060	19964	61.591	10.86	318	5
1525598060	20045	61.591	10.86	318	11
1525598060	20005	61.591	10.899	318	9
1525598060	20090	61.591	10.905	318	16
1525598060	20135	61.591	10.91	318	9
1525598060	20227	61.592	10.915	318	8
1525598060	20182	61.592	11.005	318	7
1525598060	20272	61.594	10.955	318	6
1525598060	20404	61.594	10.955	318	9
1525598060	20560	61.7	11.111	319	3
1525598060	20319	61.594	10.955	318	5
1525598060	20453	61.698	11.111	319	7
1525598060	20358	61.594	10.955	318	13
1525598060	20511	61.666	11.05	318	7
1525598061	19892	61.836	10.669	319	5
1525598061	19932	61.836	10.664	319	5
1525598061	19972	61.836	10.624	319	8
1525598061	20013	61.836	10.664	319	6
1525598061	20056	61.836	10.574	319	8
1525598061	20098	61.836	10.619	319	13
1525598061	20193	61.837	10.624	319	11
1525598061	20142	61.836	10.619	319	3
1525598061	20236	61.837	10.619	319	11
1525598061	20279	61.839	10.624	319	17
1525598061	20330	61.839	10.624	319	5
1525598061	20465	61.943	10.624	319	7
1525598061	20520	61.946	10.624	319	10
1525598061	20416	61.952	10.619	319	11
1525598061	20366	61.952	10.619	319	5
1525598061	20570	61.955	10.704	319	7
1525598062	19899	61.675	11.419	320	14
1525598062	19981	61.675	11.424	320	3
1525598062	19938	61.675	11.419	320	19
1525598062	20020	61.675	11.374	320	8
1525598062	20064	61.675	11.318	320	5
1525598062	20110	61.675	11.324	320	3
1525598062	20153	61.675	11.324	320	3
1525598062	20201	61.675	11.324	320	9
1525598062	20243	61.675	11.324	320	3
1525598062	20289	61.675	11.329	320	17
1525598062	20336	61.676	11.318	320	9
1525598062	20483	61.779	11.374	319	11
1525598062	20425	61.779	11.324	319	20
1525598062	20380	61.782	11.324	319	3
1525598062	20578	61.788	11.318	319	9
1525598062	20531	61.79	11.318	319	5
1525598063	19949	61.923	10.736	320	5
1525598063	19908	61.923	10.736	320	7
1525598063	19989	61.923	10.736	320	3
1525598063	20072	61.923	10.781	320	8
1525598063	20028	61.923	10.741	320	11
1525598063	20119	61.923	10.781	320	10
1525598063	20165	61.923	10.82	320	5
1525598063	20251	61.923	10.865	320	11
1525598063	20299	61.923	10.826	320	9
1525598063	20210	61.923	10.82	320	11
1525598063	20388	61.925	10.826	320	5
1525598063	20436	61.925	10.826	320	11
1525598063	20493	62.02	10.826	320	5
1525598063	20344	61.925	10.826	320	14
1525598063	20540	62.037	10.775	320	11
1525598063	20590	62.043	10.804	320	7
1525598064	19916	61.764	11.385	321	9
1525598064	19996	61.764	11.475	321	9
1525598064	19956	61.764	11.424	321	12
1525598064	20080	61.764	11.335	321	15
1525598064	20037	61.764	11.341	321	13
1525598064	20125	61.764	11.385	321	12
1525598064	20174	61.764	11.385	321	14
1525598064	20260	61.764	11.43	321	11
1525598064	20217	61.766	11.436	321	7
1525598064	20310	61.766	11.385	321	14
1525598064	20351	61.766	11.436	321	3
1525598064	20397	61.766	11.436	321	5
1525598064	20446	61.82	11.43	321	5
1525598064	20502	61.864	11.424	321	9
1525598064	20603	61.866	11.519	321	9
1525598064	20553	61.864	11.475	321	7
1525598065	19884	62.011	11.061	322	6
1525598065	19924	62.011	11.049	322	12
1525598065	20045	62.011	11.055	322	11
1525598065	19964	62.011	11.055	322	5
1525598065	20005	62.011	11.055	322	11
1525598065	20090	62.011	11.005	322	16
1525598065	20135	62.011	11.005	322	9
1525598065	20227	62.011	11.005	322	8
1525598065	20182	62.011	10.954	322	8
1525598065	20272	62.011	11.005	322	7
1525598065	20404	62.012	11.005	322	9
1525598065	20511	62.111	10.954	322	7
1525598065	20453	62.118	10.999	322	7
1525598065	20319	62.011	10.954	322	7
1525598065	20358	62.011	10.96	322	15
1525598065	20560	62.118	10.993	322	3
1525598065	20613	62.13	10.848	323	10
1525598066	19892	61.855	11.756	323	5
1525598066	19972	61.855	11.845	323	8
1525598066	20013	61.855	11.889	323	8
1525598066	19932	61.855	11.845	323	5
1525598066	20056	61.855	11.946	323	8
1525598066	20098	61.855	11.946	323	13
1525598066	20193	61.855	11.94	323	13
1525598066	20236	61.855	11.99	323	11
1525598066	20142	61.855	11.94	323	3
1525598066	20279	61.855	12.034	323	18
1525598066	20330	61.855	11.984	323	5
1525598066	20465	61.914	12.034	323	7
1525598066	20520	61.958	12.085	323	12
1525598066	20366	61.958	12.085	323	5
1525598066	20416	61.958	12.085	323	11
1525598066	20570	61.958	12.123	323	7
1525598066	20625	61.97	12.079	324	3
1525598067	19899	62.099	11.436	324	14
1525598067	19981	62.099	11.436	324	3
1525598067	20020	62.099	11.442	324	10
1525598067	19938	62.099	11.436	324	19
1525598067	20064	62.099	11.492	324	5
1525598067	20110	62.099	11.486	324	3
1525598067	20153	62.099	11.447	324	3
1525598067	20201	62.099	11.492	324	9
1525598067	20289	62.099	11.531	324	18
1525598067	20243	62.1	11.531	324	5
1525598067	20336	62.1	11.537	324	9
1525598067	20483	62.204	11.48	324	11
1525598067	20380	62.205	11.442	324	3
1525598067	20425	62.205	11.492	324	21
1525598067	20578	62.207	11.447	324	9
1525598067	20531	62.208	11.492	324	5
1525598067	20633	62.228	11.43	325	5
1525598068	19908	61.941	11.812	325	9
1525598068	19949	61.941	11.863	325	5
1525598068	19989	61.941	11.818	325	3
1525598068	20072	61.942	11.729	325	8
1525598068	20028	61.942	11.768	325	12
1525598068	20119	61.942	11.768	325	12
1525598068	20165	61.942	11.729	325	5
1525598068	20251	61.942	11.729	325	11
1525598068	20299	61.942	11.774	325	9
1525598068	20210	61.942	11.774	325	11
1525598068	20388	61.955	11.774	325	5
1525598068	20344	61.955	11.774	325	16
1525598068	20436	62.046	11.774	325	15
1525598068	20493	62.06	11.774	325	5
1525598068	20540	62.061	11.869	325	13
1525598068	20640	62.078	11.907	326	5
1525598068	20590	62.063	11.863	325	7
1525598069	19956	62.201	11.263	326	12
1525598069	19996	62.201	11.257	326	12
1525598069	19916	62.201	11.302	326	13
1525598069	20037	62.202	11.302	326	15
1525598069	20080	62.202	11.307	326	15
1525598069	20125	62.202	11.263	326	16
1525598069	20174	62.202	11.302	326	14
1525598069	20260	62.202	11.307	326	11
1525598069	20217	62.202	11.307	326	8
1525598069	20310	62.202	11.358	326	14
1525598069	20397	62.205	11.397	326	5
1525598069	20351	62.204	11.313	326	3
1525598069	20446	62.305	11.453	326	5
1525598069	20502	62.309	11.459	326	10
1525598069	20553	62.314	11.447	326	8
1525598069	20603	62.314	11.403	326	9
1525598069	20648	62.347	11.385	327	7
1525598070	19924	62.057	11.99	327	12
1525598070	20045	62.057	12.022	327	11
1525598070	19884	62.057	11.978	327	5
1525598070	19964	62.057	11.94	327	5
1525598070	20005	62.057	11.94	327	13
1525598070	20090	62.057	11.984	327	18
1525598070	20135	62.057	11.984	327	9
1525598070	20227	62.057	12.022	327	8
1525598070	20182	62.057	12.028	327	9
1525598070	20272	62.057	11.99	327	7
1525598070	20319	62.057	11.99	327	7
1525598070	20358	62.057	11.99	327	15
1525598070	20404	62.057	12.028	327	9
1525598070	20511	62.159	11.895	327	7
1525598070	20453	62.159	11.744	327	7
1525598070	20560	62.159	11.744	327	3
1525598070	20659	62.166	11.827	328	7
1525598070	20613	62.164	11.827	327	13
1525598071	19932	62.404	11.29	328	5
1525598071	19892	62.404	11.285	328	4
1525598071	19972	62.404	11.29	328	8
1525598071	20013	62.404	11.201	328	8
1525598071	20056	62.404	11.19	328	8
1525598071	20193	62.404	11.234	328	15
1525598071	20142	62.404	11.195	328	3
1525598071	20098	62.404	11.145	328	13
1525598071	20236	62.404	11.19	328	11
1525598071	20279	62.406	11.195	328	18
1525598071	20330	62.407	11.285	328	5
1525598071	20465	62.407	11.19	328	7
1525598071	20520	62.511	11.234	328	15
1525598071	20416	62.513	11.24	328	12
1525598071	20366	62.513	11.24	328	5
1525598071	20570	62.513	11.246	328	7
1525598071	20673	62.519	11.374	329	9
1525598071	20625	62.515	11.335	328	3
1525598072	19899	62.143	12.04	329	13
1525598072	19981	62.143	12.04	329	3
1525598072	19938	62.143	12.091	329	21
1525598072	20020	62.143	12.034	329	10
1525598072	20064	62.143	12.079	329	5
1525598072	20110	62.143	12.079	329	3
1525598072	20153	62.143	12.079	329	3
1525598072	20201	62.143	12.079	329	9
1525598072	20289	62.143	12.04	329	18
1525598072	20243	62.143	12.046	329	5
1525598072	20336	62.143	12.04	329	9
1525598072	20425	62.252	11.996	329	21
1525598072	20380	62.252	12.04	329	5
1525598072	20483	62.249	12.04	329	11
1525598072	20578	62.252	12.123	329	10
1525598072	20531	62.252	12.085	329	5
1525598072	20681	62.26	12.173	329	7
1525598072	20633	62.261	12.129	329	5
1525598073	19908	62.497	11.865	330	8
1525598073	19949	62.497	11.859	330	5
1525598073	19989	62.497	11.815	330	3
1525598073	20072	62.497	11.948	330	8
1525598073	20119	62.497	11.91	330	13
1525598073	20028	62.497	11.91	330	15
1525598073	20165	62.497	11.904	330	5
1525598073	20251	62.499	11.91	330	11
1525598073	20299	62.499	11.954	330	9
1525598073	20210	62.499	11.954	330	11
1525598073	20388	62.499	11.998	330	5
1525598073	20493	62.599	12.004	330	5
1525598073	20344	62.499	11.998	330	16
1525598073	20436	62.499	11.954	330	15
1525598073	20540	62.605	12.004	330	17
1525598073	20590	62.608	12.104	330	9
1525598073	20640	62.611	12.149	330	5
1525598073	20692	62.611	12.187	330	10
1525598074	19996	62.233	12.481	331	14
1525598074	19956	62.233	12.525	331	13
1525598074	19916	62.233	12.525	331	13
1525598074	20037	62.233	12.481	331	15
1525598074	20080	62.233	12.563	331	17
1525598074	20125	62.233	12.475	331	16
1525598074	20174	62.233	12.487	331	14
1525598074	20217	62.233	12.475	331	9
1525598074	20260	62.233	12.481	331	11
1525598074	20310	62.233	12.431	331	14
1525598074	20397	62.233	12.38	331	5
1525598074	20351	62.233	12.475	331	3
1525598074	20502	62.269	12.286	331	10
1525598074	20446	62.336	12.374	331	5
1525598074	20553	62.336	12.387	331	8
1525598074	20603	62.336	12.387	331	9
1525598074	20648	62.338	12.336	331	7
1525598074	20701	62.338	12.336	331	5
1525598075	19924	62.577	11.895	332	12
1525598075	20045	62.577	11.946	332	11
1525598075	19884	62.577	11.901	332	4
1525598075	19964	62.577	12.072	332	5
1525598075	20005	62.577	11.94	332	13
1525598075	20090	62.577	11.946	332	18
1525598075	20135	62.577	11.984	332	9
1525598075	20227	62.577	11.996	332	9
1525598075	20182	62.577	11.996	332	9
1525598075	20272	62.579	11.984	332	8
1525598075	20319	62.579	11.996	332	8
1525598075	20358	62.579	11.996	332	15
1525598075	20404	62.579	11.946	332	9
1525598075	20511	62.682	12.034	332	7
1525598075	20453	62.686	12.135	332	7
1525598075	20560	62.688	12.141	332	3
1525598075	20613	62.688	12.191	332	13
1525598075	20659	62.689	12.191	332	7
1525598075	20709	62.693	12.356	332	10
1525598076	19932	62.31	12.664	333	5
1525598076	19972	62.31	12.664	333	10
1525598076	19892	62.31	12.752	333	3
1525598076	20013	62.31	12.752	333	8
1525598076	20142	62.31	12.708	333	5
1525598076	20056	62.31	12.702	333	8
1525598076	20236	62.31	12.758	333	11
1525598076	20098	62.31	12.752	333	13
1525598076	20193	62.31	12.67	333	17
1525598076	20279	62.31	12.758	333	20
1525598076	20330	62.31	12.771	333	5
1525598076	20465	62.406	12.815	333	7
1525598076	20520	62.413	12.771	333	17
1525598076	20366	62.413	12.765	333	5
1525598076	20416	62.413	12.765	333	12
1525598076	20570	62.414	12.714	333	7
1525598076	20625	62.416	12.67	333	3
1525598076	20673	62.416	12.67	333	10
1525598076	20719	62.526	12.506	333	3
1525598077	19899	62.653	12.184	334	14
1525598077	19938	62.653	12.178	334	21
1525598077	19981	62.653	12.184	334	3
1525598077	20020	62.653	12.184	334	10
1525598077	20064	62.678	12.14	334	5
1525598077	20110	62.678	12.19	334	3
1525598077	20153	62.678	12.184	334	3
1525598077	20201	62.678	12.184	334	9
1525598077	20243	62.678	12.127	334	5
1525598077	20289	62.678	12.127	334	20
1525598077	20336	62.68	12.178	334	9
1525598077	20483	62.783	12.184	334	13
1525598077	20380	62.784	12.228	334	5
1525598077	20425	62.783	12.178	334	23
1525598077	20578	62.784	12.196	334	11
1525598077	20531	62.784	12.285	334	5
1525598077	20681	62.784	12.291	334	7
1525598077	20633	62.787	12.298	334	5
1525598077	20735	62.896	12.336	334	9
1525598078	19908	62.518	13.017	335	7
1525598078	19949	62.518	13.017	335	4
1525598078	19989	62.518	13.017	335	3
1525598078	20072	62.518	12.923	335	10
1525598078	20119	62.518	12.929	335	13
1525598078	20165	62.518	12.973	335	5
1525598078	20028	62.518	12.923	335	15
1525598078	20251	62.518	13.017	335	11
1525598078	20299	62.518	12.98	335	9
1525598078	20210	62.518	12.98	335	11
1525598078	20344	62.518	12.986	335	16
1525598078	20388	62.518	12.98	335	5
1525598078	20436	62.621	13.068	335	17
1525598078	20493	62.621	13.024	335	5
1525598078	20540	62.622	12.929	335	17
1525598078	20590	62.622	12.872	335	9
1525598078	20640	62.624	12.74	335	5
1525598078	20692	62.625	12.734	335	13
1525598078	20744	62.736	12.765	335	5
1525598079	19916	62.866	12.67	336	12
1525598079	19956	62.866	12.714	336	12
1525598079	19996	62.866	12.714	336	14
1525598079	20080	62.866	12.721	336	17
1525598079	20037	62.866	12.802	336	15
1525598079	20125	62.866	12.853	336	17
1525598079	20174	62.866	12.752	336	14
1525598079	20217	62.866	12.758	336	9
1525598079	20260	62.866	12.758	336	11
1525598079	20310	62.866	12.802	336	14
1525598079	20351	62.866	12.802	336	3
1525598079	20397	62.866	12.859	336	5
1525598079	20446	62.971	12.859	336	5
1525598079	20502	62.971	12.947	336	10
1525598079	20553	62.971	12.941	336	8
1525598079	20603	62.971	12.941	336	9
1525598079	20701	62.974	12.941	336	5
1525598079	20648	62.974	12.934	336	7
1525598079	20754	63.097	12.928	337	10
1525598080	19924	62.496	13.623	337	11
1525598080	19884	62.496	13.623	337	4
1525598080	20045	62.496	13.535	337	12
1525598080	19964	62.496	13.492	337	5
1525598080	20005	62.496	13.629	337	14
1525598080	20090	62.496	13.623	337	19
1525598080	20135	62.496	13.579	337	10
1525598080	20182	62.498	13.579	337	9
1525598080	20227	62.498	13.579	337	12
1525598080	20272	62.498	13.666	337	11
1525598080	20319	62.499	13.659	337	8
1525598080	20358	62.499	13.652	337	15
1525598080	20404	62.499	13.666	337	9
1525598080	20511	62.603	13.623	337	7
1525598080	20453	62.603	13.529	337	9
1525598080	20560	62.603	13.522	337	3
1525598080	20613	62.606	13.333	337	13
1525598080	20659	62.606	13.37	337	7
1525598080	20709	62.62	13.276	337	11
1525598080	20764	62.743	13.219	337	5
1525598081	19892	62.865	12.91	337	3
1525598081	19932	62.865	12.903	337	3
1525598081	20013	62.865	12.903	337	8
1525598081	19972	62.865	12.947	337	11
1525598081	20056	62.865	12.96	337	8
1525598081	20142	62.865	12.916	337	5
1525598081	20098	62.865	12.916	337	13
1525598081	20193	62.865	12.91	337	17
1525598081	20236	62.865	12.866	337	11
1525598081	20279	62.865	12.815	337	20
1525598081	20330	62.867	12.714	337	7
1525598081	20465	62.968	12.809	337	9
1525598081	20520	62.97	12.765	337	17
1525598081	20366	62.97	12.859	337	5
1525598081	20416	62.97	12.859	337	12
1525598081	20570	62.97	12.916	337	8
1525598081	20625	62.97	13.011	337	3
1525598081	20673	62.973	13.017	337	11
1525598081	20773	63.103	13.162	337	9
1525598081	20719	63.027	13.118	337	3
1525598082	19899	62.711	13.263	337	14
1525598082	19981	62.711	13.3	337	3
1525598082	19938	62.711	13.263	337	19
1525598082	20020	62.711	13.263	337	10
1525598082	20064	62.711	13.263	337	5
1525598082	20153	62.711	13.263	337	3
1525598082	20110	62.711	13.219	337	3
1525598082	20201	62.711	13.269	337	9
1525598082	20289	62.711	13.32	337	20
1525598082	20243	62.711	13.32	337	5
1525598082	20336	62.711	13.32	337	9
1525598082	20483	62.811	13.313	337	15
1525598082	20380	62.811	13.226	337	5
1525598082	20425	62.811	13.32	337	23
1525598082	20578	62.811	13.219	337	14
1525598082	20531	62.811	13.169	337	5
1525598082	20681	62.811	13.068	337	7
1525598082	20633	62.812	13.068	337	5
1525598082	20735	62.918	13.068	337	9
1525598082	20785	62.924	12.997	337	7
1525598083	19908	62.634	12.841	337	7
1525598083	19949	62.634	12.841	337	3
1525598083	19989	62.634	12.885	337	2
1525598083	20028	62.634	12.841	337	15
1525598083	20119	62.634	12.841	337	13
1525598083	20072	62.634	12.848	337	10
1525598083	20165	62.634	12.892	337	7
1525598083	20251	62.634	12.841	337	11
1525598083	20299	62.634	12.835	337	11
1525598083	20210	62.634	12.835	337	12
1525598083	20388	62.634	12.828	337	5
1525598083	20436	62.634	12.702	337	17
1525598083	20344	62.634	12.828	337	17
1525598083	20493	62.666	12.784	337	7
1525598083	20540	62.736	12.885	337	17
1525598083	20590	62.736	12.841	337	9
1525598083	20640	62.736	12.929	337	5
1525598083	20692	62.736	12.923	337	13
1525598083	20744	62.846	12.797	337	5
1525598083	20795	62.85	12.872	337	9
1525598084	19996	62.967	12.481	337	16
1525598084	19956	62.967	12.481	337	11
1525598084	19916	62.967	12.525	337	14
1525598084	20037	62.967	12.481	337	15
1525598084	20080	62.967	12.481	337	17
1525598084	20125	62.967	12.393	337	17
1525598084	20174	62.967	12.437	337	15
1525598084	20260	62.967	12.475	337	11
1525598084	20217	62.967	12.475	337	11
1525598084	20310	62.967	12.386	337	14
1525598084	20351	62.967	12.437	337	3
1525598084	20397	62.967	12.386	337	5
1525598084	20446	62.967	12.386	337	5
1525598084	20502	63.039	12.386	337	11
1525598084	20553	63.071	12.348	337	8
1525598084	20603	63.071	12.393	337	9
1525598084	20701	63.071	12.494	337	5
1525598084	20648	63.073	12.544	337	7
1525598084	20754	63.173	12.481	337	13
1525598084	20802	63.179	12.519	337	10
1525598085	19884	62.788	12.254	337	4
1525598085	19924	62.788	12.26	337	11
1525598085	20045	62.788	12.254	337	12
1525598085	19964	62.788	12.254	337	3
1525598085	20090	62.791	12.254	337	19
1525598085	20005	62.791	12.204	337	16
1525598085	20135	62.791	12.26	337	10
1525598085	20227	62.791	12.254	337	12
1525598085	20182	62.791	12.254	337	9
1525598085	20272	62.792	12.21	337	12
1525598085	20319	62.792	12.21	337	8
1525598085	20358	62.792	12.216	337	15
1525598085	20404	62.792	12.21	337	9
1525598085	20511	62.886	12.254	337	9
1525598085	20453	62.886	12.254	337	9
1525598085	20560	62.886	12.254	337	3
1525598085	20613	62.886	12.26	337	14
1525598085	20659	62.888	12.26	337	8
1525598085	20709	62.98	12.254	337	11
1525598085	20764	62.995	12.166	337	7
1525598086	19972	62.699	12.802	337	10
1525598086	19892	62.699	12.802	337	3
1525598086	19932	62.699	12.846	337	3
1525598086	20013	62.699	12.765	337	7
1525598086	20056	62.699	12.809	337	8
1525598086	20142	62.699	12.802	337	5
1525598086	20098	62.699	12.846	337	13
1525598086	20236	62.699	12.802	337	11
1525598086	20193	62.699	12.809	337	17
1525598086	20279	62.699	12.802	337	20
1525598086	20330	62.699	12.853	337	7
1525598086	20465	62.699	12.758	337	9
1525598086	20366	62.798	12.758	337	5
1525598086	20416	62.798	12.758	337	12
1525598086	20520	62.798	12.802	337	17
1525598086	20570	62.798	12.708	337	8
1525598086	20625	62.8	12.658	337	3
1525598086	20673	62.8	12.645	337	14
1525598086	20719	62.903	12.594	337	3
1525598086	20773	62.906	12.544	337	9
1525598087	19938	63.02	12.242	337	19
1525598087	19899	63.02	12.242	337	14
1525598087	19981	63.02	12.292	337	1
1525598087	20020	63.02	12.33	337	9
1525598087	20064	63.02	12.38	337	5
1525598087	20110	63.02	12.38	337	3
1525598087	20153	63.02	12.387	337	3
1525598087	20201	63.02	12.38	337	9
1525598087	20289	63.02	12.38	337	20
1525598087	20243	63.02	12.374	337	5
1525598087	20336	63.02	12.33	337	9
1525598087	20483	63.02	12.242	337	15
1525598087	20425	63.023	12.324	337	23
1525598087	20380	63.117	12.33	337	5
1525598087	20531	63.126	12.387	337	5
1525598087	20578	63.126	12.38	337	14
1525598087	20633	63.131	12.626	337	5
1525598087	20681	63.131	12.582	337	8
1525598087	20735	63.131	12.582	337	9
1525598087	20785	63.235	12.682	337	7
1525598088	19949	62.848	12.626	337	3
1525598088	19908	62.848	12.67	337	7
1525598088	19989	62.848	12.626	337	1
1525598088	20072	62.848	12.714	337	10
1525598088	20028	62.848	12.72	337	16
1525598088	20119	62.848	12.67	337	13
1525598088	20165	62.848	12.626	337	7
1525598088	20251	62.848	12.626	337	11
1525598088	20299	62.848	12.67	337	11
1525598088	20210	62.848	12.626	337	14
1525598088	20388	62.848	12.632	337	5
1525598088	20344	62.848	12.626	337	17
1525598088	20493	62.848	12.676	337	7
1525598088	20436	62.848	12.714	337	17
1525598088	20540	62.949	12.575	337	17
1525598088	20590	62.949	12.619	337	9
1525598088	20640	62.949	12.575	337	5
1525598088	20692	62.949	12.582	337	13
1525598088	20744	63.054	12.663	337	5
1525598088	20795	63.055	12.575	337	9
1525598089	19916	63.193	12.72	337	14
1525598089	19996	63.193	12.726	337	14
1525598089	19956	63.193	12.72	337	11
1525598089	20037	63.193	12.682	337	14
1525598089	20080	63.193	12.676	337	17
1525598089	20174	63.193	12.77	337	15
1525598089	20125	63.193	12.764	337	17
1525598089	20217	63.194	12.689	337	11
1525598089	20260	63.193	12.682	337	11
1525598089	20310	63.194	12.821	337	15
1525598089	20351	63.194	12.726	337	3
1525598089	20397	63.194	12.77	337	5
1525598089	20446	63.301	12.77	337	5
1525598089	20502	63.301	12.77	337	11
1525598089	20553	63.302	12.726	337	8
1525598089	20603	63.302	12.72	337	10
1525598089	20701	63.304	12.663	337	5
1525598089	20648	63.304	12.619	337	7
1525598089	20802	63.411	12.638	337	11
1525598089	20754	63.411	12.632	337	13
1525598090	19924	62.812	12.921	337	11
1525598090	19884	62.812	12.928	337	4
1525598090	20045	62.812	12.928	337	12
1525598090	19964	62.812	12.928	337	3
1525598090	20005	62.812	12.928	337	15
1525598090	20090	62.812	12.884	337	20
1525598090	20135	62.812	12.928	337	10
1525598090	20227	62.812	12.934	337	12
1525598090	20182	62.812	12.928	337	9
1525598090	20272	62.812	12.89	337	12
1525598090	20319	62.812	13.028	337	8
1525598090	20358	62.812	13.028	337	15
1525598090	20404	62.812	12.984	337	9
1525598090	20511	62.915	13.028	337	9
1525598090	20453	62.918	13.022	337	9
1525598090	20560	62.918	13.028	337	3
1525598090	20613	62.919	13.065	337	14
1525598090	20659	62.919	13.065	337	8
1525598090	20709	63.019	13.078	337	11
1525598090	20764	63.028	13.116	337	7
1525598091	19892	63.138	12.374	337	3
1525598091	19932	63.138	12.38	337	3
1525598091	20013	63.138	12.5	337	6
1525598091	19972	63.138	12.418	337	10
1525598091	20056	63.138	12.368	337	7
1525598091	20142	63.14	12.412	337	5
1525598091	20193	63.14	12.412	337	17
1525598091	20098	63.14	12.368	337	13
1525598091	20236	63.14	12.418	337	11
1525598091	20279	63.141	12.462	337	20
1525598091	20330	63.143	12.462	337	7
1525598091	20465	63.246	12.513	337	9
1525598091	20520	63.249	12.513	337	17
1525598091	20366	63.25	12.55	337	5
1525598091	20416	63.25	12.462	337	12
1525598091	20570	63.25	12.469	337	8
1525598091	20625	63.25	12.607	337	3
1525598091	20673	63.25	12.569	337	16
1525598091	20719	63.284	12.619	337	3
1525598091	20773	63.353	12.663	337	9
1525598092	19899	62.95	13.19	337	14
1525598092	19981	62.95	13.146	337	1
1525598092	19938	62.95	13.153	337	19
1525598092	20020	62.95	13.102	337	8
1525598092	20110	62.951	13.046	337	3
1525598092	20064	62.951	13.046	337	4
1525598092	20153	62.951	13.046	337	3
1525598092	20201	62.951	13.089	337	9
1525598092	20289	62.951	13.096	337	20
1525598092	20243	62.951	13.096	337	5
1525598092	20336	62.951	13.139	337	9
1525598092	20425	63.053	13.146	337	23
1525598092	20380	63.053	13.19	337	5
1525598092	20483	63.053	13.19	337	15
1525598092	20578	63.066	13.089	337	14
1525598092	20531	63.066	13.089	337	5
1525598092	20681	63.066	12.982	337	9
1525598092	20633	63.066	12.939	337	5
1525598092	20735	63.172	12.889	337	10
1525598092	20785	63.172	12.839	337	7
1525598093	19949	63.282	12.129	337	3
1525598093	19989	63.282	12.079	337	1
1525598093	19908	63.282	12.129	337	7
1525598093	20028	63.282	12.079	337	16
1525598093	20119	63.282	12.123	337	13
1525598093	20072	63.282	12.079	337	9
1525598093	20165	63.282	12.123	337	7
1525598093	20251	63.282	12.123	337	11
1525598093	20299	63.284	12.079	337	11
1525598093	20388	63.284	12.123	337	5
1525598093	20210	63.284	12.173	337	14
1525598093	20436	63.284	12.079	337	17
1525598093	20344	63.284	12.123	337	17
1525598093	20493	63.385	12.079	337	7
1525598093	20540	63.387	12.123	337	17
1525598093	20590	63.387	12.085	337	9
1525598093	20640	63.388	12.079	337	5
1525598093	20692	63.388	12.079	337	13
1525598093	20744	63.492	12.034	337	5
1525598093	20795	63.495	12.173	337	9
1525598094	19916	62.882	12.682	337	14
1525598094	19956	62.882	12.682	337	11
1525598094	19996	62.882	12.764	337	14
1525598094	20037	62.882	12.676	337	13
1525598094	20080	62.882	12.726	337	16
1525598094	20125	62.884	12.638	337	17
1525598094	20174	62.884	12.689	337	15
1525598094	20260	62.884	12.689	337	11
1525598094	20217	62.884	12.682	337	11
1525598094	20310	62.884	12.682	337	15
1525598094	20351	62.884	12.682	337	3
1525598094	20397	62.885	12.638	337	5
1525598094	20502	62.987	12.645	337	11
1525598094	20446	62.987	12.645	337	5
1525598094	20553	62.987	12.638	337	8
1525598094	20603	62.987	12.645	337	10
1525598094	20648	62.988	12.601	337	7
1525598094	20701	62.988	12.601	337	5
1525598094	20754	63.09	12.343	337	13
1525598094	20802	63.09	12.343	337	11
1525598095	19884	62.891	12.739	337	4
1525598095	19924	62.891	12.746	337	11
1525598095	19964	62.891	12.746	337	3
1525598095	20045	62.891	12.739	337	10
1525598095	20005	62.891	12.746	337	15
1525598095	20090	62.891	12.746	337	19
1525598095	20135	62.891	12.739	337	10
1525598095	20182	62.891	12.695	337	9
1525598095	20227	62.891	12.733	337	14
1525598095	20272	62.891	12.739	337	12
1525598095	20358	62.891	12.638	337	15
1525598095	20319	62.891	12.638	337	8
1525598095	20404	62.892	12.645	337	9
1525598095	20511	62.892	12.594	337	9
1525598095	20453	62.995	12.557	337	9
1525598095	20560	62.995	12.55	337	3
1525598095	20659	62.995	12.506	337	8
1525598095	20613	62.995	12.55	337	14
1525598095	20709	62.995	12.557	337	11
1525598095	20764	63.099	12.752	337	7
1525598096	19972	63.203	12.576	337	15
1525598096	19932	63.203	12.614	337	3
1525598096	19892	63.203	12.658	337	3
1525598096	20013	63.203	12.576	337	6
1525598096	20056	63.203	12.658	337	6
1525598096	20098	63.203	12.62	337	13
1525598096	20193	63.203	12.614	337	17
1525598096	20142	63.203	12.62	337	5
1525598096	20236	63.203	12.614	337	11
1525598096	20279	63.203	12.614	337	20
1525598096	20330	63.203	12.658	337	7
1525598096	20465	63.298	12.695	337	9
1525598096	20520	63.307	12.695	337	17
1525598096	20416	63.309	12.739	337	12
1525598096	20366	63.309	12.695	337	5
1525598096	20570	63.309	12.783	337	8
1525598096	20625	63.31	12.645	337	3
1525598096	20673	63.312	12.695	337	16
1525598096	20719	63.316	12.695	337	3
1525598096	20773	63.419	12.746	337	9
1525598097	19899	63.015	12.468	337	14
1525598097	19938	63.015	12.513	337	19
1525598097	19981	63.015	12.424	337	1
1525598097	20020	63.015	12.513	337	8
1525598097	20110	63.015	12.563	337	2
1525598097	20064	63.015	12.525	337	3
1525598097	20201	63.015	12.468	337	9
1525598097	20153	63.015	12.513	337	3
1525598097	20243	63.015	12.519	337	5
1525598097	20289	63.015	12.513	337	20
1525598097	20336	63.015	12.475	337	9
1525598097	20483	63.101	12.468	337	15
1525598097	20425	63.117	12.475	337	23
1525598097	20380	63.117	12.468	337	5
1525598097	20578	63.118	12.468	337	14
1525598097	20531	63.118	12.424	337	5
1525598097	20681	63.12	12.431	337	9
1525598097	20633	63.12	12.431	337	5
1525598097	20735	63.21	12.576	337	14
1525598097	20785	63.222	12.639	337	7
1525598098	19908	63.329	12.658	337	7
1525598098	19949	63.329	12.702	337	3
1525598098	19989	63.329	12.752	337	1
1525598098	20072	63.329	12.708	337	8
1525598098	20119	63.329	12.664	337	12
1525598098	20028	63.329	12.708	337	16
1525598098	20165	63.329	12.708	337	7
1525598098	20251	63.329	12.708	337	11
1525598098	20299	63.329	12.752	337	13
1525598098	20210	63.329	12.702	337	14
1525598098	20344	63.329	12.758	337	17
1525598098	20436	63.329	12.714	337	17
1525598098	20493	63.422	12.752	337	7
1525598098	20388	63.329	12.752	337	5
1525598098	20540	63.431	12.658	337	17
1525598098	20590	63.431	12.746	337	9
1525598098	20640	63.435	12.79	337	5
1525598098	20692	63.435	12.796	337	13
1525598098	20744	63.435	12.746	337	5
1525598098	20795	63.538	12.752	337	9
1525598099	19916	62.922	12.903	337	14
1525598099	19996	62.922	12.866	337	14
1525598099	19956	62.922	12.947	337	11
1525598099	20037	62.922	12.997	337	13
1525598099	20080	62.922	12.954	337	15
1525598099	20125	62.922	12.947	337	17
1525598099	20174	62.922	12.934	337	15
1525598099	20260	62.922	12.984	337	11
1525598099	20217	62.922	12.984	337	11
1525598099	20310	62.922	12.941	337	15
1525598099	20351	62.922	12.991	337	3
1525598099	20397	62.922	12.991	337	5
1525598099	20502	63.025	12.934	337	11
1525598099	20446	63.019	12.941	337	5
1525598099	20553	63.025	12.941	337	8
1525598099	20603	63.025	12.89	337	10
1525598099	20701	63.027	12.89	337	5
1525598099	20648	63.027	12.89	337	7
1525598099	20802	63.128	13.186	337	11
1525598099	20754	63.128	13.186	337	13
1525598100	19884	63.236	12.286	337	4
1525598100	19924	63.236	12.286	337	11
1525598100	19964	63.236	12.286	337	3
1525598100	20045	63.236	12.286	337	10
1525598100	20005	63.236	12.33	337	15
1525598100	20090	63.236	12.33	337	18
1525598100	20135	63.236	12.33	337	9
1525598100	20182	63.236	12.286	337	9
1525598100	20272	63.236	12.28	337	12
1525598100	20227	63.236	12.286	337	18
1525598100	20358	63.237	12.242	337	15
1525598100	20319	63.236	12.248	337	8
1525598100	20404	63.246	12.374	337	9
1525598100	20511	63.341	12.286	337	9
1525598100	20453	63.344	12.38	337	9
1525598100	20560	63.344	12.38	337	3
1525598100	20613	63.344	12.437	337	14
1525598100	20659	63.344	12.481	337	8
1525598100	20709	63.344	12.475	337	11
1525598100	20764	63.447	12.431	337	7
1525598101	19932	62.939	12.77	337	3
1525598101	19972	62.939	12.77	337	16
1525598101	19892	62.939	12.726	337	3
1525598101	20013	62.939	12.77	337	6
1525598101	20056	62.939	12.726	337	6
1525598101	20142	62.939	12.764	337	4
1525598101	20098	62.939	12.72	337	11
1525598101	20193	62.939	12.77	337	17
1525598101	20236	62.939	12.726	337	11
1525598101	20279	62.939	12.682	337	20
1525598101	20330	62.939	12.632	337	7
1525598101	20465	63.029	12.544	337	9
1525598101	20520	63.041	12.588	337	17
1525598101	20366	63.041	12.494	337	5
1525598101	20416	63.041	12.544	337	12
1525598101	20570	63.041	12.487	337	8
1525598101	20625	63.041	12.487	337	3
1525598101	20673	63.041	12.443	337	17
1525598101	20719	63.146	12.343	337	3
1525598101	20773	63.147	12.286	337	12
1525598102	19938	63.253	11.883	337	19
1525598102	19899	63.253	11.928	337	14
1525598102	20020	63.253	11.883	337	8
1525598102	19981	63.253	11.928	337	1
1525598102	20064	63.253	11.928	337	3
1525598102	20110	63.253	11.889	337	1
1525598102	20153	63.253	11.934	337	3
1525598102	20201	63.253	11.889	337	9
1525598102	20289	63.253	11.839	337	20
1525598102	20243	63.253	11.839	337	5
1525598102	20336	63.253	11.839	337	9
1525598102	20483	63.253	11.839	337	15
1525598102	20425	63.288	11.833	337	23
1525598102	20531	63.358	11.928	337	5
1525598102	20578	63.357	11.889	337	14
1525598102	20380	63.346	11.839	337	5
1525598102	20681	63.358	11.978	337	9
1525598102	20633	63.358	12.066	337	5
1525598102	20735	63.358	11.934	337	15
1525598102	20785	63.463	11.966	337	7
1525598103	19908	63.059	12.462	337	7
1525598103	19949	63.059	12.462	337	3
1525598103	19989	63.059	12.418	337	1
1525598103	20072	63.059	12.425	337	8
1525598103	20028	63.059	12.418	337	16
1525598103	20119	63.059	12.513	337	11
1525598103	20165	63.059	12.462	337	7
1525598103	20251	63.059	12.462	337	11
1525598103	20299	63.059	12.469	337	14
1525598103	20388	63.059	12.418	337	5
1525598103	20344	63.059	12.418	337	17
1525598103	20210	63.059	12.469	337	14
1525598103	20493	63.149	12.469	337	7
1525598103	20436	63.059	12.462	337	17
1525598103	20540	63.16	12.519	337	17
1525598103	20590	63.16	12.469	337	9
1525598103	20692	63.16	12.418	337	13
1525598103	20640	63.16	12.425	337	5
1525598103	20744	63.262	12.469	337	5
1525598103	20795	63.262	12.368	337	9
1525598104	19916	63.363	11.469	337	14
1525598104	19996	63.363	11.469	337	14
1525598104	19956	63.363	11.469	337	11
1525598104	20037	63.363	11.374	337	13
1525598104	20080	63.363	11.374	337	15
1525598104	20125	63.363	11.469	337	15
1525598104	20174	63.363	11.436	337	15
1525598104	20260	63.363	11.424	337	11
1525598104	20217	63.363	11.43	337	11
1525598104	20310	63.363	11.385	337	15
1525598104	20351	63.363	11.38	337	3
1525598104	20397	63.363	11.38	337	5
1525598104	20502	63.456	11.385	337	11
1525598104	20446	63.424	11.38	337	5
1525598104	20553	63.468	11.38	337	8
1525598104	20603	63.468	11.43	337	10
1525598104	20701	63.468	11.43	337	5
1525598104	20648	63.468	11.43	337	7
1525598104	20754	63.572	11.184	337	13
1525598104	20802	63.574	11.184	337	11
1525598105	19924	62.958	11.492	337	11
1525598105	19964	62.958	11.447	337	3
1525598105	19884	62.958	11.492	337	4
1525598105	20005	62.958	11.403	337	15
1525598105	20045	62.958	11.408	337	10
1525598105	20090	62.958	11.403	337	18
1525598105	20135	62.958	11.403	337	8
1525598105	20227	62.958	11.498	337	18
1525598105	20182	62.958	11.498	337	9
1525598105	20272	62.958	11.504	337	12
1525598105	20319	62.958	11.581	337	8
1525598105	20358	62.958	11.587	337	15
1525598105	20404	62.962	11.453	337	9
1525598105	20511	63.061	11.593	337	9
1525598105	20453	63.061	11.537	337	9
1525598105	20560	63.061	11.542	337	3
1525598105	20613	63.061	11.436	337	14
1525598105	20659	63.061	11.391	337	8
1525598105	20709	63.061	11.346	337	11
1525598105	20764	63.162	11.234	337	7
1525598106	19972	63.268	10.741	337	16
1525598106	19932	63.268	10.741	337	3
1525598106	19892	63.268	10.792	337	3
1525598106	20013	63.268	10.747	337	6
1525598106	20056	63.268	10.752	337	6
1525598106	20098	63.268	10.752	337	11
1525598106	20142	63.268	10.752	337	3
1525598106	20193	63.268	10.747	337	16
1525598106	20236	63.268	10.792	337	11
1525598106	20279	63.268	10.837	337	20
1525598106	20330	63.268	10.797	337	7
1525598106	20465	63.362	10.842	337	9
1525598106	20570	63.374	10.803	337	8
1525598106	20673	63.374	10.988	337	17
1525598106	20520	63.372	10.837	337	17
1525598106	20625	63.374	10.988	337	3
1525598106	20366	63.374	10.887	337	5
1525598106	20416	63.374	10.842	337	12
1525598106	20719	63.375	11.089	337	3
1525598106	20773	63.48	11.139	337	12
1525598107	19899	62.97	11.756	337	13
1525598107	19981	62.97	11.756	337	1
1525598107	19938	62.97	11.756	337	19
1525598107	20020	62.97	11.806	337	8
1525598107	20110	62.97	11.756	337	1
1525598107	20064	62.97	11.762	337	3
1525598107	20201	62.97	11.8	337	8
1525598107	20153	62.97	11.806	337	1
1525598107	20243	62.97	11.806	337	5
1525598107	20289	62.97	11.806	337	20
1525598107	20336	62.97	11.806	337	9
1525598107	20380	63.069	11.806	337	5
1525598107	20483	63.014	11.845	337	15
1525598107	20425	63.069	11.851	337	23
1525598107	20578	63.069	11.711	337	14
1525598107	20531	63.069	11.717	337	5
1525598107	20633	63.069	11.622	337	5
1525598107	20681	63.069	11.667	337	9
1525598107	20735	63.073	11.711	337	15
1525598107	20785	63.178	11.622	337	7
1525598108	19949	63.283	11.027	337	3
1525598108	19989	63.283	11.027	337	1
1525598108	19908	63.283	11.027	337	7
1525598108	20072	63.283	11.021	337	8
1525598108	20028	63.283	11.027	337	16
1525598108	20119	63.283	10.976	337	11
1525598108	20165	63.283	11.072	337	5
1525598108	20251	63.283	11.027	337	11
1525598108	20299	63.283	10.976	337	14
1525598108	20210	63.283	11.027	337	13
1525598108	20388	63.283	11.027	337	5
1525598108	20344	63.283	11.027	337	17
1525598108	20436	63.29	11.111	337	17
1525598108	20493	63.385	11.066	337	7
1525598108	20540	63.39	11.122	337	17
1525598108	20590	63.39	11.134	337	9
1525598108	20640	63.39	11.229	337	5
1525598108	20692	63.39	11.229	337	13
1525598108	20744	63.494	11.285	337	5
1525598108	20795	63.494	11.426	337	9
1525598109	19916	62.985	11.925	337	14
1525598109	19996	62.985	11.925	337	14
1525598109	20037	62.985	11.976	337	13
1525598109	19956	62.985	11.925	337	9
1525598109	20080	62.985	11.97	337	15
1525598109	20125	62.985	11.97	337	15
1525598109	20174	62.985	11.964	337	13
1525598109	20217	62.985	11.925	337	10
1525598109	20260	62.985	11.931	337	11
1525598109	20310	62.985	12.014	337	15
1525598109	20351	62.985	11.964	337	3
1525598109	20397	62.985	11.97	337	5
1525598109	20446	63.085	12.02	337	5
1525598109	20502	63.085	12.02	337	11
1525598109	20553	63.085	12.065	337	8
1525598109	20603	63.085	12.014	337	10
1525598109	20648	63.086	12.014	337	7
1525598109	20701	63.085	12.02	337	5
1525598109	20754	63.193	11.964	337	13
1525598109	20802	63.193	11.964	337	11
1525598110	19924	63.299	11.661	337	10
1525598110	19884	63.299	11.667	337	4
1525598110	20045	63.299	11.794	337	9
1525598110	19964	63.299	11.75	337	3
1525598110	20005	63.299	11.75	337	15
1525598110	20090	63.299	11.75	337	15
1525598110	20135	63.299	11.756	337	8
1525598110	20182	63.299	11.699	337	7
1525598110	20227	63.299	11.655	337	18
1525598110	20272	63.299	11.699	337	12
1525598110	20319	63.299	11.616	337	8
1525598110	20358	63.299	11.61	337	15
1525598110	20404	63.407	11.688	337	9
1525598110	20511	63.407	11.56	337	9
1525598110	20560	63.408	11.61	337	3
1525598110	20453	63.408	11.61	337	9
1525598110	20659	63.408	11.762	337	8
1525598110	20613	63.408	11.717	337	14
1525598110	20709	63.408	11.806	337	11
1525598110	20764	63.512	11.869	337	7
1525598111	19892	63.002	12.456	337	3
1525598111	19932	63.002	12.5	337	3
1525598111	19972	63.002	12.538	337	16
1525598111	20013	63.002	12.45	337	6
1525598111	20056	63.002	12.487	337	5
1525598111	20098	63.002	12.494	337	11
1525598111	20142	63.002	12.443	337	3
1525598111	20193	63.002	12.45	337	15
1525598111	20236	63.002	12.45	337	10
1525598111	20279	63.003	12.399	337	20
1525598111	20330	63.003	12.443	337	7
1525598111	20465	63.109	12.405	337	9
1525598111	20520	63.109	12.361	337	17
1525598111	20366	63.109	12.311	337	5
1525598111	20416	63.109	12.349	337	12
1525598111	20570	63.109	12.355	337	8
1525598111	20673	63.109	12.159	337	17
1525598111	20625	63.109	12.121	337	3
1525598111	20719	63.214	12.097	337	3
1525598111	20773	63.214	12.046	337	12
1525598112	19981	63.315	11.581	337	1
1525598112	19938	63.315	11.575	337	19
1525598112	20020	63.315	11.581	337	8
1525598112	19899	63.315	11.581	337	11
1525598112	20064	63.315	11.575	337	3
1525598112	20110	63.315	11.581	337	1
1525598112	20153	63.315	11.581	337	1
1525598112	20201	63.315	11.587	337	7
1525598112	20289	63.315	11.626	337	20
1525598112	20243	63.315	11.62	337	4
1525598112	20336	63.315	11.62	337	9
1525598112	20483	63.315	11.581	337	15
1525598112	20425	63.35	11.581	337	23
1525598112	20380	63.418	11.62	337	5
1525598112	20578	63.42	11.72	337	14
1525598112	20531	63.42	11.714	337	5
1525598112	20633	63.42	11.771	337	5
1525598112	20681	63.42	11.765	337	9
1525598112	20735	63.425	11.714	337	15
1525598112	20785	63.525	11.765	337	7
1525598113	19949	63.122	12.261	337	3
1525598113	19908	63.122	12.312	337	7
1525598113	19989	63.122	12.312	337	1
1525598113	20072	63.122	12.356	337	7
1525598113	20028	63.122	12.356	337	15
1525598113	20119	63.122	12.356	337	11
1525598113	20165	63.122	12.267	337	5
1525598113	20251	63.122	12.305	337	10
1525598113	20299	63.122	12.305	337	14
1525598113	20210	63.122	12.217	337	12
1525598113	20344	63.122	12.261	337	17
1525598113	20388	63.122	12.267	337	5
1525598113	20436	63.122	12.179	337	17
1525598113	20493	63.216	12.217	337	7
1525598113	20540	63.222	12.161	337	17
1525598113	20590	63.222	12.104	337	9
1525598113	20640	63.222	12.01	337	5
1525598113	20692	63.222	12.016	337	13
1525598113	20744	63.309	12.004	337	5
1525598113	20795	63.316	11.91	337	9
1525598114	19916	63.419	11.362	337	14
1525598114	19956	63.419	11.318	337	8
1525598114	19996	63.419	11.401	337	14
1525598114	20037	63.418	11.362	337	13
1525598114	20080	63.419	11.413	337	15
1525598114	20125	63.419	11.324	337	15
1525598114	20174	63.419	11.324	337	13
1525598114	20217	63.419	11.324	337	9
1525598114	20260	63.419	11.318	337	10
1525598114	20310	63.419	11.229	337	15
1525598114	20351	63.419	11.279	337	3
1525598114	20397	63.419	11.318	337	5
1525598114	20446	63.419	11.223	337	5
1525598114	20502	63.514	11.262	337	11
1525598114	20603	63.523	11.178	337	10
1525598114	20553	63.523	11.178	337	8
1525598114	20701	63.523	11.223	337	5
1525598114	20648	63.523	11.229	337	7
1525598114	20802	63.628	11.229	337	11
1525598114	20754	63.626	11.229	337	13
1525598115	19924	63.014	11.753	337	10
1525598115	19884	63.014	11.753	337	4
1525598115	19964	63.014	11.709	337	3
1525598115	20045	63.014	11.709	337	8
1525598115	20005	63.014	11.709	337	15
1525598115	20090	63.014	11.709	337	14
1525598115	20135	63.014	11.753	337	8
1525598115	20227	63.014	11.759	337	16
1525598115	20182	63.014	11.759	337	7
1525598115	20272	63.014	11.759	337	12
1525598115	20319	63.014	11.803	337	8
1525598115	20358	63.014	11.809	337	15
1525598115	20404	63.014	11.726	337	9
1525598115	20511	63.117	11.853	337	9
1525598115	20453	63.117	11.759	337	9
1525598115	20560	63.117	11.759	337	3
1525598115	20613	63.117	11.652	337	14
1525598115	20659	63.117	11.608	337	8
1525598115	20709	63.221	11.602	337	11
1525598115	20764	63.221	11.452	337	7
1525598116	19892	63.326	10.921	337	3
1525598116	19932	63.326	10.921	337	3
1525598116	20013	63.326	10.921	337	6
1525598116	19972	63.326	10.926	337	16
1525598116	20056	63.326	10.926	337	5
1525598116	20098	63.326	10.921	337	11
1525598116	20142	63.326	10.926	337	3
1525598116	20193	63.326	10.921	337	15
1525598116	20236	63.328	10.921	337	9
1525598116	20279	63.328	10.977	337	19
1525598116	20465	63.43	10.971	337	9
1525598116	20330	63.328	10.971	337	7
1525598116	20416	63.431	11.078	337	12
1525598116	20520	63.431	11.022	337	17
1525598116	20366	63.431	11.078	337	5
1525598116	20570	63.431	11.117	337	8
1525598116	20625	63.431	11.217	337	3
1525598116	20673	63.431	11.223	337	17
1525598116	20719	63.534	11.285	337	3
1525598116	20773	63.536	11.335	337	12
1525598117	19899	63.024	11.626	337	11
1525598117	19981	63.024	11.631	337	1
1525598117	19938	63.024	11.631	337	19
1525598117	20020	63.024	11.626	337	8
1525598117	20110	63.024	11.62	337	1
1525598117	20064	63.024	11.581	337	3
1525598117	20153	63.026	11.531	337	1
1525598117	20201	63.026	11.575	337	7
1525598117	20289	63.027	11.486	337	20
1525598117	20243	63.027	11.492	337	3
1525598117	20336	63.027	11.447	337	9
1525598117	20483	63.124	11.492	337	15
1525598117	20425	63.13	11.486	337	23
1525598117	20380	63.13	11.447	337	5
1525598117	20578	63.13	11.385	337	14
1525598117	20531	63.13	11.385	337	5
1525598117	20633	63.13	11.24	337	5
1525598117	20681	63.13	11.29	337	9
1525598117	20735	63.233	11.24	337	15
1525598117	20785	63.233	11.145	337	7
1525598118	19908	63.342	10.792	337	7
1525598118	19989	63.343	10.792	337	1
1525598118	19949	63.343	10.797	337	3
1525598118	20028	63.343	10.747	337	15
1525598118	20072	63.343	10.747	337	7
1525598118	20119	63.343	10.747	337	11
1525598118	20165	63.344	10.747	337	5
1525598118	20251	63.344	10.707	337	9
1525598118	20299	63.344	10.797	337	13
1525598118	20210	63.344	10.837	337	12
1525598118	20388	63.344	10.792	337	5
1525598118	20344	63.344	10.797	337	17
1525598118	20436	63.344	10.792	337	17
1525598118	20493	63.446	10.752	337	7
1525598118	20540	63.452	10.803	337	17
1525598118	20590	63.452	10.904	337	9
1525598118	20640	63.452	10.999	337	5
1525598118	20692	63.452	10.999	337	13
1525598118	20744	63.452	11.005	337	5
1525598118	20795	63.556	11.049	337	9
1525598119	19996	63.146	11.476	337	14
1525598119	19956	63.146	11.56	337	8
1525598119	20037	63.146	11.465	337	13
1525598119	20080	63.146	11.42	337	15
1525598119	19916	63.146	11.56	337	14
1525598119	20125	63.146	11.509	337	13
1525598119	20174	63.146	11.509	337	13
1525598119	20260	63.146	11.515	337	9
1525598119	20217	63.146	11.509	337	9
1525598119	20310	63.146	11.56	337	14
1525598119	20351	63.147	11.515	337	3
1525598119	20397	63.147	11.515	337	5
1525598119	20446	63.243	11.566	337	5
1525598119	20502	63.249	11.521	337	11
1525598119	20553	63.249	11.61	337	8
1525598119	20603	63.249	11.655	337	10
1525598119	20648	63.249	11.56	337	7
1525598119	20701	63.249	11.56	337	5
1525598119	20754	63.352	11.56	337	13
1525598119	20802	63.352	11.56	337	11
1525598120	19924	63.458	10.87	337	10
1525598120	19884	63.458	10.87	337	4
1525598120	19964	63.458	10.824	337	3
1525598120	20005	63.458	10.87	337	14
1525598120	20090	63.458	10.87	337	14
1525598120	20045	63.458	10.824	337	8
1525598120	20135	63.458	10.819	337	8
1525598120	20182	63.458	10.819	337	7
1525598120	20227	63.458	10.819	337	16
1525598120	20272	63.458	10.819	337	10
1525598120	20319	63.458	10.729	337	7
1525598120	20404	63.458	10.774	337	9
1525598120	20453	63.558	10.976	337	9
1525598120	20358	63.458	10.729	337	15
1525598120	20560	63.561	10.976	337	3
1525598120	20511	63.558	10.96	337	9
1525598120	20613	63.563	11.179	337	14
1525598120	20659	63.563	11.223	337	8
1525598120	20709	63.563	11.134	337	11
1525598120	20764	63.669	11.223	337	7
1525598121	19972	63.054	11.824	337	16
1525598121	19932	63.054	11.869	337	3
1525598121	19892	63.054	11.863	337	3
1525598121	20013	63.054	11.875	337	6
1525598121	20056	63.055	11.824	337	5
1525598121	20142	63.055	11.913	337	3
1525598121	20098	63.055	11.875	337	11
1525598121	20193	63.055	11.919	337	15
1525598121	20236	63.055	11.869	337	9
1525598121	20279	63.055	11.863	337	18
1525598121	20330	63.055	11.869	337	7
1525598121	20465	63.157	11.863	337	9
1525598121	20520	63.158	11.768	337	17
1525598121	20366	63.158	11.717	337	5
1525598121	20416	63.158	11.717	337	12
1525598121	20570	63.158	11.717	337	8
1525598121	20625	63.16	11.622	337	3
1525598121	20673	63.16	11.616	337	17
1525598121	20719	63.259	11.56	337	3
1525598121	20773	63.259	11.509	337	12
1525598122	19899	63.362	11.066	337	11
1525598122	19981	63.362	11.1	337	1
1525598122	19938	63.362	11.061	337	19
1525598122	20020	63.362	11.01	337	7
1525598122	20110	63.362	11.055	337	1
1525598122	20064	63.362	11.1	337	3
1525598122	20201	63.362	11.1	337	6
1525598122	20153	63.362	11.145	337	1
1525598122	20289	63.362	11.055	337	18
1525598122	20243	63.362	11.055	337	3
1525598122	20336	63.362	11.145	337	8
1525598122	20425	63.465	11.061	337	23
1525598122	20380	63.467	11.145	337	5
1525598122	20578	63.468	11.156	337	14
1525598122	20531	63.468	11.162	337	5
1525598122	20483	63.461	11.1	337	15
1525598122	20681	63.468	11.302	337	9
1525598122	20633	63.468	11.352	337	5
1525598122	20735	63.468	11.358	337	15
1525598122	20785	63.573	11.403	337	7
1525598123	19908	63.058	11.901	337	7
1525598123	19949	63.058	11.907	337	3
1525598123	19989	63.058	11.857	337	1
1525598123	20072	63.058	11.857	337	7
1525598123	20119	63.058	11.857	337	11
1525598123	20028	63.058	11.857	337	15
1525598123	20165	63.058	11.907	337	5
1525598123	20251	63.058	11.952	337	9
1525598123	20299	63.058	11.863	337	12
1525598123	20210	63.058	11.863	337	11
1525598123	20388	63.058	11.863	337	5
1525598123	20344	63.058	11.857	337	16
1525598123	20436	63.058	11.907	337	17
1525598123	20493	63.152	11.952	337	7
1525598123	20540	63.159	11.907	337	17
1525598123	20590	63.159	11.851	337	9
1525598123	20640	63.159	11.75	337	5
1525598123	20692	63.159	11.75	337	13
1525598123	20744	63.262	11.699	337	5
1525598123	20795	63.264	11.655	337	9
1525598124	19916	63.37	11.195	337	14
1525598124	19996	63.37	11.285	337	14
1525598124	19956	63.37	11.24	337	8
1525598124	20037	63.37	11.296	337	13
1525598124	20080	63.37	11.296	337	15
1525598124	20125	63.37	11.335	337	13
1525598124	20174	63.37	11.296	337	11
1525598124	20217	63.37	11.335	337	9
1525598124	20260	63.37	11.335	337	9
1525598124	20310	63.37	11.335	337	13
1525598124	20351	63.37	11.335	337	2
1525598124	20397	63.37	11.335	337	5
1525598124	20446	63.47	11.285	337	5
1525598124	20502	63.473	11.29	337	11
1525598124	20553	63.475	11.341	337	8
1525598124	20603	63.475	11.296	337	10
1525598124	20701	63.475	11.442	337	5
1525598124	20648	63.475	11.442	337	7
1525598124	20802	63.58	11.587	337	11
1525598124	20754	63.58	11.587	337	13
1525598125	19884	63.068	12.211	337	4
1525598125	19924	63.068	12.217	337	10
1525598125	20005	63.068	12.217	337	14
1525598125	19964	63.068	12.261	337	3
1525598125	20045	63.068	12.261	337	8
1525598125	20090	63.068	12.211	337	14
1525598125	20135	63.068	12.223	337	8
1525598125	20182	63.068	12.261	337	7
1525598125	20227	63.068	12.305	337	16
1525598125	20272	63.068	12.173	337	10
1525598125	20358	63.068	12.305	337	14
1525598125	20319	63.068	12.305	337	6
1525598125	20404	63.158	12.267	337	9
1525598125	20511	63.163	12.04	337	9
1525598125	20453	63.163	12.06	337	9
1525598125	20560	63.163	12.06	337	3
1525598125	20613	63.163	11.859	337	14
1525598125	20659	63.163	11.859	337	8
1525598125	20709	63.264	11.865	337	11
1525598125	20764	63.267	11.821	337	7
1525598126	19972	63.371	11.161	337	16
1525598126	19932	63.371	11.161	337	3
1525598126	19892	63.371	11.167	337	3
1525598126	20013	63.371	11.156	337	6
1525598126	20056	63.371	11.206	337	5
1525598126	20098	63.371	11.245	337	11
1525598126	20193	63.371	11.2	337	15
1525598126	20142	63.371	11.2	337	3
1525598126	20236	63.371	11.206	337	9
1525598126	20279	63.371	11.161	337	18
1525598126	20330	63.371	11.156	337	5
1525598126	20465	63.474	11.156	337	9
1525598126	20366	63.475	11.256	337	5
1525598126	20520	63.474	11.161	337	17
1525598126	20416	63.475	11.256	337	12
1525598126	20570	63.477	11.256	337	8
1525598126	20625	63.477	11.307	337	3
1525598126	20673	63.477	11.351	337	17
1525598126	20719	63.477	11.362	337	3
1525598126	20773	63.585	11.419	337	12
1525598127	19981	63.069	11.815	337	1
1525598127	19899	63.069	11.815	337	11
1525598127	19938	63.069	11.815	337	19
1525598127	20020	63.069	11.821	337	7
1525598127	20110	63.069	11.782	337	1
1525598127	20064	63.069	11.777	337	3
1525598127	20153	63.069	11.732	337	1
1525598127	20201	63.069	11.777	337	6
1525598127	20243	63.069	11.865	337	3
1525598127	20289	63.069	11.865	337	18
1525598127	20336	63.069	11.821	337	7
1525598127	20483	63.091	11.91	337	15
1525598127	20380	63.172	11.865	337	5
1525598127	20425	63.172	11.904	337	23
1525598127	20531	63.172	11.948	337	5
1525598127	20578	63.172	11.904	337	14
1525598127	20681	63.172	11.803	337	9
1525598127	20633	63.172	11.797	337	5
1525598127	20735	63.241	11.841	337	15
1525598127	20785	63.272	11.942	337	7
1525598128	19908	63.381	11.34	337	7
1525598128	19989	63.381	11.434	337	1
1525598128	20072	63.381	11.429	337	7
1525598128	19949	63.381	11.378	337	3
1525598128	20028	63.381	11.429	337	15
1525598128	20119	63.381	11.434	337	11
1525598128	20165	63.381	11.378	337	5
1525598128	20251	63.381	11.34	337	9
1525598128	20299	63.381	11.378	337	12
1525598128	20210	63.381	11.378	337	11
1525598128	20388	63.381	11.378	337	4
1525598128	20344	63.381	11.378	337	15
1525598128	20436	63.381	11.378	337	17
1525598128	20493	63.39	11.29	337	7
1525598128	20540	63.487	11.378	337	17
1525598128	20590	63.488	11.384	337	9
1525598128	20640	63.488	11.49	337	5
1525598128	20692	63.488	11.484	337	13
1525598128	20744	63.488	11.49	337	5
1525598128	20795	63.591	11.54	337	9
1525598129	19916	63.077	11.853	337	14
1525598129	19996	63.077	11.809	337	14
1525598129	20037	63.077	11.847	337	13
1525598129	19956	63.077	11.853	337	8
1525598129	20080	63.077	11.847	337	15
1525598129	20125	63.077	11.803	337	13
1525598129	20174	63.077	11.841	337	10
1525598129	20260	63.077	11.797	337	9
1525598129	20217	63.077	11.797	337	9
1525598129	20310	63.077	11.797	337	12
1525598129	20351	63.077	11.753	337	1
1525598129	20397	63.077	11.753	337	4
1525598129	20446	63.079	11.797	337	5
1525598129	20502	63.182	11.841	337	11
1525598129	20603	63.182	11.703	337	10
1525598129	20553	63.182	11.703	337	8
1525598129	20648	63.182	11.691	337	7
1525598129	20701	63.182	11.647	337	5
1525598129	20802	63.283	11.703	337	11
1525598129	20754	63.283	11.703	337	13
1525598130	19884	63.389	11.117	337	4
1525598130	19924	63.389	11.156	337	10
1525598130	19964	63.389	11.117	337	3
1525598130	20045	63.389	11.156	337	8
1525598130	20005	63.389	11.111	337	14
1525598130	20090	63.389	11.161	337	14
1525598130	20135	63.389	11.111	337	8
1525598130	20227	63.391	11.066	337	16
1525598130	20182	63.391	11.111	337	7
1525598130	20272	63.391	11.156	337	9
1525598130	20319	63.391	11.066	337	6
1525598130	20358	63.391	11.066	337	13
1525598130	20404	63.391	11.061	337	8
1525598130	20511	63.391	11.111	337	9
1525598130	20453	63.492	11.223	337	9
1525598130	20560	63.495	11.307	337	3
1525598130	20613	63.497	11.324	337	14
1525598130	20659	63.497	11.368	337	8
1525598130	20709	63.497	11.413	337	11
1525598130	20764	63.601	11.519	337	7
1525598131	19932	63.088	12.173	337	3
1525598131	19892	63.088	12.173	337	3
1525598131	20013	63.088	12.129	337	6
1525598131	19972	63.088	12.173	337	16
1525598131	20056	63.088	12.173	337	5
1525598131	20142	63.088	12.135	337	3
1525598131	20098	63.088	12.091	337	11
1525598131	20236	63.088	12.179	337	9
1525598131	20193	63.088	12.135	337	15
1525598131	20279	63.09	12.173	337	18
1525598131	20330	63.09	12.179	337	5
1525598131	20465	63.185	12.135	337	9
1525598131	20520	63.191	12.179	337	17
1525598131	20366	63.191	12.04	337	3
1525598131	20416	63.191	12.04	337	12
1525598131	20570	63.191	12.079	337	8
1525598131	20673	63.191	11.934	337	17
1525598131	20625	63.191	11.978	337	3
1525598131	20719	63.294	11.984	337	3
1525598131	20773	63.294	11.972	337	12
1525598132	19899	63.399	11.531	337	11
1525598132	19981	63.399	11.498	337	1
1525598132	19938	63.399	11.581	337	19
1525598132	20020	63.399	11.581	337	7
1525598132	20110	63.399	11.626	337	1
1525598132	20064	63.399	11.626	337	3
1525598132	20153	63.399	11.62	337	1
1525598132	20201	63.399	11.581	337	5
1525598132	20243	63.399	11.581	337	3
1525598132	20289	63.399	11.587	337	18
1525598132	20336	63.399	11.626	337	7
1525598132	20483	63.399	11.537	337	15
1525598132	20380	63.504	11.537	337	3
1525598132	20425	63.504	11.581	337	23
1525598132	20531	63.519	11.447	337	5
1525598132	20578	63.519	11.492	337	14
1525598132	20681	63.521	11.649	337	9
1525598132	20633	63.521	11.649	337	5
1525598132	20735	63.521	11.649	337	15
1525598132	20785	63.606	11.548	337	7
1525598133	19949	63.207	12.097	337	2
1525598133	19908	63.206	12.097	337	7
1525598133	19989	63.207	12.052	337	1
1525598133	20028	63.207	12.052	337	15
1525598133	20119	63.207	12.046	337	11
1525598133	20072	63.207	12.052	337	7
1525598133	20165	63.207	12.052	337	5
1525598133	20251	63.208	12.091	337	9
1525598133	20299	63.208	12.008	337	12
1525598133	20210	63.208	12.008	337	10
1525598133	20344	63.208	12.052	337	15
1525598133	20436	63.208	12.008	337	16
1525598133	20388	63.208	12.046	337	3
1525598133	20493	63.297	12.052	337	7
1525598133	20540	63.31	11.996	337	17
1525598133	20590	63.31	11.996	337	9
1525598133	20640	63.31	11.895	337	5
1525598133	20692	63.31	11.895	337	13
1525598133	20744	63.4	11.895	337	5
1525598133	20795	63.412	11.794	337	9
1525598134	19956	63.518	11.824	337	8
1525598134	19996	63.518	11.824	337	14
1525598134	19916	63.518	11.869	337	14
1525598134	20037	63.518	11.869	337	13
1525598134	20080	63.518	11.869	337	15
1525598134	20125	63.518	11.78	337	13
1525598134	20174	63.518	11.824	337	10
1525598134	20217	63.518	11.83	337	9
1525598134	20260	63.518	11.824	337	9
1525598134	20310	63.518	11.83	337	10
1525598134	20351	63.518	11.875	337	1
1525598134	20397	63.518	11.83	337	3
1525598134	20446	63.616	11.925	337	4
1525598134	20502	63.621	11.875	337	11
1525598134	20553	63.621	11.919	337	8
1525598134	20603	63.621	11.919	337	10
1525598134	20701	63.621	11.83	337	5
1525598134	20648	63.621	11.786	337	7
1525598134	20754	63.727	11.774	337	13
1525598134	20802	63.727	11.768	337	11
1525598135	19884	63.112	13.68	337	4
1525598135	19924	63.112	13.636	337	10
1525598135	20005	63.112	13.687	337	14
1525598135	19964	63.112	13.673	337	3
1525598135	20227	63.112	13.804	337	16
1525598135	20182	63.112	13.848	337	7
1525598135	20045	63.112	13.636	337	8
1525598135	20272	63.112	13.943	337	9
1525598135	20135	63.112	13.827	337	8
1525598135	20090	63.112	13.687	337	14
1525598135	20319	63.112	14.038	337	6
1525598135	20358	63.112	14.038	337	13
1525598135	20404	63.112	14.125	337	7
1525598135	20511	63.112	14.031	337	9
1525598135	20453	63.212	13.965	337	9
1525598135	20560	63.212	13.885	337	3
1525598135	20659	63.213	13.827	337	8
1525598135	20613	63.213	13.914	337	14
1525598135	20709	63.213	13.87	337	11
1525598135	20764	63.318	13.834	337	7
1525598136	19892	63.432	14.242	337	3
1525598136	19972	63.432	14.249	337	16
1525598136	20056	63.431	14.293	337	5
1525598136	20013	63.432	14.293	337	6
1525598136	20098	63.431	14.344	337	11
1525598136	19932	63.432	14.249	337	3
1525598136	20142	63.431	14.395	337	3
1525598136	20193	63.431	14.395	337	15
1525598136	20236	63.431	14.447	337	9
1525598136	20279	63.433	14.462	337	17
1525598136	20330	63.432	14.498	337	5
1525598136	20465	63.491	14.549	337	9
1525598136	20520	63.536	14.549	337	17
1525598136	20366	63.536	14.644	337	3
1525598136	20416	63.536	14.644	337	10
1525598136	20625	63.536	14.805	337	3
1525598136	20570	63.536	14.652	337	8
1525598136	20673	63.536	14.762	337	17
1525598136	20719	63.537	14.747	337	3
1525598136	20773	63.642	14.718	337	12
1525598137	19899	63.231	15.86	337	11
1525598137	19981	63.231	15.844	337	1
1525598137	20020	63.231	15.852	337	7
1525598137	19938	63.231	15.852	337	18
1525598137	20064	63.231	15.808	337	3
1525598137	20110	63.231	15.852	337	1
1525598137	20153	63.231	15.868	337	1
1525598137	20201	63.231	15.86	337	5
1525598137	20289	63.231	15.808	337	18
1525598137	20243	63.231	15.817	337	3
1525598137	20336	63.231	15.808	337	6
1525598137	20425	63.322	15.773	337	21
1525598137	20483	63.231	15.808	337	14
1525598137	20380	63.334	15.817	337	3
1525598137	20578	63.339	15.817	337	14
1525598137	20531	63.339	15.817	337	5
1525598137	20633	63.339	15.559	337	5
1525598137	20681	63.339	15.611	337	9
1525598137	20735	63.339	15.472	337	15
1525598137	20785	63.441	15.575	337	7
1525598138	19908	63.554	15.222	337	5
1525598138	19949	63.554	15.23	337	2
1525598138	19989	63.554	15.214	337	1
1525598138	20072	63.554	15.266	337	7
1525598138	20028	63.554	15.258	337	15
1525598138	20119	63.554	15.222	337	11
1525598138	20165	63.554	15.222	337	5
1525598138	20251	63.554	15.178	337	9
1525598138	20299	63.554	15.266	337	12
1525598138	20210	63.554	15.222	337	10
1525598138	20388	63.554	15.23	337	3
1525598138	20436	63.649	15.309	337	15
1525598138	20344	63.554	15.222	337	15
1525598138	20493	63.655	15.266	337	6
1525598138	20540	63.655	15.222	337	17
1525598138	20590	63.655	15.134	337	9
1525598138	20692	63.655	15.369	337	13
1525598138	20640	63.655	15.273	337	5
1525598138	20744	63.689	15.42	337	5
1525598138	20795	63.761	15.567	337	9
1525598139	19916	63.141	16.025	337	14
1525598139	19956	63.141	16.068	337	8
1525598139	19996	63.141	16.06	337	14
1525598139	20037	63.141	15.973	337	11
1525598139	20080	63.141	15.965	337	13
1525598139	20125	63.141	16.016	337	13
1525598139	20174	63.141	15.973	337	10
1525598139	20260	63.141	15.973	337	8
1525598139	20217	63.141	15.965	337	9
1525598139	20310	63.141	16.008	337	10
1525598139	20351	63.141	15.965	337	1
1525598139	20397	63.141	16.008	337	3
1525598139	20502	63.242	15.965	337	10
1525598139	20446	63.239	16.043	337	3
1525598139	20553	63.239	16	337	8
1525598139	20603	63.239	16.008	337	10
1525598139	20701	63.239	16.094	337	5
1525598139	20648	63.239	16.094	337	7
1525598139	20754	63.339	16.111	337	13
1525598139	20802	63.339	16.111	337	11
1525598140	19884	63.442	14.206	337	4
1525598140	19964	63.442	14.249	337	3
1525598140	19924	63.442	14.206	337	10
1525598140	20045	63.442	14.293	337	8
1525598140	20005	63.442	14.242	337	14
1525598140	20090	63.442	14.198	337	14
1525598140	20135	63.442	14.053	337	8
1525598140	20227	63.442	14.09	337	16
1525598140	20272	63.442	13.937	337	9
1525598140	20182	63.442	14.032	337	7
1525598140	20358	63.442	13.886	337	13
1525598140	20404	63.442	13.893	337	7
1525598140	20511	63.528	13.9	337	8
1525598140	20453	63.548	14.002	337	7
1525598140	20560	63.548	14.002	337	3
1525598140	20319	63.442	13.886	337	6
1525598140	20659	63.548	14.111	337	8
1525598140	20613	63.548	14.104	337	14
1525598140	20709	63.548	14.111	337	11
1525598140	20764	63.622	14.14	337	7
1525598141	19932	63.243	13.59	337	3
1525598141	19972	63.243	13.671	337	16
1525598141	19892	63.243	13.59	337	3
1525598141	20013	63.243	13.634	337	6
1525598141	20056	63.243	13.54	337	5
1525598141	20098	63.243	13.526	337	11
1525598141	20142	63.243	13.438	337	3
1525598141	20193	63.243	13.438	337	15
1525598141	20236	63.243	13.387	337	9
1525598141	20279	63.243	13.425	337	14
1525598141	20330	63.243	13.337	337	5
1525598141	20465	63.338	13.381	337	7
1525598141	20520	63.344	13.33	337	16
1525598141	20416	63.344	13.235	337	10
1525598141	20366	63.344	13.235	337	3
1525598141	20570	63.344	13.191	337	8
1525598141	20625	63.344	13.127	337	3
1525598141	20673	63.344	13.127	337	17
1525598141	20719	63.447	13.134	337	3
1525598141	20773	63.447	13.077	337	12
1525598142	19938	63.552	12.065	337	13
1525598142	19981	63.552	12.065	337	1
1525598142	19899	63.552	12.059	337	11
1525598142	20020	63.552	12.02	337	7
1525598142	20110	63.552	12.014	337	1
1525598142	20064	63.552	12.065	337	3
1525598142	20153	63.552	12.014	337	1
1525598142	20201	63.552	12.103	337	5
1525598142	20289	63.552	12.103	337	15
1525598142	20243	63.552	12.103	337	3
1525598142	20336	63.552	12.065	337	5
1525598142	20483	63.655	12.109	337	13
1525598142	20425	63.655	12.147	337	21
1525598142	20380	63.655	12.097	337	3
1525598142	20578	63.655	12.103	337	14
1525598142	20531	63.655	12.052	337	5
1525598142	20681	63.655	12.097	337	9
1525598142	20633	63.655	12.103	337	5
1525598142	20735	63.753	12.248	337	15
1525598142	20785	63.761	12.28	337	7
1525598143	19949	63.142	12.702	337	2
1525598143	19908	63.142	12.752	337	5
1525598143	19989	63.142	12.752	337	1
1525598143	20072	63.142	12.664	337	7
1525598143	20028	63.142	12.664	337	15
1525598143	20119	63.142	12.752	337	11
1525598143	20165	63.142	12.796	337	5
1525598143	20251	63.142	12.796	337	9
1525598143	20299	63.142	12.746	337	12
1525598143	20210	63.142	12.796	337	10
1525598143	20388	63.142	12.79	337	3
1525598143	20344	63.142	12.796	337	15
1525598143	20436	63.143	12.702	337	15
1525598143	20493	63.243	12.746	337	5
1525598143	20540	63.243	12.752	337	16
1525598143	20590	63.243	12.796	337	9
1525598143	20640	63.243	12.702	337	5
1525598143	20692	63.243	12.614	337	13
1525598143	20744	63.346	12.506	337	5
1525598143	20795	63.346	12.367	337	9
1525598144	19916	63.453	11.643	337	14
1525598144	19996	63.453	11.604	337	14
1525598144	20080	63.453	11.694	337	11
1525598144	19956	63.453	11.599	337	8
1525598144	20037	63.453	11.688	337	9
1525598144	20125	63.453	11.643	337	13
1525598144	20174	63.453	11.688	337	10
1525598144	20260	63.453	11.688	337	7
1525598144	20217	63.453	11.688	337	9
1525598144	20310	63.453	11.604	337	10
1525598144	20351	63.453	11.643	337	1
1525598144	20397	63.453	11.643	337	3
1525598144	20502	63.559	11.599	337	9
1525598144	20446	63.559	11.509	337	3
1525598144	20603	63.565	11.649	337	10
1525598144	20553	63.565	11.56	337	7
1525598144	20701	63.565	11.661	337	5
1525598144	20648	63.565	11.661	337	7
1525598144	20802	63.668	11.661	337	11
1525598144	20754	63.668	11.655	337	13
1525598145	19924	63.254	12.178	337	10
1525598145	19884	63.254	12.133	337	4
1525598145	20045	63.254	12.045	337	8
1525598145	20005	63.254	12.14	337	13
1525598145	20090	63.254	12.095	337	14
1525598145	20135	63.254	12.235	337	8
1525598145	19964	63.254	12.089	337	3
1525598145	20182	63.254	12.247	337	7
1525598145	20227	63.254	12.19	337	16
1525598145	20272	63.254	12.285	337	9
1525598145	20319	63.254	12.291	337	6
1525598145	20358	63.254	12.291	337	11
1525598145	20404	63.254	12.196	337	7
1525598145	20511	63.254	12.235	337	7
1525598145	20453	63.359	12.095	337	7
1525598145	20560	63.359	12.089	337	2
1525598145	20613	63.359	11.943	337	14
1525598145	20659	63.359	11.982	337	8
1525598145	20709	63.359	11.881	337	11
1525598145	20764	63.475	11.786	337	7
1525598146	19932	63.188	15.781	337	3
1525598146	19972	63.188	15.704	338	16
1525598146	20013	63.175	15.688	337	5
1525598146	19892	63.179	15.739	338	3
1525598146	20056	63.175	15.688	337	5
1525598146	20098	63.176	15.739	337	8
1525598146	20142	63.176	15.781	337	3
1525598146	20193	63.176	15.781	337	15
1525598146	20236	63.174	15.781	337	8
1525598146	20279	63.174	15.832	337	12
1525598146	20330	63.174	15.84	337	5
1525598146	20465	63.174	15.747	337	7
1525598146	20366	63.168	15.883	337	3
1525598146	20416	63.168	15.883	337	10
1525598146	20520	63.168	15.832	337	15
1525598146	20570	63.268	15.933	337	7
1525598146	20625	63.268	16	337	3
1525598146	20673	63.268	16	337	17
1525598146	20719	63.388	16.093	337	3
1525598146	20773	63.388	16.144	337	12
1525598147	19938	63.491	17.815	337	11
1525598147	20064	63.491	17.824	337	3
1525598147	20020	63.491	17.815	337	7
1525598147	19899	63.491	17.815	337	11
1525598147	20201	63.491	17.894	337	5
1525598147	20243	63.49	18.029	337	3
1525598147	19981	63.491	17.857	337	1
1525598147	20153	63.491	17.968	337	1
1525598147	20110	63.491	17.917	337	1
1525598147	20336	63.49	18.121	337	5
1525598147	20289	63.49	18.029	337	13
1525598147	20483	63.49	18.121	337	13
1525598147	20380	63.49	18.131	337	3
1525598147	20425	63.49	18.089	337	16
1525598147	20531	63.49	18.173	337	3
1525598147	20578	63.49	18.163	337	13
1525598147	20633	63.594	18.335	337	5
1525598147	20681	63.594	18.242	337	9
1525598147	20735	63.594	18.233	337	15
1525598147	20785	63.594	18.117	337	7
1525598148	19949	63.184	18.587	337	2
1525598148	19908	63.184	18.587	337	5
1525598148	20028	63.184	18.721	337	15
1525598148	20072	63.184	18.67	337	7
1525598148	19989	63.184	18.628	337	1
1525598148	20165	63.184	18.648	337	5
1525598148	20251	63.184	18.792	337	8
1525598148	20119	63.184	18.638	337	11
1525598148	20299	63.184	18.904	337	12
1525598148	20210	63.184	18.987	337	10
1525598148	20344	63.184	18.904	337	12
1525598148	20388	63.184	18.913	337	3
1525598148	20436	63.184	18.913	337	15
1525598148	20493	63.184	18.904	337	5
1525598148	20540	63.279	18.913	337	15
1525598148	20590	63.288	18.955	337	8
1525598148	20640	63.288	18.913	337	5
1525598148	20692	63.288	18.904	337	13
1525598148	20744	63.288	18.904	337	5
1525598148	20795	63.35	19.038	337	9
1525598149	19956	63.501	19.98	337	8
1525598149	19916	63.501	19.949	337	14
1525598149	19996	63.501	19.98	337	14
1525598149	20037	63.501	20	337	9
1525598149	20080	63.501	20	337	9
1525598149	20125	63.501	20.01	337	12
1525598149	20174	63.501	20.01	337	10
1525598149	20217	63.501	20.01	337	9
1525598149	20260	63.501	20.01	337	7
1525598149	20310	63.501	20.041	337	10
1525598149	20351	63.501	20.092	337	1
1525598149	20397	63.501	20.061	337	1
1525598149	20502	63.602	20.102	337	9
1525598149	20553	63.603	20.102	337	6
1525598149	20446	63.602	20.102	337	3
1525598149	20603	63.603	20.102	337	9
1525598149	20701	63.603	20.153	337	5
1525598149	20648	63.603	20.184	337	7
1525598149	20754	63.707	20.184	337	13
1525598149	20802	63.71	20.174	337	11
1525598150	19884	63.199	20.356	337	3
1525598150	19924	63.199	20.316	337	10
1525598150	20045	63.198	20.397	337	8
1525598150	20005	63.198	20.316	337	13
1525598150	19964	63.198	20.356	337	1
1525598150	20090	63.198	20.346	337	14
1525598150	20135	63.198	20.305	337	8
1525598150	20227	63.198	20.336	337	16
1525598150	20182	63.198	20.295	337	7
1525598150	20272	63.198	20.305	337	9
1525598150	20319	63.198	20.254	337	6
1525598150	20358	63.198	20.254	337	9
1525598150	20404	63.295	20.295	337	5
1525598150	20511	63.301	20.254	337	7
1525598150	20453	63.301	20.204	337	7
1525598150	20560	63.301	20.204	337	1
1525598150	20613	63.301	20.305	337	13
1525598150	20659	63.301	20.356	337	8
1525598150	20709	63.337	20.407	337	11
1525598150	20764	63.406	20.448	337	7
1525598151	19892	63.509	17.091	337	2
1525598151	20142	63.511	17.294	337	3
1525598151	20056	63.509	17.234	337	5
1525598151	20013	63.509	17.217	337	5
1525598151	20236	63.511	17.345	337	7
1525598151	19932	63.509	17.04	337	3
1525598151	20193	63.511	17.294	337	15
1525598151	19972	63.509	17.082	337	16
1525598151	20098	63.509	17.243	337	7
1525598151	20279	63.511	17.345	337	12
1525598151	20330	63.511	17.438	337	5
1525598151	20465	63.511	17.48	337	7
1525598151	20520	63.514	17.396	337	15
1525598151	20366	63.604	17.471	337	3
1525598151	20416	63.517	17.438	337	8
1525598151	20570	63.616	17.378	337	6
1525598151	20625	63.618	17.42	337	3
1525598151	20673	63.618	17.42	337	17
1525598151	20719	63.618	17.327	337	3
1525598151	20773	63.618	17.378	337	12
1525598152	19981	63.208	16.901	337	1
1525598152	19938	63.208	16.893	337	11
1525598152	19899	63.208	16.943	337	11
1525598152	20020	63.207	16.985	337	7
1525598152	20064	63.207	16.935	337	3
1525598152	20110	63.207	16.851	337	1
1525598152	20153	63.207	16.843	337	1
1525598152	20201	63.207	16.834	337	5
1525598152	20243	63.207	16.7	337	3
1525598152	20289	63.207	16.7	337	12
1525598152	20336	63.207	16.6	337	5
1525598152	20380	63.303	16.642	337	3
1525598152	20425	63.207	16.642	337	14
1525598152	20483	63.207	16.642	337	13
1525598152	20578	63.309	16.692	337	12
1525598152	20531	63.309	16.692	337	3
1525598152	20681	63.309	16.683	337	9
1525598152	20633	63.309	16.591	337	5
1525598152	20735	63.309	16.575	337	15
1525598152	20785	63.407	16.558	337	7
1525598153	19949	63.517	15.982	337	2
1525598153	19989	63.517	15.94	337	1
1525598153	19908	63.517	15.982	337	5
1525598153	20028	63.517	15.898	337	15
1525598153	20119	63.517	15.932	337	11
1525598153	20072	63.517	15.94	337	7
1525598153	20165	63.517	15.882	337	5
1525598153	20251	63.517	15.782	337	7
1525598153	20299	63.517	15.681	337	12
1525598153	20210	63.517	15.589	337	10
1525598153	20388	63.517	15.631	337	3
1525598153	20436	63.517	15.623	337	15
1525598153	20493	63.62	15.716	337	5
1525598153	20344	63.517	15.631	337	12
1525598153	20540	63.62	15.758	337	15
1525598153	20590	63.62	15.766	337	7
1525598153	20640	63.62	15.816	337	5
1525598153	20692	63.62	15.824	337	13
1525598153	20744	63.621	15.924	337	5
1525598153	20795	63.724	15.789	337	9
1525598154	19916	63.311	17.269	337	14
1525598154	19956	63.311	17.236	337	8
1525598154	19996	63.311	17.269	337	14
1525598154	20037	63.311	17.136	337	9
1525598154	20080	63.311	17.136	337	9
1525598154	20125	63.311	17.169	337	12
1525598154	20174	63.311	17.085	337	10
1525598154	20260	63.311	17.127	337	7
1525598154	20217	63.311	17.136	337	9
1525598154	20310	63.311	17.127	337	10
1525598154	20397	63.311	17.077	337	1
1525598154	20351	63.311	17.085	337	1
1525598154	20446	63.414	17.077	337	1
1525598154	20502	63.414	17.077	337	9
1525598154	20553	63.414	17.068	337	6
1525598154	20603	63.414	16.985	337	8
1525598154	20701	63.414	16.876	337	5
1525598154	20648	63.414	16.843	337	7
1525598154	20754	63.518	16.943	337	13
1525598154	20802	63.518	16.952	337	11
1525598155	19924	63.626	18.397	337	10
1525598155	19884	63.626	18.388	337	3
1525598155	19964	63.626	18.365	337	1
1525598155	20005	63.626	18.388	337	13
1525598155	20045	63.626	18.397	337	8
1525598155	20090	63.626	18.397	337	14
1525598155	20227	63.626	18.306	337	16
1525598155	20135	63.626	18.356	337	8
1525598155	20272	63.626	18.306	337	9
1525598155	20182	63.626	18.306	337	6
1525598155	20358	63.626	18.287	337	9
1525598155	20453	63.719	18.539	337	7
1525598155	20319	63.626	18.306	337	6
1525598155	20560	63.727	18.548	337	1
1525598155	20511	63.631	18.429	337	7
1525598155	20404	63.626	18.296	337	5
1525598155	20613	63.723	18.548	337	12
1525598155	20659	63.723	18.498	337	7
1525598155	20709	63.723	18.498	337	11
1525598155	20764	63.828	18.457	337	7
1525598156	19892	63.21	18.6	337	1
1525598156	19972	63.21	18.641	337	16
1525598156	19932	63.21	18.6	337	3
1525598156	20098	63.21	18.6	337	7
1525598156	20013	63.21	18.6	337	5
1525598156	20142	63.21	18.6	337	3
1525598156	20056	63.21	18.641	337	5
1525598156	20193	63.21	18.641	337	14
1525598156	20236	63.21	18.6	337	7
1525598156	20279	63.21	18.6	337	11
1525598156	20330	63.21	18.539	337	5
1525598156	20465	63.21	18.539	337	7
1525598156	20520	63.21	18.539	337	15
1525598156	20416	63.301	18.498	337	8
1525598156	20366	63.313	18.456	337	3
1525598156	20570	63.313	18.539	337	6
1525598156	20625	63.313	18.447	337	1
1525598156	20673	63.313	18.479	337	16
1525598156	20719	63.313	18.437	337	3
1525598156	20773	63.417	18.386	337	12
1525598157	19938	63.53	19.211	337	11
1525598157	20064	63.53	19.17	337	2
1525598157	19981	63.53	19.211	337	1
1525598157	19899	63.53	19.17	337	10
1525598157	20110	63.53	19.17	337	1
1525598157	20153	63.508	19.262	337	1
1525598157	20020	63.53	19.16	337	7
1525598157	20243	63.508	19.416	337	3
1525598157	20289	63.508	19.416	337	11
1525598157	20201	63.508	19.272	337	5
1525598157	20336	63.508	19.518	337	5
1525598157	20425	63.508	19.426	337	13
1525598157	20483	63.508	19.436	337	13
1525598157	20380	63.508	19.385	337	3
1525598157	20578	63.508	19.302	337	12
1525598157	20531	63.508	19.343	337	2
1525598157	20681	63.611	19.375	337	8
1525598157	20633	63.613	19.375	337	3
1525598157	20735	63.616	19.405	337	15
1525598157	20785	63.616	19.414	337	7
1525598158	19949	63.312	20.267	337	2
1525598158	19989	63.312	20.267	337	1
1525598158	20072	63.312	20.308	337	7
1525598158	19908	63.312	20.226	337	5
1525598158	20119	63.312	20.359	337	7
1525598158	20028	63.312	20.308	337	14
1525598158	20165	63.312	20.451	337	5
1525598158	20251	63.312	20.462	337	7
1525598158	20299	63.312	20.502	337	12
1525598158	20210	63.312	20.513	337	10
1525598158	20388	63.312	20.502	337	3
1525598158	20436	63.312	20.513	337	11
1525598158	20344	63.312	20.502	337	12
1525598158	20493	63.312	20.431	337	5
1525598158	20540	63.413	20.41	337	14
1525598158	20590	63.413	20.359	337	7
1525598158	20640	63.413	20.349	337	3
1525598158	20692	63.413	20.349	337	13
1525598158	20744	63.413	20.246	337	5
1525598158	20795	63.499	20.379	337	9
1525598159	19916	63.62	18.606	337	12
1525598159	19956	63.62	18.606	337	8
1525598159	19996	63.62	18.574	337	12
1525598159	20080	63.62	18.606	337	9
1525598159	20037	63.62	18.606	337	9
1525598159	20125	63.62	18.657	337	12
1525598159	20260	63.62	18.657	337	7
1525598159	20217	63.62	18.657	337	9
1525598159	20174	63.62	18.699	337	10
1525598159	20310	63.62	18.667	337	10
1525598159	20351	63.62	18.667	337	1
1525598159	20397	63.62	18.708	337	1
1525598159	20446	63.723	18.699	337	1
1525598159	20502	63.723	18.699	337	8
1525598159	20553	63.723	18.667	337	5
1525598159	20603	63.723	18.731	337	8
1525598159	20648	63.723	18.782	337	5
1525598159	20701	63.723	18.74	337	4
1525598159	20802	63.828	18.68	337	11
1525598159	20754	63.828	18.689	337	13
1525598160	19884	63.221	17.545	337	3
1525598160	19924	63.221	17.587	337	9
1525598160	19964	63.221	17.578	337	1
1525598160	20045	63.221	17.503	337	8
1525598160	20005	63.221	17.596	337	13
1525598160	20090	63.221	17.587	337	14
1525598160	20135	63.221	17.536	337	8
1525598160	20182	63.221	17.545	337	6
1525598160	20227	63.221	17.545	337	16
1525598160	20272	63.221	17.536	337	9
1525598160	20358	63.221	17.545	337	9
1525598160	20319	63.221	17.527	337	6
1525598160	20404	63.324	17.545	337	5
1525598160	20511	63.324	17.451	337	7
1525598160	20453	63.324	17.34	337	7
1525598160	20560	63.324	17.331	337	1
1525598160	20613	63.324	17.331	337	12
1525598160	20659	63.324	17.34	337	6
1525598160	20709	63.324	17.434	337	11
1525598160	20764	63.428	17.434	337	7
1525598161	19892	63.53	16.331	337	1
1525598161	19932	63.53	16.381	337	3
1525598161	20013	63.53	16.254	337	5
1525598161	19972	63.53	16.331	337	16
1525598161	20056	63.53	16.153	337	3
1525598161	20098	63.53	16.137	337	7
1525598161	20142	63.53	16.052	337	3
1525598161	20193	63.53	16.002	337	10
1525598161	20236	63.53	15.994	337	7
1525598161	20279	63.53	15.986	337	11
1525598161	20330	63.53	15.952	337	5
1525598161	20465	63.631	15.952	337	7
1525598161	20520	63.633	15.994	337	9
1525598161	20416	63.633	16.044	337	8
1525598161	20366	63.633	16.052	337	3
1525598161	20570	63.633	16.044	337	6
1525598161	20625	63.634	16.044	337	1
1525598161	20673	63.634	16.061	337	15
1525598161	20719	63.637	16.103	337	3
1525598161	20773	63.741	16.145	337	12
1525598162	19899	63.329	14.502	337	10
1525598162	19981	63.329	14.509	337	1
1525598162	19938	63.329	14.509	337	11
1525598162	20020	63.329	14.552	337	7
1525598162	20110	63.329	14.494	337	1
1525598162	20064	63.329	14.502	337	1
1525598162	20153	63.329	14.401	337	1
1525598162	20201	63.329	14.386	337	5
1525598162	20243	63.329	14.286	337	3
1525598162	20289	63.329	14.293	337	11
1525598162	20336	63.329	14.149	337	5
1525598162	20483	63.429	14.192	337	13
1525598162	20425	63.43	14.243	337	13
1525598162	20380	63.43	14.286	337	3
1525598162	20578	63.43	14.235	337	12
1525598162	20531	63.43	14.185	337	1
1525598162	20681	63.43	14.048	337	7
1525598162	20633	63.43	14.048	337	3
1525598162	20735	63.527	14.142	337	14
1525598162	20785	63.533	14.279	337	7
1525598163	19908	63.637	12.921	337	5
1525598163	19949	63.637	12.884	337	2
1525598163	19989	63.637	12.833	337	1
1525598163	20028	63.637	12.833	337	14
1525598163	20072	63.637	12.833	337	7
1525598163	20119	63.637	12.739	337	7
1525598163	20165	63.638	12.682	337	5
1525598163	20251	63.638	12.588	337	7
1525598163	20299	63.638	12.544	337	12
1525598163	20210	63.638	12.582	337	10
1525598163	20344	63.638	12.72	337	12
1525598163	20493	63.742	12.67	337	5
1525598163	20436	63.64	12.676	337	9
1525598163	20388	63.638	12.626	337	3
1525598163	20540	63.742	12.676	337	10
1525598163	20590	63.742	12.67	337	4
1525598163	20692	63.742	12.619	337	11
1525598163	20640	63.742	12.632	337	3
1525598163	20744	63.833	12.632	337	4
1525598163	20795	63.848	12.626	337	9
1525598164	19916	63.225	12.575	337	9
1525598164	19956	63.225	12.575	337	7
1525598164	19996	63.225	12.575	337	10
1525598164	20037	63.225	12.626	337	9
1525598164	20080	63.225	12.619	337	9
1525598164	20125	63.225	12.525	337	12
1525598164	20174	63.225	12.569	337	10
1525598164	20260	63.225	12.569	337	7
1525598164	20217	63.225	12.569	337	7
1525598164	20310	63.225	12.519	337	10
1525598164	20351	63.225	12.519	337	1
1525598164	20397	63.227	12.519	337	1
1525598164	20446	63.328	12.531	337	1
1525598164	20502	63.328	12.519	337	8
1525598164	20553	63.328	12.519	337	5
1525598164	20603	63.328	12.487	337	8
1525598164	20648	63.328	12.393	337	5
1525598164	20701	63.328	12.437	337	3
1525598164	20754	63.432	12.487	337	12
1525598164	20802	63.432	12.487	337	11
1525598165	19884	63.535	11.419	337	3
1525598165	19964	63.535	11.374	337	1
1525598165	20045	63.535	11.413	337	7
1525598165	19924	63.535	11.368	337	5
1525598165	20005	63.535	11.362	337	13
1525598165	20090	63.535	11.324	337	14
1525598165	20135	63.535	11.413	337	8
1525598165	20227	63.535	11.463	337	16
1525598165	20182	63.535	11.419	337	5
1525598165	20272	63.535	11.419	337	9
1525598165	20319	63.535	11.374	337	2
1525598165	20358	63.535	11.374	337	8
1525598165	20404	63.619	11.419	337	5
1525598165	20511	63.636	11.457	337	7
1525598165	20560	63.638	11.513	337	1
1525598165	20613	63.638	11.508	337	12
1525598165	20659	63.638	11.552	337	6
1525598165	20453	63.638	11.585	337	7
1525598165	20709	63.638	11.508	337	9
1525598165	20764	63.738	11.652	337	6
1525598166	19892	63.227	12.048	337	1
1525598166	19932	63.227	12.004	337	3
1525598166	19972	63.227	12.004	337	16
1525598166	20013	63.227	12.004	337	5
1525598166	20056	63.227	12.048	337	2
1525598166	20098	63.227	12.01	337	7
1525598166	20142	63.227	12.042	337	3
1525598166	20193	63.227	12.048	337	10
1525598166	20236	63.227	12.048	337	7
1525598166	20279	63.227	11.96	337	11
1525598166	20330	63.227	11.954	337	5
1525598166	20465	63.332	12.042	337	7
1525598166	20416	63.332	11.898	337	7
1525598166	20366	63.332	11.898	337	3
1525598166	20520	63.332	12.004	337	9
1525598166	20570	63.332	11.859	337	6
1525598166	20673	63.332	11.836	337	15
1525598166	20625	63.332	11.847	337	1
1525598166	20719	63.332	11.847	337	1
1525598166	20773	63.433	11.898	337	11
1525598167	19899	63.539	11.91	337	9
1525598167	19938	63.539	11.859	337	11
1525598167	19981	63.539	11.904	337	1
1525598167	20110	63.539	11.91	337	1
1525598167	20020	63.539	11.859	337	7
1525598167	20064	63.539	11.904	337	1
1525598167	20153	63.539	11.859	337	1
1525598167	20201	63.541	11.916	337	5
1525598167	20289	63.541	11.954	337	11
1525598167	20243	63.541	11.96	337	3
1525598167	20336	63.541	11.954	337	5
1525598167	20483	63.641	11.96	337	12
1525598167	20425	63.647	11.954	337	13
1525598167	20380	63.647	11.96	337	3
1525598167	20578	63.648	12.004	337	11
1525598167	20531	63.648	12.054	337	1
1525598167	20681	63.65	12.155	337	7
1525598167	20633	63.65	12.205	337	2
1525598167	20735	63.673	12.149	337	13
1525598167	20785	63.754	11.966	337	7
1525598168	19908	63.239	12.821	337	5
1525598168	19989	63.237	12.864	337	1
1525598168	19949	63.239	12.814	337	4
1525598168	20072	63.237	12.958	337	7
1525598168	20028	63.237	12.871	337	14
1525598168	20119	63.237	12.965	337	7
1525598168	20165	63.237	12.971	337	5
1525598168	20251	63.236	13.065	337	7
1525598168	20299	63.239	13.122	337	12
1525598168	20210	63.238	13.129	337	10
1525598168	20388	63.242	13.179	337	3
1525598168	20436	63.265	13.092	337	9
1525598168	20344	63.258	13.092	337	12
1525598168	20493	63.32	13.142	337	5
1525598168	20540	63.391	13.149	337	9
1525598168	20590	63.391	13.206	337	2
1525598168	20640	63.391	13.293	337	2
1525598168	20692	63.391	13.3	337	11
1525598168	20744	63.495	13.437	337	3
1525598168	20795	63.495	13.401	337	10
1525598169	19916	63.63	16.692	337	9
1525598169	19996	63.63	16.775	337	9
1525598169	20037	63.63	16.692	337	9
1525598169	19956	63.63	16.692	337	4
1525598169	20080	63.63	16.692	337	9
1525598169	20174	63.63	16.751	337	10
1525598169	20125	63.63	16.742	337	11
1525598169	20260	63.63	16.792	337	7
1525598169	20217	63.63	16.792	337	7
1525598169	20310	63.63	16.851	337	10
1525598169	20351	63.631	16.943	337	1
1525598169	20397	63.728	16.943	337	1
1525598169	20446	63.734	16.943	337	1
1525598169	20502	63.736	16.96	337	9
1525598169	20553	63.736	17.094	337	6
1525598169	20603	63.736	17.094	337	8
1525598169	20701	63.736	17.328	337	3
1525598169	20648	63.736	17.328	337	5
1525598169	20802	63.842	17.387	337	11
1525598169	20754	63.828	17.378	337	11
1525598170	19924	63.355	18.282	337	2
1525598170	19884	63.355	18.282	337	3
1525598170	20045	63.355	18.282	337	3
1525598170	19964	63.355	18.314	337	1
1525598170	20005	63.355	18.291	337	12
1525598170	20090	63.355	18.364	337	11
1525598170	20135	63.354	18.332	337	9
1525598170	20227	63.354	18.314	337	16
1525598170	20182	63.354	18.314	337	5
1525598170	20272	63.354	18.323	337	12
1525598170	20319	63.354	18.373	337	1
1525598170	20404	63.359	18.414	337	5
1525598170	20511	63.359	18.31	337	7
1525598170	20358	63.354	18.373	337	6
1525598170	20453	63.454	18.379	337	7
1525598170	20560	63.454	18.483	337	1
1525598170	20613	63.454	18.351	337	12
1525598170	20659	63.454	18.301	337	6
1525598170	20709	63.454	18.209	337	9
1525598170	20764	63.458	18.301	337	5
1525598171	19892	63.554	20.597	337	1
1525598171	19932	63.554	20.587	337	3
1525598171	20013	63.554	20.547	337	5
1525598171	19972	63.554	20.557	337	17
1525598171	20056	63.554	20.648	337	2
1525598171	20098	63.553	20.738	337	3
1525598171	20142	63.553	20.738	337	3
1525598171	20193	63.553	20.738	337	11
1525598171	20236	63.553	20.749	337	4
1525598171	20279	63.553	20.789	337	11
1525598171	20330	63.553	20.789	337	5
1525598171	20465	63.553	20.709	337	7
1525598171	20520	63.657	20.789	337	10
1525598171	20416	63.657	20.84	337	7
1525598171	20366	63.657	20.84	337	3
1525598171	20570	63.659	20.789	337	6
1525598171	20625	63.66	20.759	337	1
1525598171	20673	63.66	20.73	337	15
1525598171	20719	63.763	20.789	337	1
1525598171	20773	63.763	20.658	337	11
1525598172	19899	63.255	21.722	337	9
1525598172	19938	63.255	21.722	337	11
1525598172	19981	63.255	21.682	337	1
1525598172	20064	63.255	21.642	337	1
1525598172	20020	63.255	21.682	337	7
1525598172	20110	63.255	21.642	337	1
1525598172	20153	63.255	21.642	337	1
1525598172	20201	63.255	21.66	337	5
1525598172	20243	63.255	21.631	337	1
1525598172	20289	63.255	21.631	337	11
1525598172	20336	63.255	21.631	337	5
1525598172	20483	63.355	21.62	337	10
1525598172	20425	63.355	21.581	337	13
1525598172	20380	63.355	21.581	337	3
1525598172	20578	63.355	21.581	337	12
1525598172	20531	63.355	21.53	337	1
1525598172	20681	63.355	21.429	337	7
1525598172	20633	63.355	21.378	337	2
1525598172	20735	63.457	21.298	337	13
1525598172	20785	63.457	21.277	337	5
1525598173	19908	63.567	21.607	337	5
1525598173	19989	63.567	21.657	337	1
1525598173	20119	63.567	21.516	337	7
1525598173	19949	63.567	21.617	337	4
1525598173	20072	63.567	21.476	337	7
1525598173	20165	63.567	21.567	337	5
1525598173	20028	63.567	21.596	337	15
1525598173	20251	63.567	21.617	337	7
1525598173	20299	63.567	21.596	337	12
1525598173	20210	63.567	21.545	337	9
1525598173	20388	63.567	21.505	337	3
1525598173	20344	63.567	21.494	337	11
1525598173	20436	63.567	21.523	337	9
1525598173	20493	63.567	21.483	337	5
1525598173	20540	63.577	21.381	337	9
1525598173	20590	63.674	21.421	337	1
1525598173	20640	63.674	21.421	337	1
1525598173	20692	63.674	21.432	337	11
1525598173	20744	63.674	21.341	337	3
1525598173	20795	63.674	21.291	337	8
1525598174	19956	63.37	18.515	337	5
1525598174	19916	63.37	18.515	337	9
1525598174	19996	63.37	18.432	337	9
1525598174	20037	63.37	18.515	337	9
1525598174	20080	63.37	18.524	337	9
1525598174	20125	63.37	18.524	337	11
1525598174	20174	63.37	18.515	337	9
1525598174	20260	63.37	18.515	337	7
1525598174	20217	63.37	18.505	337	7
1525598174	20310	63.37	18.454	337	10
1525598174	20351	63.37	18.394	337	1
1525598174	20397	63.37	18.362	337	1
1525598174	20446	63.37	18.311	337	1
1525598174	20502	63.403	18.311	337	7
1525598174	20553	63.474	18.293	337	6
1525598174	20603	63.474	18.251	337	8
1525598174	20701	63.474	18.159	337	2
1525598174	20648	63.474	18.159	337	5
1525598174	20754	63.572	17.895	337	11
1525598174	20802	63.572	17.895	337	9
1525598175	19924	63.677	17.092	337	2
1525598175	19884	63.677	17.101	337	3
1525598175	20045	63.677	17.101	337	7
1525598175	19964	63.677	17.143	337	1
1525598175	20005	63.677	17.134	337	9
1525598175	20090	63.677	17.134	337	16
1525598175	20182	63.677	17.134	337	5
1525598175	20135	63.677	17.092	337	8
1525598175	20227	63.677	17.092	337	16
1525598175	20272	63.677	17.092	337	12
1525598175	20319	63.677	17.134	337	1
1525598175	20358	63.677	17.134	337	1
1525598175	20404	63.766	17.041	337	1
1525598175	20511	63.781	17.117	337	7
1525598175	20453	63.781	16.93	337	7
1525598175	20560	63.781	16.879	337	1
1525598175	20659	63.781	16.922	337	5
1525598175	20613	63.781	16.964	337	11
1525598175	20709	63.781	17.066	337	9
1525598175	20764	63.887	17.083	337	5
1525598176	19932	63.263	17.725	337	3
1525598176	20013	63.263	17.766	337	5
1525598176	19892	63.263	17.674	337	1
1525598176	20142	63.264	17.776	337	3
1525598176	19972	63.263	17.725	337	17
1525598176	20056	63.263	17.716	337	2
1525598176	20236	63.264	17.776	337	2
1525598176	20193	63.264	17.817	337	11
1525598176	20098	63.263	17.716	337	1
1525598176	20279	63.264	17.877	337	11
1525598176	20330	63.264	17.928	337	5
1525598176	20465	63.264	17.919	337	7
1525598176	20520	63.264	17.826	337	10
1525598176	20416	63.359	17.877	337	7
1525598176	20366	63.359	17.877	337	2
1525598176	20570	63.368	17.97	337	6
1525598176	20625	63.368	17.96	337	1
1525598176	20673	63.368	17.96	337	14
1525598176	20719	63.368	17.877	337	1
1525598176	20773	63.473	17.96	337	11
1525598177	19899	63.578	18.629	337	9
1525598177	19938	63.578	18.68	337	11
1525598177	19981	63.578	18.671	337	1
1525598177	20110	63.578	18.712	337	1
1525598177	20020	63.578	18.629	337	7
1525598177	20064	63.578	18.721	337	1
1525598177	20153	63.578	18.772	337	1
1525598177	20201	63.578	18.75	337	3
1525598177	20243	63.579	18.874	337	1
1525598177	20289	63.579	18.883	337	11
1525598177	20336	63.58	19.016	337	5
1525598177	20483	63.684	19.026	337	10
1525598177	20380	63.686	19.036	337	1
1525598177	20425	63.686	19.067	337	15
1525598177	20531	63.686	19.127	337	1
1525598177	20578	63.686	19.077	337	12
1525598177	20681	63.686	19.27	337	6
1525598177	20633	63.686	19.28	337	1
1525598177	20735	63.687	19.311	337	13
1525598177	20785	63.792	19.412	337	5
1525598178	19908	63.269	18.987	337	5
1525598178	19949	63.269	19.019	337	4
1525598178	19989	63.269	18.937	337	1
1525598178	20072	63.269	19.028	337	6
1525598178	20028	63.269	18.978	337	14
1525598178	20119	63.269	18.978	337	7
1525598178	20165	63.269	18.918	337	5
1525598178	20251	63.269	18.816	337	9
1525598178	20299	63.269	18.775	337	12
1525598178	20388	63.269	18.725	337	3
1525598178	20210	63.269	18.766	337	5
1525598178	20344	63.269	18.734	337	15
1525598178	20493	63.363	18.785	337	5
1525598178	20436	63.269	18.744	337	9
1525598178	20540	63.372	18.794	337	11
1525598178	20590	63.372	18.734	337	1
1525598178	20640	63.372	18.693	337	1
1525598178	20692	63.372	18.684	337	11
1525598178	20744	63.407	18.633	337	3
1525598178	20795	63.476	18.684	337	8
1525598179	19916	63.586	17.859	337	9
1525598179	19956	63.586	17.859	337	5
1525598179	20037	63.586	17.901	337	11
1525598179	19996	63.586	17.901	337	11
1525598179	20080	63.586	17.901	337	10
1525598179	20125	63.591	17.892	337	13
1525598179	20174	63.591	17.892	337	5
1525598179	20260	63.591	17.892	337	9
1525598179	20217	63.591	17.901	337	8
1525598179	20310	63.591	17.942	337	4
1525598179	20351	63.591	17.859	337	1
1525598179	20397	63.591	17.892	337	1
1525598179	20446	63.691	17.892	337	1
1525598179	20502	63.694	17.933	337	6
1525598179	20553	63.696	17.859	337	5
1525598179	20603	63.696	17.901	337	4
1525598179	20648	63.697	17.942	337	6
1525598179	20701	63.697	17.91	337	1
1525598179	20802	63.805	17.97	337	12
1525598179	20754	63.803	17.97	337	11
1525598180	19884	63.283	18.481	337	3
1525598180	19964	63.283	18.44	337	1
1525598180	19924	63.283	18.49	337	2
1525598180	20045	63.283	18.481	337	7
1525598180	20005	63.283	18.481	337	10
1525598180	20090	63.283	18.408	337	14
1525598180	20135	63.283	18.44	337	8
1525598180	20227	63.283	18.408	337	16
1525598180	20182	63.283	18.408	337	5
1525598180	20272	63.283	18.44	337	12
1525598180	20319	63.283	18.389	337	1
1525598180	20358	63.283	18.389	337	1
1525598180	20404	63.283	18.348	337	1
1525598180	20511	63.283	18.306	337	10
1525598180	20453	63.386	18.357	337	7
1525598180	20560	63.386	18.398	337	1
1525598180	20613	63.386	18.357	337	13
1525598180	20659	63.386	18.357	337	6
1525598180	20709	63.386	18.246	337	9
1525598180	20764	63.492	17.993	337	5
1525598181	19892	63.597	14.922	337	1
1525598181	19932	63.597	14.879	337	3
1525598181	19972	63.597	14.871	337	17
1525598181	20013	63.597	14.922	337	5
1525598181	20056	63.597	14.871	337	2
1525598181	20098	63.597	14.813	337	1
1525598181	20142	63.597	14.762	337	2
1525598181	20193	63.597	14.719	337	10
1525598181	20236	63.597	14.712	337	1
1525598181	20279	63.597	14.56	337	11
1525598181	20330	63.597	14.553	337	5
1525598181	20465	63.698	14.56	337	7
1525598181	20520	63.699	14.618	337	10
1525598181	20366	63.699	14.618	337	1
1525598181	20416	63.699	14.618	337	8
1525598181	20570	63.699	14.618	337	6
1525598181	20625	63.699	14.676	337	1
1525598181	20673	63.699	14.676	337	10
1525598181	20719	63.699	14.669	337	1
1525598181	20773	63.802	14.633	337	11
1525598182	19899	63.391	13.202	337	9
1525598182	19938	63.391	13.195	337	11
1525598182	19981	63.391	13.195	337	1
1525598182	20020	63.391	13.29	337	9
1525598182	20064	63.391	13.145	337	3
1525598182	20153	63.391	13.138	337	1
1525598182	20110	63.391	13.151	337	1
1525598182	20201	63.393	13.131	337	1
1525598182	20243	63.396	12.999	337	1
1525598182	20289	63.396	12.993	337	11
1525598182	20336	63.396	12.949	337	5
1525598182	20425	63.499	12.949	337	15
1525598182	20380	63.499	12.942	337	1
1525598182	20483	63.499	12.949	337	10
1525598182	20531	63.499	12.929	337	3
1525598182	20578	63.499	12.892	337	12
1525598182	20681	63.499	12.747	337	5
1525598182	20633	63.499	12.74	337	1
1525598182	20735	63.604	12.784	337	12
1525598182	20785	63.605	12.595	337	5
1525598183	19949	63.709	12.462	337	4
1525598183	19908	63.709	12.5	337	5
1525598183	19989	63.709	12.456	337	1
1525598183	20072	63.709	12.45	337	6
1525598183	20119	63.709	12.5	337	7
1525598183	20028	63.709	12.456	337	10
1525598183	20165	63.709	12.412	337	4
1525598183	20251	63.709	12.456	337	9
1525598183	20299	63.709	12.456	337	12
1525598183	20210	63.709	12.468	337	1
1525598183	20388	63.709	12.462	337	2
1525598183	20436	63.709	12.456	337	9
1525598183	20344	63.709	12.456	337	15
1525598183	20493	63.809	12.45	337	5
1525598183	20540	63.812	12.45	337	11
1525598183	20590	63.812	12.45	337	1
1525598183	20640	63.812	12.355	337	1
1525598183	20692	63.812	12.361	337	11
1525598183	20744	63.914	12.481	337	1
1525598183	20795	63.918	12.45	337	8
1525598184	19916	63.298	13.179	337	9
1525598184	19996	63.298	13.172	337	11
1525598184	19956	63.298	13.179	337	5
1525598184	20080	63.298	13.092	337	10
1525598184	20037	63.298	13.092	337	11
1525598184	20174	63.298	13.092	337	2
1525598184	20125	63.298	13.092	337	13
1525598184	20217	63.298	13.048	337	8
1525598184	20260	63.298	13.054	337	9
1525598184	20310	63.298	12.997	337	1
1525598184	20351	63.298	13.098	337	1
1525598184	20397	63.298	13.048	337	1
1525598184	20446	63.399	13.092	337	1
1525598184	20502	63.383	13.004	337	6
1525598184	20603	63.399	13.004	337	2
1525598184	20553	63.399	13.048	337	5
1525598184	20701	63.399	12.897	337	1
1525598184	20648	63.399	12.897	337	6
1525598184	20754	63.502	12.984	337	11
1525598184	20802	63.502	12.978	337	12
1525598185	20045	63.612	12.726	337	7
1525598185	19964	63.612	12.77	337	1
1525598185	19924	63.612	12.77	337	1
1525598185	19884	63.612	12.77	337	3
1525598185	20005	63.612	12.733	337	10
1525598185	20090	63.612	12.821	337	14
1525598185	20135	63.612	12.827	337	8
1525598185	20227	63.612	12.827	337	14
1525598185	20182	63.612	12.827	337	5
1525598185	20272	63.612	12.833	337	12
1525598185	20319	63.612	12.833	337	1
1525598185	20358	63.612	12.833	337	1
1525598185	20404	63.612	12.877	337	1
1525598185	20511	63.612	12.877	337	10
1525598185	20453	63.718	12.915	337	7
1525598185	20560	63.718	12.877	337	1
1525598185	20613	63.718	12.884	337	13
1525598185	20659	63.718	12.928	337	6
1525598185	20709	63.718	12.984	337	9
1525598185	20764	63.821	13.078	337	5
1525598186	19892	63.303	13.394	337	1
1525598186	20013	63.303	13.394	337	5
1525598186	19972	63.303	13.437	337	12
1525598186	19932	63.303	13.437	337	3
1525598186	20056	63.303	13.394	337	1
1525598186	20098	63.303	13.444	337	1
1525598186	20142	63.303	13.357	337	1
1525598186	20193	63.303	13.35	337	7
1525598186	20236	63.303	13.394	337	1
1525598186	20279	63.303	13.394	337	11
1525598186	20330	63.303	13.35	337	3
1525598186	20465	63.303	13.394	337	7
1525598186	20520	63.406	13.343	337	9
1525598186	20416	63.406	13.293	337	8
1525598186	20366	63.406	13.293	337	1
1525598186	20570	63.406	13.206	337	6
1525598186	20625	63.406	13.192	337	1
1525598186	20673	63.406	13.186	337	10
1525598186	20719	63.512	13.092	337	1
1525598186	20773	63.512	13.035	337	11
1525598187	19899	63.618	12.827	337	4
1525598187	19981	63.618	12.877	337	1
1525598187	19938	63.618	12.877	337	11
1525598187	20020	63.618	12.827	337	9
1525598187	20064	63.618	12.877	337	3
1525598187	20110	63.618	12.877	337	1
1525598187	20153	63.618	12.833	337	1
1525598187	20201	63.618	12.79	337	1
1525598187	20289	63.618	12.827	337	11
1525598187	20243	63.618	12.821	337	1
1525598187	20336	63.618	12.726	337	5
1525598187	20380	63.717	12.726	337	1
1525598187	20425	63.721	12.682	337	15
1525598187	20483	63.702	12.726	337	10
1525598187	20578	63.719	12.777	337	12
1525598187	20531	63.719	12.739	337	3
1525598187	20681	63.719	12.871	337	5
1525598187	20633	63.719	12.921	337	1
1525598187	20735	63.719	12.84	337	9
1525598187	20785	63.755	12.984	337	2
1525598188	19949	63.403	12.872	337	4
1525598188	19989	63.403	12.923	337	1
1525598188	19908	63.403	12.835	337	5
1525598188	20072	63.403	12.929	337	3
1525598188	20119	63.403	12.916	337	7
1525598188	20028	63.403	12.96	337	10
1525598188	20165	63.403	12.923	337	1
1525598188	20251	63.403	12.929	337	9
1525598188	20299	63.403	12.923	337	9
1525598188	20210	63.403	12.872	337	1
1525598188	20388	63.403	12.923	337	1
1525598188	20344	63.403	12.923	337	15
1525598188	20436	63.403	12.872	337	8
1525598188	20493	63.403	12.835	337	5
1525598188	20540	63.506	12.879	337	11
1525598188	20590	63.506	12.841	337	1
1525598188	20640	63.506	12.973	337	1
1525598188	20692	63.506	12.973	337	11
1525598188	20744	63.609	12.949	337	1
1525598188	20795	63.609	12.879	337	8
1525598189	19916	63.715	11.994	337	8
1525598189	19956	63.715	12.038	337	5
1525598189	19996	63.715	12	337	10
1525598189	20037	63.715	12.038	337	11
1525598189	20080	63.715	12.032	337	10
1525598189	20125	63.715	12.089	337	13
1525598189	20174	63.715	11.994	337	1
1525598189	20260	63.721	12.032	337	9
1525598189	20217	63.719	12.032	337	8
1525598189	20310	63.719	11.988	337	1
1525598189	20351	63.719	11.937	337	1
1525598189	20397	63.719	11.994	337	1
1525598189	20446	63.812	11.988	337	1
1525598189	20502	63.818	12.032	337	6
1525598189	20553	63.82	11.937	337	5
1525598189	20603	63.82	11.982	337	1
1525598189	20701	63.82	11.937	337	1
1525598189	20648	63.82	11.937	337	6
1525598189	20754	63.926	11.848	337	10
1525598189	20802	63.926	11.848	337	12
1525598190	19924	63.303	12.235	337	1
1525598190	19964	63.303	12.241	337	1
1525598190	20045	63.303	12.241	337	7
1525598190	19884	63.303	12.235	337	3
1525598190	20005	63.303	12.235	337	10
1525598190	20090	63.303	12.184	337	14
1525598190	20135	63.303	12.095	337	8
1525598190	20182	63.303	12.089	337	5
1525598190	20227	63.303	12.133	337	10
1525598190	20272	63.303	12.133	337	12
1525598190	20358	63.303	12.089	337	1
1525598190	20319	63.303	12.089	337	1
1525598190	20404	63.303	12.089	337	1
1525598190	20511	63.4	12.133	337	10
1525598190	20453	63.405	12.045	337	3
1525598190	20560	63.405	12.038	337	1
1525598190	20613	63.405	12.026	337	13
1525598190	20659	63.405	12.026	337	6
1525598190	20709	63.466	11.982	337	8
1525598190	20764	63.509	11.836	337	5
1525598191	19932	63.614	11.488	337	3
1525598191	19972	63.614	11.494	337	9
1525598191	19892	63.614	11.533	337	1
1525598191	20013	63.614	11.527	337	5
1525598191	20056	63.614	11.533	337	1
1525598191	20098	63.614	11.437	337	1
1525598191	20142	63.614	11.527	337	1
1525598191	20193	63.614	11.527	337	7
1525598191	20236	63.614	11.482	337	1
1525598191	20279	63.614	11.488	337	11
1525598191	20330	63.614	11.488	337	1
1525598191	20465	63.709	11.443	337	3
1525598191	20520	63.717	11.533	337	9
1525598191	20366	63.718	11.533	337	1
1525598191	20416	63.718	11.533	337	8
1525598191	20570	63.718	11.583	337	6
1525598191	20625	63.718	11.589	337	1
1525598191	20673	63.718	11.64	337	9
1525598191	20719	63.718	11.735	337	1
1525598191	20773	63.823	11.791	337	7
1525598192	19899	63.407	11.917	337	1
1525598192	19981	63.407	11.821	337	1
1525598192	19938	63.407	11.821	337	11
1525598192	20064	63.407	11.866	337	3
1525598192	20020	63.407	11.827	337	9
1525598192	20110	63.407	11.866	337	1
1525598192	20153	63.407	11.872	337	1
1525598192	20201	63.407	11.872	337	1
1525598192	20289	63.407	11.783	337	11
1525598192	20243	63.407	11.783	337	1
1525598192	20336	63.407	11.827	337	5
1525598192	20483	63.507	11.821	337	10
1525598192	20425	63.51	11.827	337	15
1525598192	20380	63.51	11.827	337	1
1525598192	20578	63.51	11.777	337	12
1525598192	20531	63.51	11.726	337	3
1525598192	20633	63.51	11.669	337	1
1525598192	20681	63.51	11.675	337	5
1525598192	20735	63.51	11.613	337	8
1525598192	20785	63.615	11.607	337	1
1525598193	19949	63.307	12.127	337	4
1525598193	19908	63.307	12.127	337	5
1525598193	19989	63.307	12.083	337	1
1525598193	20072	63.307	12.038	337	1
1525598193	20028	63.307	12.045	337	10
1525598193	20119	63.307	12.089	337	7
1525598193	20165	63.307	12.083	337	1
1525598193	20251	63.307	11.988	337	9
1525598193	20299	63.307	12.038	337	6
1525598193	20210	63.307	12.083	337	1
1525598193	20388	63.307	12.077	337	1
1525598193	20436	63.41	12.127	337	8
1525598193	20344	63.41	12.115	337	15
1525598193	20493	63.41	12.083	337	2
1525598193	20540	63.411	12.127	337	11
1525598193	20590	63.411	12.127	337	1
1525598193	20640	63.411	12.133	337	1
1525598193	20692	63.411	12.133	337	11
1525598193	20744	63.51	12.241	337	1
1525598193	20795	63.513	12.329	337	7
1525598194	19956	63.619	12.267	337	5
1525598194	19916	63.619	12.26	337	8
1525598194	20037	63.619	12.305	337	11
1525598194	19996	63.619	12.305	337	9
1525598194	20080	63.619	12.311	337	10
1525598194	20125	63.619	12.26	337	13
1525598194	20174	63.619	12.311	337	1
1525598194	20260	63.619	12.222	337	9
1525598194	20217	63.619	12.228	337	7
1525598194	20310	63.619	12.361	337	1
1525598194	20351	63.619	12.317	337	1
1525598194	20397	63.619	12.311	337	1
1525598194	20446	63.619	12.267	337	1
1525598194	20502	63.619	12.267	337	6
1525598194	20553	63.725	12.361	337	5
1525598194	20603	63.725	12.317	337	1
1525598194	20701	63.725	12.462	337	1
1525598194	20648	63.725	12.462	337	6
1525598194	20754	63.822	12.456	337	4
1525598194	20802	63.825	12.506	337	11
1525598195	19884	63.412	12.196	337	3
1525598195	19964	63.412	12.19	337	1
1525598195	20045	63.412	12.235	337	7
1525598195	19924	63.412	12.196	337	1
1525598195	20005	63.412	12.196	337	10
1525598195	20090	63.412	12.196	337	14
1525598195	20135	63.412	12.285	337	8
1525598195	20182	63.412	12.285	337	5
1525598195	20227	63.412	12.247	337	9
1525598195	20272	63.412	12.196	337	12
1525598195	20319	63.412	12.285	337	1
1525598195	20358	63.412	12.285	337	1
1525598195	20404	63.412	12.285	337	1
1525598195	20511	63.516	12.247	337	8
1525598195	20453	63.516	12.285	337	1
1525598195	20560	63.516	12.285	337	1
1525598195	20613	63.516	12.247	337	13
1525598195	20659	63.516	12.196	337	6
1525598195	20709	63.516	12.19	337	8
1525598195	20764	63.621	12.348	337	4
1525598196	19892	63.314	13.182	337	1
1525598196	19972	63.314	13.175	337	9
1525598196	20013	63.313	13.145	337	5
1525598196	19932	63.314	13.175	337	3
1525598196	20056	63.313	13.182	337	1
1525598196	20098	63.313	13.226	337	1
1525598196	20142	63.313	13.232	337	1
1525598196	20193	63.313	13.232	337	7
1525598196	20236	63.314	13.232	337	1
1525598196	20279	63.314	13.269	337	11
1525598196	20330	63.314	13.269	337	1
1525598196	20465	63.411	13.269	337	2
1525598196	20520	63.414	13.175	337	9
1525598196	20366	63.414	13.175	337	1
1525598196	20416	63.414	13.175	337	8
1525598196	20570	63.414	13.169	337	6
1525598196	20625	63.414	13.074	337	1
1525598196	20673	63.414	13.074	337	9
1525598196	20719	63.517	12.98	337	1
1525598196	20773	63.517	12.923	337	7
1525598197	19899	63.617	12.689	337	1
1525598197	19938	63.617	12.689	337	11
1525598197	19981	63.617	12.695	337	1
1525598197	20020	63.617	12.645	337	9
1525598197	20110	63.617	12.645	337	1
1525598197	20064	63.617	12.645	337	3
1525598197	20153	63.617	12.638	337	1
1525598197	20201	63.617	12.645	337	1
1525598197	20289	63.617	12.733	337	11
1525598197	20243	63.617	12.733	337	1
1525598197	20336	63.617	12.689	337	5
1525598197	20531	63.72	12.739	337	3
1525598197	20380	63.72	12.682	337	1
1525598197	20425	63.719	12.733	337	15
1525598197	20578	63.72	12.689	337	12
1525598197	20483	63.719	12.739	337	10
1525598197	20681	63.72	12.89	337	5
1525598197	20633	63.72	12.853	337	1
1525598197	20735	63.82	12.947	337	8
1525598197	20785	63.825	12.91	337	1
1525598198	19949	63.31	12.607	337	4
1525598198	19908	63.31	12.658	337	5
1525598198	19989	63.31	12.658	337	1
1525598198	20028	63.311	12.614	337	10
1525598198	20072	63.311	12.651	337	1
1525598198	20119	63.311	12.607	337	7
1525598198	20165	63.311	12.651	337	1
1525598198	20251	63.311	12.702	337	9
1525598198	20299	63.311	12.651	337	6
1525598198	20344	63.311	12.576	337	13
1525598198	20436	63.311	12.607	337	8
1525598198	20388	63.311	12.614	337	1
1525598198	20210	63.311	12.658	337	1
1525598198	20493	63.413	12.695	337	2
1525598198	20540	63.413	12.601	337	11
1525598198	20590	63.413	12.601	337	1
1525598198	20640	63.413	12.55	337	1
1525598198	20692	63.413	12.55	337	11
1525598198	20744	63.413	12.292	337	1
1525598198	20795	63.517	12.305	337	7
1525598199	19916	63.625	12.329	337	8
1525598199	19956	63.625	12.279	337	5
1525598199	19996	63.625	12.285	337	9
1525598199	20037	63.625	12.323	337	11
1525598199	20080	63.625	12.323	337	10
1525598199	20125	63.625	12.323	337	12
1525598199	20174	63.625	12.279	337	1
1525598199	20260	63.625	12.367	337	9
1525598199	20217	63.625	12.361	337	7
1525598199	20310	63.625	12.279	337	1
1525598199	20351	63.625	12.317	337	1
1525598199	20397	63.625	12.323	337	1
1525598199	20502	63.729	12.367	337	6
1525598199	20446	63.729	12.367	337	1
1525598199	20553	63.732	12.367	337	5
1525598199	20603	63.732	12.367	337	1
1525598199	20701	63.732	12.367	337	1
1525598199	20648	63.732	12.329	337	6
1525598199	20754	63.834	12.367	337	1
1525598199	20802	63.834	12.323	337	11
1525598200	19964	63.321	12.833	337	1
1525598200	19924	63.319	12.833	337	1
1525598200	20045	63.321	12.833	337	7
1525598200	19884	63.319	12.833	337	3
1525598200	20005	63.321	12.827	337	8
1525598200	20090	63.321	12.827	337	14
1525598200	20135	63.321	12.827	337	8
1525598200	20182	63.321	12.783	337	5
1525598200	20227	63.321	12.827	337	9
1525598200	20272	63.321	12.821	337	12
1525598200	20319	63.321	12.783	337	1
1525598200	20358	63.321	12.777	337	1
1525598200	20404	63.321	12.783	337	1
1525598200	20511	63.425	12.777	337	8
1525598200	20453	63.425	12.739	337	1
1525598200	20560	63.425	12.739	337	1
1525598200	20613	63.425	12.777	337	13
1525598200	20659	63.425	12.833	337	6
1525598200	20709	63.425	12.84	337	8
1525598200	20764	63.53	12.884	337	4
1525598201	19892	63.634	12.04	337	1
1525598201	19932	63.634	12.002	337	3
1525598201	19972	63.634	12.002	337	9
1525598201	20013	63.634	11.996	337	5
1525598201	20056	63.634	11.952	337	1
1525598201	20098	63.634	11.907	337	1
1525598201	20142	63.634	11.901	337	1
1525598201	20193	63.634	11.901	337	7
1525598201	20236	63.634	11.901	337	1
1525598201	20279	63.634	11.857	337	11
1525598201	20330	63.634	11.907	337	1
1525598201	20465	63.733	11.863	337	1
1525598201	20520	63.734	11.958	337	9
1525598201	20366	63.734	11.958	337	1
1525598201	20416	63.734	11.958	337	8
1525598201	20570	63.734	11.964	337	6
1525598201	20625	63.734	12.109	337	1
1525598201	20673	63.734	12.109	337	9
1525598201	20719	63.734	12.166	337	1
1525598201	20773	63.839	12.216	337	7
1525598202	19899	63.426	12.481	337	1
1525598202	19938	63.426	12.569	337	10
1525598202	19981	63.426	12.569	337	1
1525598202	20020	63.426	12.569	337	9
1525598202	20064	63.426	12.525	337	3
1525598202	20110	63.426	12.525	337	1
1525598202	20153	63.426	12.525	337	1
1525598202	20201	63.426	12.519	337	1
1525598202	20289	63.426	12.475	337	11
1525598202	20243	63.426	12.475	337	2
1525598202	20336	63.426	12.525	337	5
1525598202	20483	63.527	12.481	337	10
1525598202	20380	63.529	12.532	337	1
1525598202	20425	63.529	12.481	337	15
1525598202	20531	63.529	12.525	337	3
1525598202	20578	63.529	12.576	337	12
1525598202	20681	63.529	12.336	337	5
1525598202	20633	63.529	12.367	337	1
1525598202	20735	63.633	12.323	337	8
1525598202	20785	63.633	12.323	337	1
1525598203	19908	63.328	12.487	337	5
1525598203	19989	63.328	12.532	337	1
1525598203	19949	63.328	12.538	337	4
1525598203	20028	63.328	12.487	337	10
1525598203	20072	63.328	12.487	337	1
1525598203	20119	63.328	12.532	337	7
1525598203	20165	63.328	12.494	337	1
1525598203	20251	63.328	12.487	337	9
1525598203	20299	63.328	12.487	337	6
1525598203	20210	63.328	12.481	337	1
1525598203	20388	63.328	12.487	337	1
1525598203	20436	63.328	12.449	337	8
1525598203	20344	63.328	12.487	337	13
1525598203	20493	63.424	12.449	337	1
1525598203	20540	63.43	12.449	337	11
1525598203	20590	63.43	12.443	337	1
1525598203	20640	63.43	12.399	337	3
1525598203	20692	63.43	12.399	337	11
1525598203	20744	63.534	12.449	337	1
1525598203	20795	63.534	12.31	337	7
1525598204	19916	63.637	12.5	337	8
1525598204	19956	63.637	12.538	337	5
1525598204	19996	63.637	12.538	337	9
1525598204	20037	63.637	12.456	337	11
1525598204	20080	63.637	12.5	337	9
1525598204	20125	63.637	12.456	337	11
1525598204	20174	63.637	12.5	337	1
1525598204	20260	63.637	12.449	337	9
1525598204	20217	63.637	12.456	337	7
1525598204	20310	63.637	12.538	337	1
1525598204	20351	63.637	12.5	337	1
1525598204	20397	63.637	12.449	337	1
1525598204	20446	63.742	12.449	337	1
1525598204	20502	63.742	12.449	337	6
1525598204	20553	63.744	12.5	337	5
1525598204	20603	63.744	12.5	337	1
1525598204	20648	63.744	12.544	337	6
1525598204	20701	63.744	12.544	337	1
1525598204	20754	63.847	12.551	337	1
1525598204	20802	63.847	12.551	337	11
1525598205	19884	63.327	12.393	337	3
1525598205	19924	63.327	12.399	337	1
1525598205	19964	63.327	12.399	337	1
1525598205	20045	63.327	12.437	337	7
1525598205	20005	63.327	12.399	337	8
1525598205	20090	63.327	12.399	337	14
1525598205	20135	63.327	12.348	337	8
1525598205	20227	63.327	12.393	337	9
1525598205	20182	63.327	12.393	337	4
1525598205	20272	63.327	12.354	337	12
1525598205	20319	63.327	12.348	337	1
1525598205	20358	63.327	12.354	337	1
1525598205	20404	63.43	12.348	337	1
1525598205	20511	63.431	12.393	337	8
1525598205	20453	63.431	12.348	337	1
1525598205	20560	63.431	12.348	337	1
1525598205	20659	63.431	12.304	337	6
1525598205	20613	63.431	12.354	337	13
1525598205	20709	63.53	12.342	337	8
1525598205	20764	63.536	12.14	337	4
1525598206	19892	63.642	12.291	337	1
1525598206	19932	63.642	12.336	337	3
1525598206	20013	63.642	12.38	337	5
1525598206	19972	63.642	12.336	337	9
1525598206	20056	63.642	12.336	337	1
1525598206	20098	63.642	12.386	337	1
1525598206	20142	63.642	12.336	337	1
1525598206	20193	63.642	12.336	337	7
1525598206	20236	63.642	12.386	337	1
1525598206	20279	63.642	12.38	337	11
1525598206	20330	63.642	12.38	337	1
1525598206	20465	63.739	12.424	337	1
1525598206	20366	63.739	12.386	337	1
1525598206	20416	63.739	12.386	337	7
1525598206	20520	63.739	12.424	337	9
1525598206	20570	63.739	12.418	337	6
1525598206	20625	63.739	12.374	337	1
1525598206	20673	63.739	12.38	337	9
1525598206	20719	63.739	12.412	337	1
1525598206	20773	63.843	12.374	337	7
1525598207	19981	63.326	12.424	337	1
1525598207	19938	63.326	12.424	337	9
1525598207	19899	63.326	12.506	337	1
1525598207	20020	63.326	12.513	337	8
1525598207	20064	63.326	12.513	337	3
1525598207	20110	63.326	12.513	337	1
1525598207	20201	63.326	12.563	337	1
1525598207	20153	63.326	12.519	337	1
1525598207	20243	63.326	12.525	337	3
1525598207	20289	63.326	12.519	337	8
1525598207	20336	63.326	12.557	337	5
1525598207	20483	63.326	12.506	337	10
1525598207	20380	63.428	12.506	337	1
1525598207	20425	63.428	12.55	337	14
1525598207	20578	63.428	12.462	337	12
1525598207	20531	63.428	12.468	337	3
1525598207	20681	63.428	12.412	337	5
1525598207	20633	63.428	12.424	337	1
1525598207	20735	63.428	12.468	337	8
1525598207	20785	63.531	12.563	337	1
1525598208	19989	63.651	12.103	337	1
1525598208	19908	63.651	12.103	337	5
1525598208	19949	63.651	12.059	337	4
1525598208	20028	63.651	12.159	337	10
1525598208	20119	63.651	12.077	337	7
1525598208	20072	63.651	12.159	337	1
1525598208	20165	63.651	12.166	337	1
1525598208	20251	63.651	12.21	337	9
1525598208	20299	63.651	12.21	337	6
1525598208	20210	63.651	12.166	337	1
1525598208	20388	63.651	12.216	337	1
1525598208	20344	63.651	12.216	337	13
1525598208	20436	63.651	12.26	337	8
1525598208	20493	63.651	12.21	337	1
1525598208	20540	63.756	12.26	337	11
1525598208	20590	63.756	12.311	337	1
1525598208	20640	63.756	12.361	337	3
1525598208	20692	63.756	12.361	337	11
1525598208	20744	63.756	12.462	337	1
1525598208	20795	63.756	12.55	337	7
1525598209	19916	63.447	12.947	337	8
1525598209	19956	63.447	12.947	337	5
1525598209	19996	63.447	12.903	337	9
1525598209	20037	63.447	12.941	337	11
1525598209	20080	63.447	12.897	337	9
1525598209	20125	63.447	12.941	337	11
1525598209	20174	63.447	12.984	337	1
1525598209	20260	63.447	12.947	337	9
1525598209	20217	63.447	12.947	337	7
1525598209	20310	63.447	12.859	337	1
1525598209	20351	63.447	12.897	337	1
1525598209	20397	63.447	12.941	337	1
1525598209	20446	63.447	12.859	337	1
1525598209	20502	63.542	12.853	337	6
1525598209	20553	63.548	12.752	337	5
1525598209	20603	63.548	12.796	337	1
1525598209	20701	63.548	12.607	337	1
1525598209	20648	63.548	12.607	337	6
1525598209	20754	63.65	12.658	337	1
1525598209	20802	63.65	12.658	337	11
1525598210	19884	63.756	12.02	337	3
1525598210	19964	63.756	12.02	337	1
1525598210	20045	63.756	11.976	337	7
1525598210	20005	63.756	12.065	337	7
1525598210	20090	63.756	12.02	337	14
1525598210	19924	63.756	12.02	337	1
1525598210	20135	63.756	12.115	337	8
1525598210	20227	63.756	12.071	337	9
1525598210	20182	63.756	12.121	337	4
1525598210	20272	63.756	12.115	337	12
1525598210	20319	63.756	12.115	337	1
1525598210	20358	63.756	12.109	337	1
1525598210	20404	63.816	12.115	337	1
1525598210	20511	63.861	12.115	337	8
1525598210	20560	63.861	12.159	337	1
1525598210	20453	63.861	12.159	337	1
1525598210	20613	63.861	12.26	337	12
1525598210	20659	63.861	12.305	337	5
1525598210	20709	63.866	12.317	337	8
1525598210	20764	63.967	12.462	337	4
1525598211	19892	63.346	12.954	337	1
1525598211	19932	63.346	12.91	337	3
1525598211	19972	63.346	12.91	337	9
1525598211	20013	63.346	12.872	337	5
1525598211	20056	63.346	12.91	337	1
1525598211	20098	63.346	12.903	337	1
1525598211	20142	63.346	12.954	337	1
1525598211	20193	63.346	12.96	337	7
1525598211	20236	63.346	12.903	337	1
1525598211	20279	63.346	12.916	337	10
1525598211	20330	63.346	12.866	337	4
1525598211	20465	63.451	12.96	337	1
1525598211	20520	63.451	12.866	337	9
1525598211	20416	63.451	12.997	337	7
1525598211	20366	63.451	12.991	337	1
1525598211	20570	63.452	12.91	337	6
1525598211	20625	63.452	12.903	337	1
1525598211	20673	63.452	12.897	337	9
1525598211	20719	63.556	12.771	337	1
1525598211	20773	63.556	12.802	337	7
1525598212	19899	63.66	12.178	337	1
1525598212	19981	63.66	12.216	337	1
1525598212	19938	63.66	12.216	337	9
1525598212	20020	63.66	12.172	337	7
1525598212	20064	63.66	12.222	337	3
1525598212	20110	63.66	12.216	337	1
1525598212	20153	63.66	12.21	337	1
1525598212	20201	63.66	12.166	337	1
1525598212	20289	63.66	12.21	337	8
1525598212	20243	63.66	12.21	337	3
1525598212	20336	63.66	12.121	337	5
1525598212	20425	63.66	12.178	337	14
1525598212	20380	63.666	12.267	337	1
1525598212	20578	63.759	12.323	337	12
1525598212	20483	63.66	12.172	337	10
1525598212	20531	63.765	12.367	337	3
1525598212	20681	63.765	12.557	337	5
1525598212	20633	63.765	12.513	337	1
1525598212	20735	63.765	12.519	337	8
1525598212	20785	63.765	12.462	337	5
1525598213	19949	63.356	12.633	337	4
1525598213	19908	63.356	12.588	337	5
1525598213	19989	63.356	12.588	337	1
1525598213	20072	63.356	12.532	337	1
1525598213	20028	63.356	12.532	337	10
1525598213	20119	63.356	12.614	337	7
1525598213	20165	63.356	12.563	337	4
1525598213	20251	63.356	12.475	337	9
1525598213	20299	63.356	12.481	337	6
1525598213	20210	63.356	12.525	337	1
1525598213	20388	63.356	12.475	337	1
1525598213	20344	63.356	12.475	337	13
1525598213	20436	63.356	12.475	337	8
1525598213	20493	63.453	12.519	337	1
1525598213	20540	63.457	12.475	337	11
1525598213	20590	63.457	12.468	337	1
1525598213	20640	63.457	12.418	337	3
1525598213	20692	63.457	12.412	337	10
1525598213	20744	63.562	12.405	337	1
1525598213	20795	63.562	12.311	337	7
1525598214	19956	63.668	11.958	337	5
1525598214	19996	63.668	11.996	337	9
1525598214	19916	63.668	11.952	337	8
1525598214	20037	63.668	12.052	337	11
1525598214	20080	63.668	12.052	337	9
1525598214	20125	63.668	12.046	337	11
1525598214	20174	63.668	12.002	337	1
1525598214	20260	63.668	12.046	337	9
1525598214	20217	63.668	12.046	337	7
1525598214	20310	63.668	12.091	337	1
1525598214	20351	63.668	12.097	337	1
1525598214	20397	63.668	12.052	337	1
1525598214	20446	63.668	12.097	337	1
1525598214	20502	63.77	12.141	337	6
1525598214	20553	63.774	12.153	337	5
1525598214	20603	63.774	12.153	337	1
1525598214	20701	63.774	12.292	337	1
1525598214	20648	63.774	12.292	337	6
1525598214	20754	63.77	12.343	337	1
1525598214	20802	63.77	12.336	337	11
1525598215	19884	63.458	12.758	337	3
1525598215	19924	63.458	12.758	337	1
1525598215	19964	63.458	12.758	337	1
1525598215	20045	63.458	12.765	337	7
1525598215	20005	63.458	12.714	337	7
1525598215	20090	63.458	12.802	337	14
1525598215	20135	63.458	12.664	337	8
1525598215	20227	63.458	12.664	337	9
1525598215	20182	63.458	12.658	337	4
1525598215	20272	63.458	12.708	337	12
1525598215	20319	63.458	12.664	337	1
1525598215	20358	63.458	12.67	337	1
1525598215	20404	63.562	12.702	337	1
1525598215	20511	63.562	12.664	337	8
1525598215	20453	63.562	12.708	337	1
1525598215	20560	63.562	12.708	337	1
1525598215	20613	63.562	12.557	337	12
1525598215	20659	63.562	12.563	337	5
1525598215	20709	63.667	12.5	337	8
1525598215	20764	63.66	12.399	337	4
1525598216	19932	63.351	12.468	337	3
1525598216	19972	63.351	12.468	337	9
1525598216	20013	63.351	12.462	337	5
1525598216	19892	63.351	12.424	337	1
1525598216	20056	63.351	12.468	337	1
1525598216	20098	63.351	12.475	337	1
1525598216	20142	63.351	12.424	337	1
1525598216	20193	63.351	12.424	337	7
1525598216	20236	63.351	12.475	337	1
1525598216	20279	63.351	12.424	337	10
1525598216	20330	63.351	12.424	337	6
1525598216	20465	63.351	12.374	337	1
1525598216	20520	63.453	12.424	337	9
1525598216	20416	63.453	12.323	337	7
1525598216	20366	63.453	12.329	337	1
1525598216	20570	63.453	12.374	337	6
1525598216	20625	63.453	12.367	337	1
1525598216	20673	63.453	12.329	337	9
1525598216	20719	63.557	12.361	337	1
1525598216	20773	63.557	12.317	337	7
1525598217	19899	63.664	12.412	337	1
1525598217	19938	63.664	12.367	337	9
1525598217	20020	63.664	12.367	337	7
1525598217	19981	63.664	12.367	337	1
1525598217	20064	63.664	12.367	337	3
1525598217	20110	63.664	12.374	337	1
1525598217	20201	63.664	12.374	337	1
1525598217	20153	63.664	12.329	337	1
1525598217	20289	63.664	12.329	337	7
1525598217	20243	63.664	12.323	337	3
1525598217	20336	63.664	12.38	337	5
1525598217	20380	63.765	12.273	337	1
1525598217	20425	63.758	12.323	337	14
1525598217	20483	63.664	12.329	337	10
1525598217	20578	63.767	12.273	337	12
1525598217	20531	63.767	12.267	337	3
1525598217	20681	63.767	12.279	337	5
1525598217	20633	63.767	12.273	337	1
1525598217	20735	63.767	12.317	337	8
1525598217	20785	63.767	12.323	337	5
1525598218	19908	63.457	12.588	337	5
1525598218	19949	63.457	12.588	337	4
1525598218	19989	63.457	12.544	337	1
1525598218	20072	63.457	12.638	337	1
1525598218	20119	63.457	12.594	337	7
1525598218	20028	63.457	12.638	337	10
1525598218	20165	63.457	12.594	337	4
1525598218	20251	63.457	12.638	337	9
1525598218	20299	63.457	12.632	337	6
1525598218	20210	63.457	12.638	337	1
1525598218	20388	63.457	12.632	337	1
1525598218	20344	63.457	12.632	337	13
1525598218	20493	63.557	12.594	337	1
1525598218	20436	63.457	12.632	337	8
1525598218	20540	63.56	12.632	337	11
1525598218	20590	63.56	12.55	337	1
1525598218	20640	63.56	12.588	337	3
1525598218	20692	63.56	12.594	337	10
1525598218	20744	63.56	12.456	337	1
1525598218	20795	63.661	12.601	337	7
1525598219	19916	63.768	12.626	337	8
1525598219	19996	63.768	12.588	337	9
1525598219	19956	63.768	12.632	337	5
1525598219	20037	63.768	12.582	337	11
1525598219	20080	63.768	12.575	337	9
1525598219	20125	63.768	12.582	337	11
1525598219	20174	63.768	12.575	337	1
1525598219	20260	63.768	12.531	337	9
1525598219	20217	63.768	12.531	337	7
1525598219	20310	63.768	12.575	337	1
1525598219	20351	63.768	12.531	337	1
1525598219	20446	63.873	12.575	337	1
1525598219	20502	63.873	12.538	337	6
1525598219	20397	63.768	12.575	337	1
1525598219	20553	63.873	12.519	337	5
1525598219	20603	63.873	12.519	337	1
1525598219	20701	63.872	12.387	337	3
1525598219	20648	63.872	12.387	337	5
1525598219	20754	63.978	12.368	337	1
1525598219	20802	63.978	12.374	337	11
1525598220	19884	63.36	12.657	337	3
1525598220	19924	63.36	12.657	337	1
1525598220	19964	63.36	12.657	337	3
1525598220	20045	63.36	12.657	337	7
1525598220	20005	63.36	12.707	337	7
1525598220	20090	63.36	12.67	337	14
1525598220	20135	63.36	12.757	337	8
1525598220	20227	63.36	12.751	337	9
1525598220	20182	63.36	12.714	337	4
1525598220	20272	63.36	12.67	337	12
1525598220	20358	63.36	12.707	337	1
1525598220	20319	63.36	12.714	337	1
1525598220	20404	63.38	12.626	337	1
1525598220	20511	63.461	12.663	337	8
1525598220	20453	63.461	12.663	337	1
1525598220	20560	63.461	12.663	337	1
1525598220	20613	63.461	12.714	337	12
1525598220	20659	63.461	12.663	337	5
1525598220	20709	63.566	12.751	337	8
1525598220	20764	63.566	12.714	337	4
1525598221	19932	63.674	12.072	337	3
1525598221	19892	63.674	12.079	337	1
1525598221	19972	63.674	12.072	337	9
1525598221	20013	63.674	12.079	337	5
1525598221	20056	63.674	12.123	337	1
1525598221	20098	63.674	12.161	337	1
1525598221	20142	63.674	12.167	337	1
1525598221	20193	63.674	12.167	337	7
1525598221	20236	63.674	12.123	337	1
1525598221	20279	63.674	12.123	337	10
1525598221	20330	63.674	12.167	337	6
1525598221	20520	63.778	12.117	337	9
1525598221	20465	63.674	12.123	337	1
1525598221	20416	63.779	12.129	337	7
1525598221	20366	63.779	12.123	337	1
1525598221	20570	63.779	12.129	337	6
1525598221	20625	63.779	12.185	337	1
1525598221	20673	63.779	12.179	337	9
1525598221	20719	63.779	12.324	337	1
1525598221	20773	63.884	12.38	337	7
1525598222	19899	63.469	12.821	337	1
1525598222	19938	63.469	12.821	337	9
1525598222	20020	63.469	12.821	337	7
1525598222	19981	63.469	12.821	337	1
1525598222	20064	63.469	12.821	337	3
1525598222	20110	63.469	12.821	337	1
1525598222	20153	63.469	12.908	337	1
1525598222	20201	63.469	12.858	337	1
1525598222	20289	63.469	12.858	337	7
1525598222	20243	63.469	12.864	337	3
1525598222	20336	63.469	12.858	337	5
1525598222	20425	63.469	12.908	337	14
1525598222	20380	63.469	12.915	337	3
1525598222	20483	63.469	12.864	337	10
1525598222	20578	63.469	12.864	337	12
1525598222	20531	63.567	12.908	337	3
1525598222	20681	63.57	12.764	337	5
1525598222	20633	63.57	12.77	337	1
1525598222	20735	63.57	12.663	337	8
1525598222	20785	63.57	12.519	337	5
1525598223	19908	63.781	12.374	337	4
1525598223	19989	63.781	12.418	337	1
1525598223	19949	63.781	12.33	337	4
1525598223	20028	63.781	12.412	337	10
1525598223	20119	63.781	12.374	337	7
1525598223	20165	63.781	12.431	337	4
1525598223	20072	63.781	12.33	337	1
1525598223	20251	63.781	12.569	337	9
1525598223	20299	63.781	12.531	337	6
1525598223	20210	63.781	12.525	337	1
1525598223	20388	63.781	12.525	337	1
1525598223	20436	63.781	12.525	337	8
1525598223	20493	63.781	12.475	337	1
1525598223	20344	63.781	12.525	337	13
1525598223	20540	63.885	12.481	337	11
1525598223	20590	63.885	12.519	337	1
1525598223	20640	63.885	12.437	337	3
1525598223	20692	63.885	12.431	337	10
1525598223	20744	63.885	12.519	337	1
1525598223	20795	63.98	12.525	337	7
1525598224	19956	63.37	13.061	337	5
1525598224	19916	63.37	13.068	337	8
1525598224	19996	63.37	13.061	337	9
1525598224	20037	63.37	13.017	337	11
1525598224	20080	63.37	13.024	337	9
1525598224	20125	63.37	13.054	337	11
1525598224	20174	63.37	13.061	337	1
1525598224	20260	63.37	13.105	337	9
1525598224	20217	63.37	13.105	337	7
1525598224	20310	63.37	13.017	337	1
1525598224	20397	63.37	13.061	337	3
1525598224	20351	63.37	13.054	337	1
1525598224	20446	63.471	13.061	337	3
1525598224	20502	63.471	13.061	337	6
1525598224	20553	63.471	13.068	337	5
1525598224	20603	63.471	13.068	337	1
1525598224	20701	63.469	13.105	337	3
1525598224	20648	63.469	13.149	337	5
1525598224	20754	63.573	12.923	337	1
1525598224	20802	63.573	12.916	337	11
1525598225	19924	63.681	12.462	337	1
1525598225	19884	63.681	12.462	337	3
1525598225	19964	63.681	12.418	337	3
1525598225	20045	63.681	12.418	337	7
1525598225	20005	63.681	12.367	337	7
1525598225	20090	63.681	12.367	337	14
1525598225	20135	63.681	12.317	337	8
1525598225	20227	63.681	12.323	337	9
1525598225	20182	63.681	12.367	337	4
1525598225	20272	63.681	12.361	337	12
1525598225	20358	63.681	12.323	337	1
1525598225	20319	63.681	12.317	337	1
1525598225	20453	63.779	12.563	337	2
1525598225	20560	63.779	12.569	337	1
1525598225	20613	63.78	12.778	337	12
1525598225	20404	63.676	12.412	337	1
1525598225	20659	63.78	12.828	337	5
1525598225	20511	63.676	12.418	337	8
1525598225	20709	63.78	12.898	337	8
1525598225	20764	63.78	13.087	337	4
1525598226	19892	63.366	13.508	337	3
1525598226	19932	63.366	13.464	337	3
1525598226	19972	63.366	13.464	337	9
1525598226	20013	63.366	13.501	337	5
1525598226	20056	63.366	13.458	337	5
1525598226	20098	63.366	13.377	337	1
1525598226	20142	63.366	13.37	337	1
1525598226	20193	63.366	13.37	337	7
1525598226	20236	63.366	13.414	337	1
1525598226	20279	63.366	13.458	337	10
1525598226	20330	63.366	13.464	337	6
1525598226	20465	63.467	13.464	337	6
1525598226	20520	63.467	13.377	337	9
1525598226	20366	63.467	13.377	337	1
1525598226	20416	63.467	13.37	337	7
1525598226	20570	63.467	13.364	337	6
1525598226	20625	63.467	13.263	337	1
1525598226	20673	63.467	13.313	337	9
1525598226	20719	63.571	13.175	337	1
1525598226	20773	63.571	13.118	337	7
1525598227	19899	63.68	13.636	337	15
1525598227	19981	63.681	13.724	337	1
1525598227	19938	63.68	13.687	337	9
1525598227	20020	63.681	13.73	337	7
1525598227	20110	63.681	13.724	337	1
1525598227	20064	63.681	13.73	337	3
1525598227	20153	63.681	13.774	337	1
1525598227	20243	63.681	13.831	337	3
1525598227	20201	63.681	13.788	337	5
1525598227	20289	63.681	13.831	337	7
1525598227	20336	63.681	13.882	337	5
1525598227	20483	63.778	13.976	337	10
1525598227	20425	63.784	13.932	337	14
1525598227	20380	63.786	13.889	337	3
1525598227	20578	63.788	13.976	337	12
1525598227	20531	63.788	13.983	337	3
1525598227	20681	63.788	14.084	337	5
1525598227	20633	63.788	14.077	337	1
1525598227	20735	63.788	14.141	337	8
1525598227	20785	63.896	14.286	337	5
1525598228	19908	63.376	14.3	337	4
1525598228	19949	63.376	14.351	337	4
1525598228	19989	63.376	14.257	337	1
1525598228	20072	63.376	14.3	337	8
1525598228	20119	63.376	14.3	337	7
1525598228	20028	63.376	14.221	337	10
1525598228	20165	63.376	14.163	337	4
1525598228	20251	63.376	14.062	337	9
1525598228	20299	63.376	14.105	337	6
1525598228	20210	63.376	14.112	337	5
1525598228	20388	63.376	14.156	337	3
1525598228	20493	63.478	14.163	337	4
1525598228	20344	63.376	14.206	337	13
1525598228	20436	63.467	14.156	337	8
1525598228	20540	63.478	14.163	337	11
1525598228	20590	63.478	14.163	337	5
1525598228	20692	63.478	14.213	337	10
1525598228	20640	63.478	14.206	337	3
1525598228	20744	63.48	14.17	337	1
1525598228	20795	63.583	14.199	337	7
1525598229	19916	63.694	13.448	337	8
1525598229	19956	63.694	13.397	337	5
1525598229	19996	63.694	13.404	337	9
1525598229	20037	63.694	13.448	337	11
1525598229	20080	63.694	13.441	337	9
1525598229	20125	63.694	13.455	337	11
1525598229	20174	63.694	13.455	337	7
1525598229	20260	63.694	13.492	337	9
1525598229	20217	63.694	13.492	337	7
1525598229	20310	63.694	13.542	337	10
1525598229	20351	63.694	13.498	337	1
1525598229	20397	63.694	13.492	337	3
1525598229	20446	63.798	13.492	337	3
1525598229	20502	63.798	13.492	337	6
1525598229	20553	63.8	13.549	337	5
1525598229	20603	63.8	13.542	337	9
1525598229	20648	63.8	13.549	337	5
1525598229	20701	63.8	13.593	337	3
1525598229	20754	63.904	13.744	337	11
1525598229	20802	63.904	13.744	337	11
1525598230	19884	63.487	14.329	337	3
1525598230	19964	63.488	14.372	337	3
1525598230	19924	63.488	14.329	337	10
1525598230	20045	63.488	14.329	337	7
1525598230	20005	63.488	14.415	337	7
1525598230	20090	63.488	14.365	337	14
1525598230	20135	63.488	14.336	337	8
1525598230	20227	63.488	14.372	337	9
1525598230	20182	63.488	14.372	337	4
1525598230	20272	63.488	14.379	337	12
1525598230	20358	63.488	14.423	337	1
1525598230	20319	63.488	14.423	337	4
1525598230	20404	63.488	14.466	337	1
1525598230	20511	63.492	14.423	337	8
1525598230	20560	63.589	14.372	337	1
1525598230	20453	63.589	14.415	337	9
1525598230	20613	63.589	14.214	337	12
1525598230	20659	63.589	14.207	337	5
1525598230	20709	63.589	14.099	337	8
1525598230	20764	63.598	14.012	337	4
1525598231	20013	63.8	13.753	337	5
1525598231	19892	63.8	13.746	337	3
1525598231	19972	63.8	13.797	337	9
1525598231	19932	63.8	13.797	337	3
1525598231	20056	63.8	13.76	337	5
1525598231	20098	63.8	13.797	337	1
1525598231	20142	63.8	13.797	337	1
1525598231	20193	63.8	13.797	337	7
1525598231	20236	63.8	13.797	337	1
1525598231	20279	63.8	13.797	337	10
1525598231	20330	63.8	13.746	337	6
1525598231	20465	63.8	13.703	337	6
1525598231	20520	63.905	13.746	337	10
1525598231	20366	63.905	13.847	337	1
1525598231	20416	63.905	13.847	337	7
1525598231	20570	63.905	13.897	337	6
1525598231	20625	63.905	13.911	337	1
1525598231	20673	63.905	13.904	337	11
1525598231	20719	64.007	13.904	337	1
1525598231	20773	64.008	13.962	337	8
1525598232	19899	63.378	13.652	337	15
1525598232	19938	63.378	13.602	337	9
1525598232	19981	63.378	13.565	337	1
1525598232	20020	63.378	13.558	337	7
1525598232	20064	63.378	13.558	337	3
1525598232	20110	63.378	13.565	337	1
1525598232	20153	63.378	13.428	337	1
1525598232	20201	63.378	13.458	337	5
1525598232	20289	63.378	13.464	337	7
1525598232	20243	63.378	13.458	337	3
1525598232	20336	63.378	13.414	337	5
1525598232	20483	63.378	13.364	337	10
1525598232	20380	63.474	13.407	337	3
1525598232	20425	63.461	13.364	337	14
1525598232	20531	63.48	13.32	337	3
1525598232	20578	63.48	13.327	337	12
1525598232	20681	63.481	13.263	337	5
1525598232	20633	63.481	13.263	337	1
1525598232	20735	63.567	13.169	337	10
1525598232	20785	63.587	13.111	337	5
1525598233	19949	63.693	12.437	337	4
1525598233	19989	63.693	12.487	337	1
1525598233	19908	63.693	12.487	337	4
1525598233	20072	63.693	12.481	337	8
1525598233	20119	63.693	12.399	337	7
1525598233	20028	63.693	12.481	337	12
1525598233	20165	63.693	12.481	337	4
1525598233	20251	63.693	12.532	337	9
1525598233	20299	63.693	12.532	337	8
1525598233	20210	63.693	12.525	337	5
1525598233	20388	63.693	12.532	337	3
1525598233	20344	63.693	12.481	337	13
1525598233	20436	63.693	12.487	337	9
1525598233	20493	63.794	12.576	337	4
1525598233	20540	63.799	12.664	337	11
1525598233	20590	63.799	12.67	337	5
1525598233	20640	63.799	12.771	337	3
1525598233	20692	63.799	12.765	337	10
1525598233	20744	63.799	12.822	337	1
1525598233	20795	63.799	12.791	337	7
1525598234	19956	63.486	13.239	337	5
1525598234	19996	63.486	13.276	337	9
1525598234	19916	63.486	13.232	337	8
1525598234	20037	63.486	13.239	337	11
1525598234	20080	63.486	13.246	337	9
1525598234	20125	63.486	13.195	337	11
1525598234	20174	63.486	13.195	337	7
1525598234	20217	63.486	13.158	337	7
1525598234	20260	63.486	13.158	337	9
1525598234	20310	63.486	13.151	337	10
1525598234	20351	63.486	13.158	337	1
1525598234	20397	63.486	13.158	337	3
1525598234	20446	63.486	13.151	337	3
1525598234	20502	63.486	13.151	337	6
1525598234	20553	63.591	13.145	337	5
1525598234	20603	63.591	13.107	337	9
1525598234	20701	63.592	13.006	337	3
1525598234	20648	63.592	13.006	337	5
1525598234	20802	63.697	13.019	337	11
1525598234	20754	63.697	13.013	337	11
1525598235	19884	63.803	12.227	337	3
1525598235	20045	63.803	12.266	337	7
1525598235	19924	63.803	12.227	337	10
1525598235	19964	63.803	12.177	337	3
1525598235	20005	63.803	12.138	337	7
1525598235	20090	63.803	12.234	337	14
1525598235	20135	63.803	12.272	337	8
1525598235	20227	63.803	12.278	337	11
1525598235	20182	63.803	12.234	337	4
1525598235	20272	63.803	12.272	337	12
1525598235	20319	63.803	12.272	337	4
1525598235	20358	63.803	12.266	337	1
1525598235	20404	63.803	12.183	337	1
1525598235	20511	63.908	12.221	337	8
1525598235	20560	63.908	12.075	337	1
1525598235	20453	63.908	12.037	337	9
1525598235	20613	63.908	11.98	337	12
1525598235	20659	63.908	12.024	337	5
1525598235	20709	64.006	11.98	337	9
1525598235	20764	64.014	12.069	337	4
1525598236	19892	63.389	12.348	337	3
1525598236	19932	63.389	12.386	337	3
1525598236	19972	63.389	12.386	337	11
1525598236	20013	63.389	12.386	337	5
1525598236	20056	63.389	12.386	337	5
1525598236	20142	63.389	12.386	337	1
1525598236	20193	63.389	12.38	337	11
1525598236	20236	63.389	12.38	337	1
1525598236	20098	63.389	12.386	337	1
1525598236	20279	63.389	12.392	337	10
1525598236	20330	63.389	12.437	337	6
1525598236	20465	63.49	12.487	337	6
1525598236	20520	63.49	12.487	337	10
1525598236	20366	63.49	12.38	337	1
1525598236	20416	63.49	12.38	337	7
1525598236	20570	63.49	12.335	337	6
1525598236	20625	63.49	12.278	337	1
1525598236	20673	63.49	12.284	337	11
1525598236	20719	63.49	12.329	337	1
1525598236	20773	63.596	12.418	337	8
1525598237	19981	63.698	15.816	337	1
1525598237	19938	63.698	15.816	337	9
1525598237	20020	63.698	15.816	337	7
1525598237	20064	63.698	15.902	337	3
1525598237	20110	63.698	15.902	337	1
1525598237	19899	63.698	15.816	337	15
1525598237	20201	63.698	16.012	337	5
1525598237	20153	63.698	15.961	337	1
1525598237	20289	63.698	16.063	337	7
1525598237	20243	63.698	16.063	337	3
1525598237	20336	63.698	16.02	337	5
1525598237	20483	63.698	16.055	337	10
1525598237	20425	63.698	16.063	337	14
1525598237	20380	63.698	16.012	337	3
1525598237	20531	63.803	16.098	337	3
1525598237	20578	63.771	16.004	337	12
1525598237	20681	63.804	16.165	337	5
1525598237	20633	63.804	16.208	337	1
1525598237	20735	63.804	16.251	337	10
1525598237	20785	63.804	16.361	337	5
1525598238	19949	63.399	18.878	337	4
1525598238	19989	63.399	18.878	337	1
1525598238	20028	63.399	18.887	337	12
1525598238	20072	63.399	18.887	337	8
1525598238	19908	63.399	18.827	337	4
1525598238	20119	63.399	18.887	337	7
1525598238	20251	63.399	18.999	337	9
1525598238	20299	63.399	19.05	337	8
1525598238	20210	63.399	19.06	337	5
1525598238	20165	63.399	18.98	337	4
1525598238	20388	63.399	19.101	337	3
1525598238	20344	63.399	19.111	337	13
1525598238	20436	63.399	19.142	337	9
1525598238	20493	63.399	19.101	337	4
1525598238	20540	63.502	19.018	337	11
1525598238	20590	63.502	19.06	337	5
1525598238	20640	63.502	18.958	337	3
1525598238	20692	63.502	18.958	337	10
1525598238	20744	63.502	18.906	337	1
1525598238	20795	63.606	18.846	337	7
1525598239	19916	63.712	18.913	337	8
1525598239	19996	63.712	18.913	337	9
1525598239	19956	63.712	18.913	337	5
1525598239	20037	63.712	18.904	337	11
1525598239	20080	63.712	18.904	337	9
1525598239	20125	63.712	18.904	337	11
1525598239	20174	63.712	18.945	337	7
1525598239	20260	63.712	18.945	337	9
1525598239	20217	63.712	18.936	337	7
1525598239	20310	63.712	18.945	337	10
1525598239	20351	63.712	18.977	337	1
1525598239	20397	63.712	18.936	337	3
1525598239	20446	63.816	18.945	337	3
1525598239	20603	63.816	19.028	337	9
1525598239	20502	63.816	18.945	337	6
1525598239	20553	63.816	18.945	337	5
1525598239	20701	63.816	19.15	337	3
1525598239	20648	63.816	19.191	337	5
1525598239	20754	63.919	19.089	337	11
1525598239	20802	63.919	19.089	337	11
1525598240	19884	63.402	20.103	337	3
1525598240	19964	63.403	20.144	337	3
1525598240	19924	63.403	20.123	337	10
1525598240	20005	63.403	20.133	337	7
1525598240	20045	63.403	20.133	337	7
1525598240	20090	63.403	20.133	337	14
1525598240	20135	63.403	20.184	337	8
1525598240	20227	63.403	20.184	337	11
1525598240	20182	63.403	20.174	337	4
1525598240	20272	63.403	20.144	337	12
1525598240	20319	63.403	20.184	337	4
1525598240	20358	63.403	20.205	337	1
1525598240	20404	63.403	20.205	337	1
1525598240	20511	63.475	20.246	337	8
1525598240	20453	63.505	20.389	337	9
1525598240	20560	63.505	20.43	337	1
1525598240	20613	63.505	20.533	337	12
1525598240	20659	63.505	20.502	337	5
1525598240	20709	63.505	20.594	337	9
1525598240	20764	63.611	20.513	337	4
1525598241	19892	63.718	20.7	337	3
1525598241	19972	63.718	20.67	337	11
1525598241	20013	63.718	20.711	337	5
1525598241	20056	63.718	20.803	337	5
1525598241	20098	63.718	20.825	337	1
1525598241	19932	63.718	20.67	337	3
1525598241	20193	63.718	20.939	337	11
1525598241	20142	63.718	20.928	337	1
1525598241	20236	63.718	20.99	337	1
1525598241	20279	63.718	21.02	337	10
1525598241	20330	63.718	20.979	337	6
1525598241	20465	63.718	21.009	337	6
1525598241	20520	63.713	21.02	337	10
1525598241	20416	63.815	21.082	337	7
1525598241	20366	63.815	21.082	337	1
1525598241	20570	63.816	21.042	337	6
1525598241	20625	63.816	21.145	337	1
1525598241	20673	63.816	21.123	337	11
1525598241	20719	63.816	21.145	337	1
1525598241	20773	63.816	21.064	337	8
1525598242	19899	63.394	18.41	337	15
1525598242	20020	63.394	18.42	337	7
1525598242	20064	63.394	18.387	337	3
1525598242	20153	63.394	18.513	337	1
1525598242	20201	63.394	18.439	337	5
1525598242	19981	63.394	18.42	337	1
1525598242	20110	63.394	18.387	337	1
1525598242	19938	63.394	18.42	337	9
1525598242	20289	63.394	18.522	337	7
1525598242	20243	63.394	18.532	337	3
1525598242	20336	63.394	18.574	337	5
1525598242	20483	63.394	18.49	337	10
1525598242	20425	63.394	18.48	337	14
1525598242	20380	63.394	18.532	337	3
1525598242	20531	63.5	18.355	337	3
1525598242	20578	63.5	18.48	337	12
1525598242	20633	63.5	18.233	337	3
1525598242	20681	63.5	18.233	337	5
1525598242	20735	63.5	18.243	337	10
1525598242	20785	63.605	18.191	337	5
1525598243	19949	63.71	15.881	337	4
1525598243	19908	63.71	15.889	337	4
1525598243	19989	63.71	15.838	337	1
1525598243	20072	63.71	15.838	337	8
1525598243	20028	63.71	15.83	337	12
1525598243	20119	63.71	15.83	337	7
1525598243	20165	63.71	15.822	337	4
1525598243	20251	63.71	15.676	337	9
1525598243	20299	63.71	15.625	337	8
1525598243	20210	63.71	15.617	337	5
1525598243	20388	63.71	15.53	337	3
1525598243	20344	63.71	15.523	337	13
1525598243	20436	63.756	15.566	337	9
1525598243	20493	63.812	15.566	337	4
1525598243	20540	63.813	15.609	337	11
1525598243	20590	63.813	15.617	337	5
1525598243	20692	63.813	15.668	337	10
1525598243	20640	63.813	15.668	337	3
1525598243	20744	63.813	15.763	337	1
1525598243	20795	63.919	15.857	337	7
1525598244	19916	63.399	15.929	337	8
1525598244	19956	63.399	15.972	337	5
1525598244	19996	63.399	15.929	337	9
1525598244	20037	63.399	15.98	337	11
1525598244	20080	63.399	15.972	337	9
1525598244	20125	63.399	15.972	337	11
1525598244	20260	63.399	15.886	337	9
1525598244	20217	63.399	15.886	337	7
1525598244	20174	63.399	15.886	337	7
1525598244	20310	63.399	15.929	337	10
1525598244	20351	63.399	15.894	337	1
1525598244	20397	63.399	15.886	337	3
1525598244	20446	63.46	15.98	337	3
1525598244	20502	63.491	15.98	337	6
1525598244	20603	63.505	15.835	337	9
1525598244	20553	63.505	15.886	337	5
1525598244	20648	63.505	15.784	337	5
1525598244	20701	63.505	15.827	337	3
1525598244	20754	63.609	15.878	337	11
1525598244	20802	63.609	15.87	337	11
1525598245	19924	63.718	14.766	337	10
1525598245	19884	63.718	14.802	337	3
1525598245	19964	63.718	14.766	337	3
1525598245	20045	63.718	14.766	337	7
1525598245	20005	63.718	14.852	337	7
1525598245	20090	63.718	14.802	337	14
1525598245	20135	63.718	14.707	337	8
1525598245	20227	63.718	14.664	337	11
1525598245	20182	63.718	14.751	337	4
1525598245	20272	63.718	14.751	337	12
1525598245	20358	63.718	14.7	337	10
1525598245	20319	63.718	14.707	337	4
1525598245	20404	63.718	14.692	337	5
1525598245	20511	63.821	14.649	337	8
1525598245	20453	63.822	14.511	337	9
1525598245	20560	63.822	14.468	337	1
1525598245	20613	63.822	14.555	337	12
1525598245	20709	63.822	14.453	337	9
1525598245	20659	63.822	14.504	337	5
1525598245	20764	63.927	14.547	337	4
1525598246	19972	63.51	13.968	337	11
1525598246	19932	63.51	13.975	337	3
1525598246	19892	63.51	13.975	337	3
1525598246	20013	63.51	13.924	337	5
1525598246	20056	63.51	13.823	337	5
1525598246	20098	63.51	13.816	337	7
1525598246	20142	63.51	13.765	337	1
1525598246	20236	63.51	13.664	337	7
1525598246	20193	63.51	13.758	337	11
1525598246	20279	63.51	13.657	337	10
1525598246	20330	63.51	13.613	337	6
1525598246	20465	63.51	13.613	337	6
1525598246	20366	63.615	13.606	337	3
1525598246	20520	63.615	13.657	337	10
1525598246	20416	63.615	13.606	337	7
1525598246	20570	63.615	13.606	337	6
1525598246	20625	63.615	13.593	337	1
1525598246	20673	63.615	13.556	337	11
1525598246	20719	63.616	13.549	337	1
1525598246	20773	63.721	13.535	337	8
1525598247	19899	63.826	11.943	337	15
1525598247	19938	63.826	11.943	337	9
1525598247	19981	63.826	11.982	337	1
1525598247	20020	63.826	11.988	337	7
1525598247	20064	63.826	11.937	337	3
1525598247	20110	63.826	11.937	337	1
1525598247	20153	63.826	11.747	337	1
1525598247	20201	63.826	11.786	337	5
1525598247	20289	63.826	11.729	337	7
1525598247	20243	63.826	11.723	337	3
1525598247	20336	63.826	11.634	337	5
1525598247	20483	63.826	11.678	337	10
1525598247	20425	63.929	11.678	337	14
1525598247	20380	63.929	11.673	337	3
1525598247	20578	63.929	11.673	337	12
1525598247	20531	63.929	11.667	337	3
1525598247	20681	63.929	11.622	337	5
1525598247	20633	63.929	11.577	337	4
1525598247	20735	63.929	11.673	337	10
1525598247	20785	64.034	11.723	337	5
1525598248	19908	63.409	12.399	337	4
1525598248	19949	63.409	12.355	337	4
1525598248	19989	63.409	12.399	337	1
1525598248	20072	63.409	12.393	337	8
1525598248	20028	63.409	12.443	337	12
1525598248	20119	63.409	12.437	337	7
1525598248	20165	63.409	12.311	337	4
1525598248	20251	63.409	12.355	337	9
1525598248	20299	63.409	12.399	337	8
1525598248	20210	63.409	12.399	337	5
1525598248	20388	63.409	12.437	337	3
1525598248	20344	63.409	12.481	337	13
1525598248	20436	63.409	12.393	337	9
1525598248	20493	63.505	12.393	337	4
1525598248	20540	63.511	12.343	337	11
1525598248	20590	63.511	12.298	337	5
1525598248	20640	63.511	12.298	337	3
1525598248	20692	63.511	12.305	337	10
1525598248	20744	63.616	12.254	337	1
1525598248	20795	63.616	12.153	337	7
1525598249	19956	63.723	11.364	337	5
1525598249	19916	63.723	11.369	337	8
1525598249	19996	63.723	11.369	337	9
1525598249	20037	63.723	11.364	337	11
1525598249	20080	63.723	11.369	337	9
1525598249	20125	63.723	11.364	337	11
1525598249	20174	63.723	11.408	337	7
1525598249	20217	63.723	11.414	337	7
1525598249	20260	63.723	11.408	337	9
1525598249	20310	63.723	11.319	337	10
1525598249	20351	63.723	11.408	337	1
1525598249	20397	63.723	11.414	337	3
1525598249	20502	63.825	11.274	337	6
1525598249	20446	63.822	11.274	337	3
1525598249	20553	63.826	11.369	337	5
1525598249	20603	63.826	11.42	337	9
1525598249	20701	63.826	11.414	337	3
1525598249	20648	63.826	11.414	337	5
1525598249	20754	63.932	11.408	337	11
1525598249	20802	63.932	11.414	337	11
1525598250	19884	63.514	11.548	337	3
1525598250	19964	63.514	11.593	337	3
1525598250	19924	63.514	11.548	337	10
1525598250	20045	63.514	11.548	337	7
1525598250	20005	63.514	11.548	337	7
1525598250	20090	63.514	11.548	337	14
1525598250	20135	63.514	11.599	337	8
1525598250	20227	63.514	11.599	337	11
1525598250	20182	63.514	11.554	337	4
1525598250	20272	63.514	11.554	337	12
1525598250	20358	63.514	11.554	337	10
1525598250	20319	63.514	11.554	337	4
1525598250	20511	63.562	11.694	337	8
1525598250	20404	63.514	11.604	337	5
1525598250	20453	63.612	11.794	337	9
1525598250	20560	63.617	11.8	337	1
1525598250	20659	63.614	11.75	337	5
1525598250	20613	63.614	11.75	337	12
1525598250	20709	63.614	11.756	337	9
1525598250	20764	63.719	11.699	337	4
1525598251	19892	63.409	12.153	337	3
1525598251	19972	63.409	12.198	337	11
1525598251	19932	63.409	12.198	337	3
1525598251	20013	63.409	12.153	337	5
1525598251	20056	63.409	12.204	337	5
1525598251	20098	63.409	12.153	337	7
1525598251	20142	63.409	12.109	337	1
1525598251	20193	63.409	12.109	337	11
1525598251	20236	63.409	12.153	337	7
1525598251	20279	63.409	12.109	337	10
1525598251	20330	63.409	12.153	337	6
1525598251	20465	63.511	12.159	337	6
1525598251	20520	63.511	12.109	337	10
1525598251	20416	63.511	12.103	337	7
1525598251	20366	63.511	12.103	337	3
1525598251	20570	63.511	12.103	337	6
1525598251	20625	63.511	12.059	337	1
1525598251	20673	63.511	12.103	337	11
1525598251	20719	63.534	12.159	337	1
1525598251	20773	63.615	12.166	337	8
1525598252	19981	63.722	12.109	337	1
1525598252	20020	63.722	12.103	337	7
1525598252	19899	63.722	12.109	337	15
1525598252	20064	63.722	12.153	337	3
1525598252	20110	63.722	12.153	337	1
1525598252	19938	63.722	12.109	337	9
1525598252	20153	63.722	12.153	337	1
1525598252	20201	63.722	12.109	337	5
1525598252	20289	63.722	12.065	337	7
1525598252	20243	63.722	12.065	337	3
1525598252	20336	63.722	12.059	337	5
1525598252	20380	63.818	12.065	337	3
1525598252	20425	63.779	12.065	337	14
1525598252	20483	63.722	12.059	337	10
1525598252	20578	63.825	12.121	337	12
1525598252	20531	63.825	12.166	337	3
1525598252	20681	63.825	12.311	337	5
1525598252	20633	63.825	12.355	337	4
1525598252	20735	63.825	12.305	337	10
1525598252	20785	63.825	12.254	337	5
1525598253	19908	63.518	11.762	337	4
1525598253	19949	63.518	11.768	337	4
1525598253	19989	63.518	11.762	337	1
1525598253	20072	63.518	11.768	337	8
1525598253	20119	63.518	11.768	337	7
1525598253	20028	63.518	11.717	337	12
1525598253	20165	63.518	11.806	337	4
1525598253	20251	63.518	11.851	337	9
1525598253	20299	63.518	11.806	337	8
1525598253	20210	63.518	11.851	337	5
1525598253	20388	63.518	11.806	337	3
1525598253	20344	63.518	11.762	337	13
1525598253	20436	63.518	11.812	337	9
1525598253	20493	63.622	11.857	337	4
1525598253	20540	63.622	11.768	337	11
1525598253	20590	63.622	11.762	337	5
1525598253	20640	63.622	11.762	337	3
1525598253	20692	63.622	11.756	337	10
1525598253	20744	63.727	11.851	337	3
1525598253	20795	63.727	11.768	337	7
1525598254	19916	63.833	11.812	337	8
1525598254	19996	63.833	11.818	337	9
1525598254	19956	63.833	11.818	337	5
1525598254	20037	63.833	11.818	337	11
1525598254	20080	63.833	11.812	337	9
1525598254	20125	63.833	11.824	337	11
1525598254	20174	63.833	11.78	337	7
1525598254	20260	63.833	11.774	337	9
1525598254	20217	63.833	11.774	337	7
1525598254	20310	63.833	11.824	337	10
1525598254	20351	63.833	11.774	337	1
1525598254	20397	63.833	11.774	337	3
1525598254	20446	63.907	11.818	337	3
1525598254	20502	63.932	11.818	337	6
1525598254	20553	63.939	11.768	337	5
1525598254	20603	63.939	11.717	337	9
1525598254	20701	63.939	11.667	337	3
1525598254	20648	63.939	11.667	337	5
1525598254	20754	64.043	11.661	337	11
1525598254	20802	64.043	11.661	337	11
1525598255	19924	63.417	11.863	337	10
1525598255	19964	63.417	11.863	337	3
1525598255	20045	63.417	11.863	337	7
1525598255	19884	63.417	11.863	337	3
1525598255	20005	63.417	11.857	337	7
1525598255	20090	63.417	11.818	337	14
1525598255	20135	63.417	11.812	337	8
1525598255	20227	63.417	11.812	337	11
1525598255	20182	63.417	11.818	337	4
1525598255	20272	63.417	11.818	337	12
1525598255	20319	63.417	11.812	337	4
1525598255	20358	63.417	11.812	337	10
1525598255	20404	63.417	11.717	337	5
1525598255	20511	63.52	11.628	337	8
1525598255	20453	63.52	11.566	337	9
1525598255	20560	63.52	11.566	337	1
1525598255	20613	63.52	11.465	337	12
1525598255	20659	63.52	11.465	337	5
1525598255	20709	63.592	11.414	337	9
1525598255	20764	63.624	11.313	337	4
1525598256	19932	63.731	10.566	337	3
1525598256	19972	63.731	10.572	337	11
1525598256	19892	63.731	10.657	337	3
1525598256	20013	63.731	10.662	337	5
1525598256	20056	63.731	10.611	337	5
1525598256	20098	63.731	10.611	337	7
1525598256	20142	63.731	10.561	337	3
1525598256	20193	63.731	10.566	337	11
1525598256	20236	63.731	10.566	337	7
1525598256	20279	63.731	10.611	337	10
1525598256	20330	63.731	10.617	337	6
1525598256	20465	63.823	10.561	337	6
1525598256	20520	63.835	10.611	337	10
1525598256	20416	63.836	10.622	337	7
1525598256	20366	63.836	10.622	337	3
1525598256	20570	63.836	10.712	337	6
1525598256	20673	63.836	10.814	337	11
1525598256	20625	63.836	10.853	337	1
1525598256	20719	63.836	10.758	337	1
1525598256	20773	63.938	10.808	337	8
1525598257	19899	63.522	11.24	337	15
1525598257	19938	63.522	11.234	337	9
1525598257	19981	63.522	11.195	337	1
1525598257	20110	63.522	11.145	337	1
1525598257	20064	63.522	11.15	337	3
1525598257	20020	63.522	11.195	337	7
1525598257	20153	63.522	11.145	337	1
1525598257	20201	63.522	11.19	337	5
1525598257	20289	63.522	11.145	337	7
1525598257	20243	63.522	11.145	337	3
1525598257	20336	63.522	11.24	337	5
1525598257	20425	63.618	11.285	337	14
1525598257	20380	63.624	11.24	337	3
1525598257	20483	63.522	11.285	337	10
1525598257	20578	63.624	11.273	337	12
1525598257	20531	63.624	11.184	337	3
1525598257	20681	63.624	11.038	337	5
1525598257	20633	63.624	10.988	337	4
1525598257	20735	63.624	11.038	337	10
1525598257	20785	63.725	11.089	337	5
1525598258	19908	63.833	10.651	337	4
1525598258	19949	63.833	10.691	337	4
1525598258	19989	63.833	10.696	337	1
1525598258	20072	63.833	10.691	337	8
1525598258	20028	63.833	10.696	337	12
1525598258	20119	63.833	10.691	337	7
1525598258	20165	63.833	10.691	337	4
1525598258	20251	63.833	10.646	337	9
1525598258	20299	63.833	10.601	337	8
1525598258	20210	63.833	10.601	337	5
1525598258	20388	63.833	10.646	337	3
1525598258	20344	63.833	10.651	337	13
1525598258	20493	63.94	10.646	337	4
1525598258	20436	63.906	10.696	337	9
1525598258	20540	63.94	10.696	337	11
1525598258	20590	63.94	10.691	337	5
1525598258	20692	63.94	10.691	337	10
1525598258	20640	63.94	10.685	337	3
1525598258	20744	64.047	10.59	337	3
1525598258	20795	64.047	10.781	337	1
1525598259	19916	63.422	12.13	337	8
1525598259	19956	63.422	12.086	337	5
1525598259	19996	63.422	12.124	337	9
1525598259	20080	63.422	12.13	337	9
1525598259	20037	63.422	12.124	337	11
1525598259	20125	63.422	12.174	337	11
1525598259	20174	63.422	12.218	337	7
1525598259	20260	63.422	12.231	337	9
1525598259	20217	63.422	12.224	337	7
1525598259	20310	63.422	12.224	337	10
1525598259	20351	63.422	12.231	337	1
1525598259	20397	63.422	12.231	337	3
1525598259	20502	63.514	12.224	337	1
1525598259	20446	63.506	12.231	337	3
1525598259	20553	63.524	12.224	337	1
1525598259	20603	63.524	12.187	337	9
1525598259	20701	63.524	12.187	337	3
1525598259	20648	63.524	12.18	337	5
1525598259	20754	63.629	12.086	337	11
1525598259	20802	63.629	12.08	337	12
1525598260	19884	63.73	12.331	337	3
1525598260	19964	63.73	12.325	337	3
1525598260	19924	63.73	12.331	337	10
1525598260	20045	63.73	12.331	337	7
1525598260	20005	63.732	12.337	337	9
1525598260	20090	63.732	12.381	337	14
1525598260	20135	63.732	12.425	337	1
1525598260	20182	63.732	12.425	337	4
1525598260	20227	63.732	12.425	337	11
1525598260	20272	63.732	12.419	337	1
1525598260	20358	63.732	12.425	337	10
1525598260	20319	63.732	12.425	337	4
1525598260	20404	63.745	12.469	337	5
1525598260	20511	63.765	12.469	337	10
1525598260	20453	63.851	12.569	337	9
1525598260	20560	63.851	12.569	337	1
1525598260	20613	63.851	12.669	337	12
1525598260	20659	63.851	12.719	337	5
1525598260	20709	63.851	12.756	337	9
1525598260	20764	63.851	12.819	337	1
1525598261	19972	63.441	13.207	337	10
1525598261	19932	63.441	13.207	337	3
1525598261	19892	63.441	13.163	337	3
1525598261	20013	63.441	13.163	337	5
1525598261	20056	63.441	13.207	337	5
1525598261	20098	63.441	13.257	337	7
1525598261	20142	63.441	13.257	337	3
1525598261	20193	63.441	13.257	337	11
1525598261	20236	63.441	13.257	337	7
1525598261	20279	63.441	13.213	337	12
1525598261	20330	63.441	13.213	337	6
1525598261	20465	63.533	13.307	337	6
1525598261	20520	63.543	13.3	337	10
1525598261	20416	63.543	13.25	337	7
1525598261	20366	63.543	13.243	337	3
1525598261	20570	63.543	13.157	337	6
1525598261	20625	63.543	13.02	337	1
1525598261	20673	63.543	13.057	337	11
1525598261	20719	63.648	13.007	337	1
1525598261	20773	63.648	12.906	337	7
1525598262	19938	63.754	12.525	337	10
1525598262	19899	63.754	12.481	337	15
1525598262	19981	63.754	12.525	337	1
1525598262	20020	63.754	12.525	337	8
1525598262	20110	63.754	12.519	337	1
1525598262	20064	63.754	12.519	337	3
1525598262	20153	63.754	12.519	337	1
1525598262	20201	63.754	12.475	337	5
1525598262	20289	63.754	12.519	337	9
1525598262	20243	63.754	12.519	337	3
1525598262	20483	63.754	12.581	337	10
1525598262	20425	63.827	12.581	337	16
1525598262	20336	63.754	12.519	337	5
1525598262	20380	63.858	12.625	337	3
1525598262	20531	63.86	12.682	337	3
1525598262	20578	63.858	12.638	337	1
1525598262	20681	63.86	12.826	337	5
1525598262	20633	63.86	12.926	337	4
1525598262	20735	63.861	12.832	337	8
1525598262	20785	63.967	12.826	337	5
1525598263	19949	63.448	13.22	337	1
1525598263	19908	63.448	13.22	337	4
1525598263	19989	63.448	13.176	337	1
1525598263	20072	63.448	13.183	337	8
1525598263	20119	63.448	13.139	337	5
1525598263	20028	63.448	13.183	337	12
1525598263	20165	63.448	13.19	337	4
1525598263	20251	63.448	13.19	337	9
1525598263	20299	63.448	13.19	337	7
1525598263	20210	63.448	13.19	337	5
1525598263	20436	63.448	13.052	337	8
1525598263	20388	63.448	13.146	337	3
1525598263	20493	63.538	13.102	337	4
1525598263	20344	63.448	13.139	337	15
1525598263	20540	63.549	13.096	337	11
1525598263	20590	63.549	13.146	337	5
1525598263	20640	63.549	13.052	337	3
1525598263	20692	63.549	13.052	337	11
1525598263	20744	63.655	13.059	337	3
1525598263	20795	63.655	12.908	337	1
1525598264	19916	63.76	11.515	337	9
1525598264	19956	63.76	11.509	337	5
1525598264	19996	63.76	11.56	337	11
1525598264	20037	63.76	11.515	337	11
1525598264	20080	63.76	11.515	337	9
1525598264	20125	63.76	11.426	337	13
1525598264	20174	63.76	11.465	337	7
1525598264	20260	63.76	11.459	337	9
1525598264	20217	63.76	11.465	337	8
1525598264	20310	63.76	11.459	337	10
1525598264	20351	63.76	11.459	337	1
1525598264	20397	63.76	11.453	337	3
1525598264	20502	63.856	11.465	337	1
1525598264	20446	63.806	11.459	337	3
1525598264	20553	63.865	11.554	337	1
1525598264	20603	63.865	11.554	337	9
1525598264	20701	63.865	11.655	337	3
1525598264	20648	63.865	11.744	337	5
1525598264	20754	63.97	11.806	337	11
1525598264	20802	63.97	11.812	337	12
1525598265	19924	63.556	11.229	337	10
1525598265	19884	63.556	11.223	337	3
1525598265	20045	63.556	11.274	337	7
1525598265	19964	63.556	11.229	337	3
1525598265	20090	63.556	11.179	337	14
1525598265	20005	63.556	11.179	337	9
1525598265	20135	63.556	11.083	337	1
1525598265	20227	63.556	11.128	337	10
1525598265	20182	63.556	11.128	337	4
1525598265	20272	63.556	11.134	337	1
1525598265	20358	63.556	11.128	337	10
1525598265	20319	63.556	11.134	337	4
1525598265	20511	63.556	11.134	337	10
1525598265	20404	63.556	11.128	337	5
1525598265	20453	63.615	11.179	337	9
1525598265	20560	63.657	11.179	337	1
1525598265	20613	63.66	11.179	337	12
1525598265	20659	63.66	11.128	337	5
1525598265	20709	63.66	11.044	337	8
1525598265	20764	63.66	10.987	337	1
1525598266	19892	63.872	10.745	337	3
1525598266	19972	63.872	10.74	337	8
1525598266	19932	63.872	10.74	337	3
1525598266	20013	63.872	10.7	337	5
1525598266	20056	63.872	10.649	337	5
1525598266	20098	63.872	10.598	337	7
1525598266	20142	63.872	10.694	337	3
1525598266	20193	63.872	10.694	337	11
1525598266	20236	63.872	10.598	337	7
1525598266	20279	63.872	10.604	337	12
1525598266	20330	63.872	10.598	337	6
1525598266	20465	63.973	10.558	337	6
1525598266	20520	63.973	10.513	337	10
1525598266	20416	63.973	10.604	337	7
1525598266	20366	63.973	10.609	337	3
1525598266	20570	63.973	10.604	337	6
1525598266	20625	63.973	10.609	337	1
1525598266	20673	63.973	10.609	337	11
1525598266	20719	64.08	10.66	337	1
1525598266	20773	64.08	10.756	337	7
1525598267	19899	63.453	11.297	337	15
1525598267	19981	63.453	11.297	337	1
1525598267	19938	63.453	11.303	337	10
1525598267	20020	63.453	11.348	337	7
1525598267	20110	63.453	11.252	337	1
1525598267	20064	63.453	11.252	337	3
1525598267	20153	63.453	11.303	337	1
1525598267	20201	63.453	11.348	337	5
1525598267	20289	63.453	11.258	337	9
1525598267	20243	63.453	11.263	337	3
1525598267	20336	63.453	11.303	337	5
1525598267	20483	63.553	11.151	337	10
1525598267	20380	63.556	11.151	337	3
1525598267	20425	63.556	11.151	337	16
1525598267	20578	63.556	11.049	337	1
1525598267	20531	63.556	11.01	337	3
1525598267	20681	63.556	10.948	337	5
1525598267	20633	63.556	10.852	337	4
1525598267	20735	63.564	10.948	337	8
1525598267	20785	63.662	10.953	337	5
1525598268	19908	63.765	10.79	337	4
1525598268	19949	63.765	10.745	337	1
1525598268	19989	63.765	10.79	337	1
1525598268	20072	63.765	10.785	337	8
1525598268	20028	63.765	10.785	337	12
1525598268	20119	63.765	10.79	337	5
1525598268	20165	63.765	10.74	337	4
1525598268	20251	63.765	10.734	337	9
1525598268	20299	63.765	10.779	337	7
1525598268	20210	63.765	10.689	337	5
1525598268	20388	63.765	10.734	337	3
1525598268	20344	63.838	10.779	337	14
1525598268	20436	63.787	10.779	337	8
1525598268	20493	63.87	10.734	337	4
1525598268	20540	63.871	10.835	337	10
1525598268	20590	63.871	10.835	337	5
1525598268	20640	63.871	10.982	337	3
1525598268	20692	63.871	10.976	337	10
1525598268	20744	63.871	10.931	337	3
1525598268	20795	63.974	11.032	337	1
1525598269	19996	63.56	11.437	337	11
1525598269	19956	63.56	11.533	337	5
1525598269	19916	63.56	11.527	337	8
1525598269	20037	63.56	11.527	337	11
1525598269	20080	63.56	11.527	337	7
1525598269	20125	63.56	11.572	337	11
1525598269	20174	63.56	11.527	337	7
1525598269	20260	63.56	11.527	337	9
1525598269	20217	63.56	11.527	337	7
1525598269	20310	63.56	11.572	337	10
1525598269	20351	63.56	11.572	337	1
1525598269	20397	63.56	11.572	337	3
1525598269	20446	63.562	11.616	337	3
1525598269	20502	63.648	11.61	337	1
1525598269	20553	63.656	11.527	337	1
1525598269	20603	63.656	11.521	337	9
1525598269	20648	63.656	11.488	337	5
1525598269	20701	63.656	11.572	337	3
1525598269	20754	63.759	11.426	337	11
1525598269	20802	63.759	11.426	337	11
1525598270	19964	63.863	11.106	337	3
1525598270	19924	63.863	11.15	337	10
1525598270	20045	63.863	11.061	337	7
1525598270	19884	63.863	11.111	337	3
1525598270	20005	63.863	11.156	337	7
1525598270	20090	63.863	11.15	337	14
1525598270	20135	63.863	11.206	337	1
1525598270	20182	63.863	11.111	337	4
1525598270	20227	63.863	11.156	337	10
1525598270	20272	63.863	11.15	337	1
1525598270	20319	63.863	11.201	337	4
1525598270	20358	63.863	11.206	337	10
1525598270	20404	63.863	11.117	337	5
1525598270	20511	63.963	11.111	337	10
1525598270	20560	63.968	10.915	337	1
1525598270	20453	63.968	10.92	337	9
1525598270	20659	63.968	10.965	337	5
1525598270	20613	63.968	10.965	337	12
1525598270	20709	63.968	11.106	337	8
1525598270	20764	64.076	11.15	337	1
1525598271	19972	63.453	11.465	337	8
1525598271	19892	63.453	11.42	337	3
1525598271	19932	63.453	11.47	337	3
1525598271	20013	63.453	11.504	337	5
1525598271	20056	63.453	11.509	337	5
1525598271	20098	63.453	11.56	337	7
1525598271	20142	63.453	11.515	337	3
1525598271	20193	63.453	11.509	337	11
1525598271	20236	63.453	11.649	337	7
1525598271	20279	63.453	11.599	337	11
1525598271	20330	63.453	11.643	337	6
1525598271	20465	63.486	11.599	337	6
1525598271	20520	63.557	11.599	337	10
1525598271	20416	63.557	11.554	337	7
1525598271	20366	63.557	11.554	337	3
1525598271	20570	63.557	11.599	337	6
1525598271	20625	63.557	11.593	337	1
1525598271	20673	63.557	11.548	337	11
1525598271	20719	63.564	11.699	337	1
1525598271	20773	63.663	11.655	337	7
1525598272	19938	63.766	11.195	337	10
1525598272	19981	63.766	11.195	337	1
1525598272	20020	63.766	11.15	337	7
1525598272	20064	63.766	11.201	337	2
1525598272	20110	63.766	11.206	337	1
1525598272	19899	63.766	11.24	337	15
1525598272	20153	63.766	11.246	337	1
1525598272	20201	63.766	11.201	337	5
1525598272	20289	63.766	11.246	337	9
1525598272	20243	63.766	11.24	337	3
1525598272	20336	63.766	11.156	337	5
1525598272	20483	63.866	11.201	337	10
1525598272	20425	63.873	11.201	337	16
1525598272	20380	63.873	11.201	337	3
1525598272	20578	63.874	11.251	337	1
1525598272	20531	63.874	11.29	337	1
1525598272	20633	63.874	11.352	337	4
1525598272	20681	63.874	11.352	337	5
1525598272	20735	63.874	11.302	337	8
1525598272	20785	63.979	11.296	337	5
1525598273	19949	63.455	11.537	337	1
1525598273	19989	63.455	11.537	337	1
1525598273	19908	63.455	11.492	337	4
1525598273	20072	63.455	11.593	337	8
1525598273	20028	63.455	11.587	337	12
1525598273	20119	63.455	11.581	337	5
1525598273	20165	63.455	11.587	337	4
1525598273	20251	63.455	11.593	337	9
1525598273	20299	63.455	11.587	337	7
1525598273	20210	63.455	11.637	337	5
1525598273	20436	63.455	11.637	337	8
1525598273	20344	63.455	11.593	337	14
1525598273	20493	63.455	11.587	337	4
1525598273	20388	63.455	11.637	337	3
1525598273	20540	63.558	11.537	337	10
1525598273	20590	63.558	11.486	337	5
1525598273	20640	63.558	11.391	337	3
1525598273	20692	63.558	11.397	337	10
1525598273	20744	63.654	11.436	337	3
1525598273	20795	63.663	11.341	337	1
1525598274	19916	63.771	10.932	337	8
1525598274	19956	63.771	10.932	337	5
1525598274	19996	63.771	10.982	337	11
1525598274	20080	63.771	10.938	337	7
1525598274	20037	63.771	10.938	337	11
1525598274	20125	63.771	10.932	337	11
1525598274	20174	63.771	10.943	337	7
1525598274	20260	63.771	10.988	337	9
1525598274	20217	63.771	10.988	337	7
1525598274	20310	63.771	10.898	337	10
1525598274	20351	63.771	10.937	337	1
1525598274	20397	63.771	10.949	337	3
1525598274	20446	63.832	10.938	337	3
1525598274	20502	63.874	10.943	337	1
1525598274	20553	63.879	10.988	337	1
1525598274	20603	63.879	11.033	337	9
1525598274	20648	63.879	11.027	337	5
1525598274	20701	63.879	10.937	337	3
1525598274	20802	63.983	10.993	337	11
1525598274	20754	63.983	10.993	337	11
1525598275	19924	63.566	11.364	337	10
1525598275	19884	63.566	11.408	337	3
1525598275	19964	63.566	11.414	337	3
1525598275	20045	63.566	11.408	337	7
1525598275	20005	63.566	11.358	337	7
1525598275	20090	63.566	11.313	337	14
1525598275	20135	63.566	11.307	337	1
1525598275	20227	63.566	11.358	337	10
1525598275	20182	63.566	11.397	337	4
1525598275	20272	63.566	11.358	337	1
1525598275	20319	63.571	11.307	337	4
1525598275	20358	63.571	11.302	337	10
1525598275	20404	63.571	11.352	337	5
1525598275	20511	63.676	11.397	337	10
1525598275	20453	63.677	11.447	337	9
1525598275	20560	63.677	11.453	337	1
1525598275	20613	63.677	11.296	337	12
1525598275	20659	63.677	11.296	337	5
1525598275	20709	63.765	11.251	337	8
1525598275	20764	63.78	11.201	337	1
1525598276	19932	63.884	10.73	337	3
1525598276	19892	63.884	10.781	337	3
1525598276	19972	63.884	10.736	337	8
1525598276	20013	63.884	10.786	337	5
1525598276	20056	63.884	10.781	337	5
1525598276	20098	63.884	10.781	337	7
1525598276	20142	63.884	10.73	337	3
1525598276	20193	63.884	10.736	337	11
1525598276	20236	63.884	10.691	337	7
1525598276	20279	63.884	10.781	337	11
1525598276	20330	63.884	10.736	337	6
1525598276	20465	63.884	10.775	337	6
1525598276	20520	63.983	10.826	337	10
1525598276	20366	63.989	10.826	337	3
1525598276	20416	63.989	10.826	337	7
1525598276	20570	63.989	10.876	337	6
1525598276	20625	63.989	10.876	337	1
1525598276	20673	63.989	10.921	337	11
1525598276	20719	64.062	10.781	337	1
1525598276	20773	64.095	10.915	337	7
1525598277	19938	63.473	11.469	337	10
1525598277	19981	63.473	11.513	337	1
1525598277	19899	63.473	11.424	337	15
1525598277	20020	63.473	11.508	337	7
1525598277	20110	63.473	11.546	337	1
1525598277	20064	63.473	11.552	337	1
1525598277	20153	63.473	11.457	337	1
1525598277	20201	63.473	11.457	337	5
1525598277	20289	63.473	11.413	337	9
1525598277	20243	63.473	11.413	337	3
1525598277	20336	63.473	11.457	337	5
1525598277	20483	63.473	11.407	337	10
1525598277	20380	63.574	11.413	337	3
1525598277	20425	63.565	11.362	337	16
1525598277	20578	63.574	11.452	337	1
1525598277	20531	63.574	11.407	337	1
1525598277	20633	63.574	11.307	337	4
1525598277	20735	63.574	11.256	337	8
1525598277	20681	63.574	11.307	337	5
1525598277	20785	63.68	11.301	337	5
1525598278	19908	63.787	10.915	337	4
1525598278	19949	63.787	10.871	337	1
1525598278	19989	63.787	10.871	337	1
1525598278	20072	63.787	10.815	337	8
1525598278	20028	63.787	10.82	337	12
1525598278	20119	63.787	10.865	337	5
1525598278	20165	63.787	10.815	337	4
1525598278	20251	63.787	10.86	337	9
1525598278	20299	63.787	10.82	337	7
1525598278	20344	63.787	10.815	337	14
1525598278	20388	63.787	10.77	337	3
1525598278	20436	63.787	10.77	337	8
1525598278	20210	63.787	10.815	337	5
1525598278	20493	63.882	10.82	337	4
1525598278	20540	63.894	10.865	337	10
1525598278	20590	63.894	10.921	337	5
1525598278	20640	63.894	10.966	337	3
1525598278	20692	63.894	10.966	337	10
1525598278	20744	63.894	11.016	337	3
1525598278	20795	63.998	11.072	337	1
1525598279	19916	63.576	11.558	337	8
1525598279	19956	63.576	11.558	337	5
1525598279	20037	63.577	11.647	337	11
1525598279	20080	63.577	11.647	337	7
1525598279	19996	63.576	11.602	337	11
1525598279	20125	63.577	11.602	337	11
1525598279	20174	63.577	11.596	337	7
1525598279	20217	63.577	11.546	337	7
1525598279	20260	63.577	11.552	337	9
1525598279	20310	63.577	11.641	337	10
1525598279	20351	63.577	11.558	337	1
1525598279	20397	63.577	11.596	337	3
1525598279	20446	63.648	11.558	337	3
1525598279	20502	63.668	11.558	337	1
1525598279	20553	63.674	11.508	337	1
1525598279	20603	63.674	11.508	337	9
1525598279	20648	63.674	11.38	337	5
1525598279	20701	63.674	11.469	337	3
1525598279	20754	63.772	11.513	337	11
1525598279	20802	63.772	11.508	337	11
1525598280	19884	63.879	11.573	337	3
1525598280	19964	63.879	11.612	337	3
1525598280	19924	63.879	11.617	337	10
1525598280	20005	63.879	11.617	337	7
1525598280	20045	63.879	11.617	337	7
1525598280	20090	63.879	11.617	337	14
1525598280	20135	63.879	11.668	337	1
1525598280	20227	63.884	11.623	337	10
1525598280	20182	63.884	11.623	337	4
1525598280	20272	63.884	11.623	337	1
1525598280	20319	63.884	11.623	337	4
1525598280	20358	63.884	11.629	337	10
1525598280	20404	63.989	11.718	337	5
1525598280	20511	63.989	11.629	337	10
1525598280	20453	63.989	11.573	337	9
1525598280	20560	63.989	11.567	337	1
1525598280	20613	63.989	11.723	337	12
1525598280	20659	63.989	11.768	337	5
1525598280	20709	64.087	11.673	337	8
1525598280	20764	64.096	11.868	337	1
1525598281	19892	63.473	12.268	337	3
1525598281	19972	63.473	12.312	337	8
1525598281	19932	63.473	12.312	337	3
1525598281	20013	63.473	12.268	337	5
1525598281	20056	63.473	12.224	337	5
1525598281	20098	63.473	12.218	337	7
1525598281	20142	63.473	12.312	337	3
1525598281	20193	63.473	12.306	337	11
1525598281	20236	63.473	12.262	337	7
1525598281	20279	63.473	12.224	337	11
1525598281	20330	63.473	12.224	337	6
1525598281	20465	63.579	12.224	337	6
1525598281	20520	63.581	12.18	337	10
1525598281	20416	63.581	12.18	337	7
1525598281	20366	63.581	12.18	337	3
1525598281	20570	63.581	12.086	337	6
1525598281	20625	63.581	12.13	337	1
1525598281	20673	63.581	12.086	337	11
1525598281	20719	63.676	11.974	337	1
1525598281	20773	63.682	11.841	337	7
1525598282	19899	63.788	11.251	337	15
1525598282	19981	63.788	11.206	337	1
1525598282	19938	63.788	11.245	337	10
1525598282	20020	63.788	11.206	337	7
1525598282	20064	63.788	11.2	337	1
1525598282	20110	63.788	11.206	337	1
1525598282	20153	63.788	11.212	337	1
1525598282	20201	63.788	11.256	337	5
1525598282	20289	63.788	11.256	337	9
1525598282	20243	63.788	11.251	337	3
1525598282	20336	63.788	11.206	337	5
1525598282	20425	63.894	11.307	337	16
1525598282	20380	63.894	11.256	337	3
1525598282	20483	63.894	11.262	337	10
1525598282	20578	63.896	11.217	337	1
1525598282	20531	63.896	11.262	337	1
1525598282	20681	63.896	11.362	337	5
1525598282	20633	63.896	11.407	337	4
1525598282	20735	63.896	11.457	337	8
1525598282	20785	64.003	11.318	337	5
1525598283	19908	63.482	11.67	337	4
1525598283	19949	63.482	11.676	337	1
1525598283	19989	63.482	11.626	337	1
1525598283	20119	63.482	11.626	337	5
1525598283	20072	63.482	11.67	337	8
1525598283	20165	63.482	11.726	337	4
1525598283	20028	63.482	11.664	337	12
1525598283	20251	63.482	11.682	337	9
1525598283	20299	63.482	11.72	337	7
1525598283	20210	63.482	11.676	337	5
1525598283	20388	63.482	11.72	337	3
1525598283	20436	63.486	11.726	337	8
1525598283	20344	63.482	11.682	337	14
1525598283	20493	63.583	11.765	337	4
1525598283	20540	63.583	11.67	337	10
1525598283	20590	63.583	11.664	337	5
1525598283	20640	63.583	11.714	337	3
1525598283	20692	63.583	11.714	337	10
1525598283	20744	63.689	11.777	337	3
1525598283	20795	63.689	11.714	337	1
1525598284	19916	63.796	11.19	337	8
1525598284	19956	63.796	11.19	337	5
1525598284	19996	63.796	11.1	337	11
1525598284	20080	63.796	11.049	337	7
1525598284	20037	63.796	11.055	337	11
1525598284	20125	63.796	11.1	337	11
1525598284	20174	63.796	11.089	337	7
1525598284	20260	63.796	11.094	337	9
1525598284	20217	63.796	11.1	337	7
1525598284	20310	63.796	11.094	337	10
1525598284	20351	63.796	11.134	337	1
1525598284	20397	63.796	11.094	337	3
1525598284	20446	63.898	11.134	337	3
1525598284	20502	63.899	11.134	337	1
1525598284	20553	63.899	11.184	337	1
1525598284	20603	63.899	11.19	337	9
1525598284	20701	63.899	11.268	337	3
1525598284	20648	63.899	11.268	337	5
1525598284	20802	64.004	11.19	337	11
1525598284	20754	64.004	11.184	337	11
1525598285	19884	63.481	11.246	337	3
1525598285	19924	63.481	11.206	337	10
1525598285	19964	63.481	11.206	337	3
1525598285	20045	63.481	11.206	337	7
1525598285	20005	63.481	11.162	337	7
1525598285	20090	63.481	11.251	337	14
1525598285	20135	63.481	11.111	337	1
1525598285	20227	63.481	11.156	337	10
1525598285	20182	63.481	11.111	337	4
1525598285	20272	63.481	11.156	337	1
1525598285	20319	63.481	11.156	337	4
1525598285	20511	63.577	11.341	337	10
1525598285	20560	63.585	11.408	337	1
1525598285	20453	63.585	11.408	337	9
1525598285	20358	63.481	11.15	337	10
1525598285	20404	63.481	11.111	337	5
1525598285	20613	63.585	11.403	337	12
1525598285	20659	63.585	11.358	337	5
1525598285	20709	63.585	11.358	337	8
1525598285	20764	63.685	11.268	337	1
1525598286	19892	63.799	10.904	337	3
1525598286	19932	63.799	10.864	337	3
1525598286	19972	63.799	10.864	337	8
1525598286	20013	63.799	10.864	337	5
1525598286	20056	63.799	10.859	337	5
1525598286	20098	63.799	10.864	337	7
1525598286	20193	63.799	10.864	337	11
1525598286	20142	63.799	10.819	337	3
1525598286	20236	63.799	10.819	337	7
1525598286	20279	63.799	10.853	337	11
1525598286	20330	63.799	10.859	337	6
1525598286	20465	63.903	10.814	337	6
1525598286	20520	63.905	10.814	337	10
1525598286	20366	63.905	10.864	337	3
1525598286	20416	63.905	10.904	337	7
1525598286	20570	63.905	10.909	337	6
1525598286	20625	63.905	10.92	337	1
1525598286	20673	63.905	10.965	337	11
1525598286	20719	63.905	11.117	337	1
1525598286	20773	64.006	11.162	337	7
1525598287	19899	63.597	11.901	337	15
1525598287	19938	63.597	11.907	337	10
1525598287	19981	63.597	11.907	337	1
1525598287	20020	63.597	11.863	337	7
1525598287	20064	63.597	11.869	337	1
1525598287	20110	63.597	11.863	337	1
1525598287	20153	63.597	11.857	337	1
1525598287	20201	63.597	11.857	337	5
1525598287	20289	63.597	11.857	337	9
1525598287	20243	63.597	11.869	337	3
1525598287	20336	63.597	11.907	337	5
1525598287	20425	63.6	11.946	337	16
1525598287	20483	63.597	11.996	337	10
1525598287	20380	63.644	11.952	337	3
1525598287	20578	63.701	12.002	337	1
1525598287	20531	63.701	12.052	337	1
1525598287	20681	63.701	12.002	337	5
1525598287	20633	63.701	11.958	337	4
1525598287	20735	63.701	11.958	337	8
1525598287	20785	63.806	12.097	337	5
1525598288	19908	63.913	11.839	337	4
1525598288	19949	63.913	11.833	337	1
1525598288	19989	63.913	11.883	337	1
1525598288	20072	63.913	11.839	337	8
1525598288	20028	63.913	11.845	337	12
1525598288	20119	63.913	11.883	337	5
1525598288	20165	63.913	11.827	337	4
1525598288	20251	63.913	11.827	337	9
1525598288	20299	63.913	11.833	337	7
1525598288	20210	63.913	11.922	337	5
1525598288	20388	63.913	11.883	337	3
1525598288	20436	63.913	11.871	337	8
1525598288	20493	64.018	11.782	337	4
1525598288	20344	63.998	11.916	337	14
1525598288	20540	64.014	11.833	337	10
1525598288	20590	64.014	11.833	337	5
1525598288	20640	64.014	11.744	337	3
1525598288	20692	64.014	11.744	337	10
1525598288	20744	64.12	11.732	337	3
1525598288	20795	64.12	11.827	337	1
1525598289	19956	63.491	12.38	337	5
1525598289	19996	63.491	12.374	337	11
1525598289	19916	63.491	12.38	337	8
1525598289	20037	63.491	12.374	337	11
1525598289	20080	63.491	12.374	337	7
1525598289	20125	63.491	12.33	337	11
1525598289	20174	63.491	12.336	337	7
1525598289	20217	63.491	12.33	337	7
1525598289	20260	63.491	12.33	337	9
1525598289	20310	63.491	12.286	337	10
1525598289	20351	63.491	12.292	337	1
1525598289	20397	63.491	12.286	337	3
1525598289	20446	63.589	12.248	337	3
1525598289	20502	63.595	12.242	337	1
1525598289	20603	63.595	12.147	337	9
1525598289	20553	63.595	12.198	337	1
1525598289	20648	63.595	12.147	337	5
1525598289	20701	63.595	12.153	337	3
1525598289	20754	63.701	12.141	337	11
1525598289	20802	63.701	12.141	337	11
1525598290	19884	63.807	11.851	337	3
1525598290	19964	63.807	11.8	337	3
1525598290	20005	63.807	11.895	337	7
1525598290	20090	63.807	11.851	337	14
1525598290	19924	63.807	11.845	337	10
1525598290	20135	63.807	11.984	337	1
1525598290	20045	63.807	11.845	337	7
1525598290	20227	63.807	12.034	337	10
1525598290	20182	63.807	12.04	337	4
1525598290	20272	63.807	12.04	337	1
1525598290	20358	63.807	12.091	337	10
1525598290	20404	63.807	12.085	337	5
1525598290	20319	63.807	12.085	337	4
1525598290	20453	63.89	11.99	337	9
1525598290	20511	63.807	11.901	337	10
1525598290	20560	63.899	11.996	337	1
1525598290	20659	63.909	12.141	337	5
1525598290	20613	63.909	12.135	337	12
1525598290	20709	63.909	12.236	337	8
1525598290	20764	63.91	12.28	337	1
1525598291	19892	63.602	14.953	337	3
1525598291	19972	63.602	14.911	337	8
1525598291	19932	63.602	14.911	337	3
1525598291	20013	63.602	14.953	337	5
1525598291	20056	63.602	15.052	337	5
1525598291	20098	63.602	15.002	337	7
1525598291	20142	63.602	15.002	337	3
1525598291	20193	63.602	14.96	337	11
1525598291	20236	63.602	15.045	337	7
1525598291	20279	63.602	15.06	337	11
1525598291	20330	63.602	15.052	337	6
1525598291	20465	63.637	15.094	337	6
1525598291	20520	63.707	15.087	337	10
1525598291	20416	63.707	14.96	337	7
1525598291	20366	63.707	14.995	337	3
1525598291	20570	63.707	14.995	337	6
1525598291	20625	63.707	14.988	337	1
1525598291	20673	63.707	15.03	337	11
1525598291	20719	63.813	15.03	337	1
1525598291	20773	63.813	14.938	337	7
1525598292	19899	63.923	15.487	337	15
1525598292	19938	63.923	15.438	337	10
1525598292	20020	63.923	15.487	337	7
1525598292	20064	63.923	15.529	337	1
1525598292	19981	63.923	15.438	337	1
1525598292	20110	63.923	15.62	337	1
1525598292	20153	63.923	15.678	337	1
1525598292	20201	63.923	15.685	337	5
1525598292	20289	63.923	15.776	337	9
1525598292	20243	63.923	15.776	337	3
1525598292	20336	63.923	15.776	337	5
1525598292	20483	63.923	15.594	337	10
1525598292	20425	63.923	15.644	337	16
1525598292	20380	63.923	15.602	337	3
1525598292	20578	64.026	15.594	337	1
1525598292	20531	64.026	15.545	337	1
1525598292	20681	64.026	15.594	337	5
1525598292	20633	64.026	15.636	337	4
1525598292	20735	64.026	15.693	337	8
1525598292	20785	64.127	15.743	337	5
1525598293	19989	63.409	20.217	337	1
1525598293	20119	63.409	20.237	337	5
1525598293	20028	63.409	20.227	337	12
1525598293	20072	63.409	20.227	337	8
1525598293	20299	63.409	20.484	337	7
1525598293	20251	63.409	20.385	337	9
1525598293	19949	63.409	20.178	337	1
1525598293	20165	63.409	20.286	337	4
1525598293	19908	63.409	20.138	337	4
1525598293	20210	63.409	20.543	337	5
1525598293	20388	63.409	20.543	337	3
1525598293	20344	63.409	20.564	337	14
1525598293	20493	63.409	20.642	337	4
1525598293	20436	63.409	20.564	337	8
1525598293	20540	63.409	20.642	337	10
1525598293	20590	63.512	20.681	337	5
1525598293	20640	63.512	20.71	337	1
1525598293	20692	63.512	20.71	337	10
1525598293	20744	63.512	20.572	337	3
1525598293	20795	63.512	20.533	337	1
1525598294	19956	63.737	23.194	337	5
1525598294	20037	63.737	23.255	337	11
1525598294	19916	63.737	23.156	337	8
1525598294	19996	63.737	23.281	337	11
1525598294	20125	63.737	23.391	337	11
1525598294	20174	63.737	23.451	337	7
1525598294	20217	63.737	23.587	337	7
1525598294	20260	63.737	23.587	337	9
1525598294	20080	63.737	23.266	337	7
1525598294	20310	63.737	23.561	337	10
1525598294	20351	63.737	23.561	337	1
1525598294	20397	63.737	23.587	337	3
1525598294	20446	63.737	23.587	337	3
1525598294	20502	63.737	23.599	337	1
1525598294	20553	63.737	23.576	337	1
1525598294	20603	63.844	23.662	337	9
1525598294	20701	63.841	23.662	337	3
1525598294	20648	63.841	23.749	337	5
1525598294	20802	63.841	23.835	337	11
1525598294	20754	63.841	23.835	337	11
1525598295	19924	63.517	28.481	337	10
1525598295	19884	63.517	28.376	337	3
1525598295	19964	63.517	28.53	337	3
1525598295	20045	63.517	28.46	337	7
1525598295	20005	63.517	28.516	337	7
1525598295	20090	63.517	28.481	337	14
1525598295	20135	63.517	28.495	337	1
1525598295	20227	63.517	28.46	337	10
1525598295	20182	63.517	28.495	337	4
1525598295	20272	63.517	28.53	337	1
1525598295	20319	63.517	28.571	337	4
1525598295	20358	63.517	28.571	337	10
1525598295	20404	63.517	28.592	337	5
1525598295	20511	63.517	28.606	337	10
1525598295	20453	63.621	28.613	337	9
1525598295	20560	63.621	28.613	337	1
1525598295	20613	63.621	28.509	337	12
1525598295	20659	63.621	28.509	337	5
1525598295	20709	63.621	28.544	337	8
1525598295	20764	63.727	28.592	337	1
1525598296	19972	63.845	30.152	337	8
1525598296	19892	63.845	30.083	337	3
1525598296	19932	63.845	30.152	337	3
1525598296	20013	63.845	30.103	337	5
1525598296	20056	63.845	30.132	337	5
1525598296	20142	63.84	30.215	337	3
1525598296	20193	63.84	30.215	337	11
1525598296	20098	63.84	30.167	337	7
1525598296	20236	63.84	30.299	337	7
1525598296	20279	63.841	30.348	337	11
1525598296	20330	63.841	30.445	337	6
1525598296	20465	63.862	30.46	337	6
1525598296	20520	63.946	30.528	337	10
1525598296	20366	63.946	30.679	337	3
1525598296	20416	63.946	30.626	337	7
1525598296	20570	63.946	30.626	337	6
1525598296	20625	63.946	30.675	337	1
1525598296	20673	63.946	30.641	337	11
1525598296	20719	64.055	30.592	337	1
1525598296	20773	64.057	30.69	337	7
1525598297	19899	63.644	34.557	337	15
1525598297	19938	63.644	34.574	337	10
1525598297	19981	63.644	34.606	337	1
1525598297	20020	63.645	34.621	337	7
1525598297	20064	63.645	34.606	337	1
1525598297	20110	63.645	34.542	337	1
1525598297	20153	63.645	34.572	337	1
1525598297	20201	63.645	34.523	337	5
1525598297	20289	63.645	34.442	337	9
1525598297	20243	63.645	34.442	337	1
1525598297	20336	63.645	34.474	337	5
1525598297	20483	63.745	34.54	337	10
1525598297	20425	63.754	34.523	337	16
1525598297	20380	63.754	34.555	337	3
1525598297	20578	63.754	34.506	337	1
1525598297	20531	63.754	34.523	337	1
1525598297	20633	63.754	34.491	337	4
1525598297	20681	63.754	34.442	337	5
1525598297	20735	63.754	34.506	337	8
1525598297	20785	63.754	34.393	337	5
1525598298	19949	63.967	35.073	337	1
1525598298	19908	63.967	35.073	337	4
1525598298	19989	63.967	35.059	337	1
1525598298	20072	63.967	35.09	337	8
1525598298	20028	63.967	35.119	337	12
1525598298	20165	63.967	35.01	337	4
1525598298	20119	63.967	35.088	337	5
1525598298	20251	63.967	35.024	337	9
1525598298	20210	63.968	34.878	337	5
1525598298	20299	63.968	34.976	337	7
1525598298	20388	63.968	34.878	337	3
1525598298	20493	63.968	34.846	337	4
1525598298	20436	63.968	34.91	337	8
1525598298	20344	63.968	34.91	337	14
1525598298	20540	64.073	34.944	337	10
1525598298	20590	64.073	34.961	337	5
1525598298	20640	64.073	34.978	337	1
1525598298	20692	64.073	34.961	337	10
1525598298	20744	64.182	35.041	337	3
1525598298	20795	64.184	35.059	337	1
1525598299	19956	63.592	37.896	337	5
1525598299	19996	63.592	37.877	337	11
1525598299	20125	63.592	37.938	337	11
1525598299	20080	63.592	37.938	337	7
1525598299	20174	63.592	37.908	337	7
1525598299	20037	63.592	37.908	337	11
1525598299	19916	63.592	37.877	337	8
1525598299	20217	63.592	37.877	337	7
1525598299	20310	63.592	37.956	337	10
1525598299	20397	63.592	38.121	337	3
1525598299	20351	63.592	38.084	337	1
1525598299	20260	63.592	37.877	337	9
1525598299	20446	63.594	38.2	337	3
1525598299	20553	63.594	38.267	337	1
1525598299	20603	63.594	38.237	337	9
1525598299	20502	63.594	38.2	337	1
1525598299	20648	63.695	38.323	337	5
1525598299	20701	63.695	38.473	337	3
1525598299	20754	63.695	38.529	337	11
1525598299	20802	63.695	38.529	337	11
1525598300	19964	63.805	38.927	337	3
1525598300	19884	63.805	38.967	337	3
1525598300	19924	63.805	38.897	337	10
1525598300	20227	63.805	39.103	337	10
1525598300	20005	63.805	38.916	337	7
1525598300	20045	63.805	38.927	337	7
1525598300	20182	63.805	39.092	337	4
1525598300	20319	63.805	39.171	337	4
1525598300	20272	63.805	39.152	337	1
1525598300	20135	63.805	39.043	337	1
1525598300	20404	63.805	39.209	337	5
1525598300	20090	63.805	39.024	337	14
1525598300	20560	63.805	39.277	337	1
1525598300	20613	63.903	39.404	337	12
1525598300	20659	63.906	39.493	337	5
1525598300	20511	63.805	39.239	337	10
1525598300	20453	63.805	39.277	337	9
1525598300	20358	63.805	39.23	337	10
1525598300	20709	63.906	39.483	337	8
1525598300	20764	63.906	39.472	337	1
1525598301	19892	63.625	40.098	337	3
1525598301	19972	63.625	40.127	337	8
1525598301	19932	63.625	40.127	337	3
1525598301	20056	63.625	40.157	337	5
1525598301	20098	63.625	40.196	337	7
1525598301	20193	63.625	40.274	337	11
1525598301	20142	63.625	40.196	337	3
1525598301	20236	63.625	40.196	337	7
1525598301	20013	63.625	40.098	337	5
1525598301	20279	63.625	40.137	337	11
1525598301	20330	63.625	40.108	337	5
1525598301	20465	63.625	40.039	337	6
1525598301	20520	63.625	40.01	337	10
1525598301	20416	63.73	39.941	337	7
1525598301	20366	63.73	39.902	337	3
1525598301	20570	63.73	40.01	337	6
1525598301	20625	63.73	39.99	337	1
1525598301	20673	63.73	39.98	337	11
1525598301	20719	63.732	39.941	337	1
1525598301	20773	63.836	39.941	337	7
1525598302	19938	63.914	39.501	337	10
1525598302	20110	63.914	39.501	337	1
1525598302	20020	63.914	39.49	337	7
1525598302	20153	63.912	39.51	337	1
1525598302	20064	63.914	39.52	337	1
1525598302	19981	63.914	39.471	337	1
1525598302	20201	63.912	39.588	337	5
1525598302	20243	63.912	39.667	337	1
1525598302	20289	63.912	39.667	337	9
1525598302	19899	63.914	39.422	337	15
1525598302	20336	63.912	39.725	337	5
1525598302	20483	63.912	39.794	337	10
1525598302	20425	63.912	39.814	337	16
1525598302	20380	63.912	39.814	337	3
1525598302	20578	63.912	39.833	337	1
1525598302	20531	63.912	39.863	337	1
1525598302	20681	64.012	39.941	337	5
1525598302	20633	64.012	39.892	337	4
1525598302	20735	64.012	39.833	337	8
1525598302	20785	64.103	39.833	337	1
1525598303	19908	63.482	38.627	337	4
1525598303	19989	63.482	38.639	337	1
1525598303	20165	63.482	38.786	337	1
1525598303	20119	63.482	38.665	337	5
1525598303	19949	63.482	38.627	337	1
1525598303	20028	63.482	38.725	337	12
1525598303	20251	63.482	38.775	337	9
1525598303	20072	63.482	38.627	337	8
1525598303	20299	63.482	38.794	337	7
1525598303	20436	63.482	38.843	337	8
1525598303	20388	63.482	38.873	337	3
1525598303	20493	63.482	38.873	337	4
1525598303	20210	63.482	38.873	337	5
1525598303	20344	63.482	38.813	337	14
1525598303	20540	63.574	38.873	337	10
1525598303	20590	63.585	38.902	337	5
1525598303	20640	63.585	38.981	337	1
1525598303	20692	63.585	38.981	337	10
1525598303	20744	63.583	39.128	337	3
1525598303	20795	63.682	39.147	337	1
1525598304	19996	63.798	37.23	337	11
1525598304	19956	63.798	37.242	337	5
1525598304	20125	63.798	37.15	337	11
1525598304	20080	63.798	37.212	337	7
1525598304	20260	63.798	37.212	337	9
1525598304	20037	63.798	37.181	337	11
1525598304	20217	63.798	37.212	337	7
1525598304	20174	63.798	37.212	337	7
1525598304	19916	63.798	37.23	337	8
1525598304	20310	63.798	37.212	337	10
1525598304	20351	63.798	37.083	337	1
1525598304	20397	63.798	37.064	337	3
1525598304	20446	63.798	37.002	337	3
1525598304	20502	63.798	37.002	337	1
1525598304	20553	63.798	37.002	337	1
1525598304	20603	63.901	36.966	337	9
1525598304	20701	63.905	36.762	337	3
1525598304	20648	63.905	36.855	337	5
1525598304	20754	63.905	36.578	337	11
1525598304	20802	63.905	36.578	337	11
1525598305	19884	63.488	34.65	337	3
1525598305	19924	63.488	34.65	337	10
1525598305	20045	63.488	34.729	337	7
1525598305	20005	63.488	34.665	337	7
1525598305	19964	63.488	34.65	337	3
1525598305	20090	63.488	34.583	337	14
1525598305	20182	63.488	34.517	337	4
1525598305	20272	63.488	34.403	337	1
1525598305	20227	63.488	34.534	337	10
1525598305	20135	63.488	34.598	337	1
1525598305	20319	63.488	34.369	337	4
1525598305	20358	63.488	34.304	337	10
1525598305	20511	63.488	34.303	337	10
1525598305	20404	63.488	34.32	337	5
1525598305	20453	63.582	34.188	337	9
1525598305	20560	63.589	34.188	337	1
1525598305	20613	63.589	34.057	337	12
1525598305	20659	63.589	33.975	337	5
1525598305	20709	63.591	34.008	337	8
1525598305	20764	63.698	33.959	337	1
1525598306	19892	63.809	32.018	337	3
1525598306	19932	63.809	32	337	3
1525598306	20013	63.809	32.034	337	5
1525598306	19972	63.809	32.034	337	8
1525598306	20056	63.809	31.984	337	5
1525598306	20098	63.809	31.953	337	7
1525598306	20142	63.809	31.953	337	3
1525598306	20236	63.809	31.852	337	7
1525598306	20193	63.809	31.87	337	11
1525598306	20279	63.809	31.87	337	11
1525598306	20330	63.809	31.838	337	1
1525598306	20465	63.912	31.97	337	6
1525598306	20520	63.912	31.919	337	10
1525598306	20366	63.912	32.018	337	3
1525598306	20416	63.912	32.018	337	7
1525598306	20570	63.912	31.984	337	6
1525598306	20625	63.912	31.984	337	1
1525598306	20673	63.912	32.002	337	11
1525598306	20719	63.912	32.116	337	1
1525598306	20773	63.912	32.099	337	7
1525598307	19938	63.515	30.887	337	10
1525598307	19899	63.513	30.937	337	15
1525598307	19981	63.515	30.887	337	1
1525598307	20064	63.516	30.823	337	1
1525598307	20110	63.516	30.838	337	1
1525598307	20020	63.516	30.925	337	7
1525598307	20153	63.516	30.872	337	1
1525598307	20201	63.518	30.838	337	5
1525598307	20289	63.518	30.804	337	9
1525598307	20336	63.52	30.823	337	5
1525598307	20483	63.524	30.987	337	10
1525598307	20243	63.518	30.804	337	1
1525598307	20425	63.613	30.952	337	16
1525598307	20531	63.624	31.07	337	1
1525598307	20681	63.624	31.117	337	5
1525598307	20578	63.624	31.07	337	1
1525598307	20380	63.624	30.952	337	2
1525598307	20633	63.624	31.166	337	4
1525598307	20735	63.624	31.3	337	8
1525598307	20785	63.648	31.414	337	1
1525598308	20028	64.206	34.564	337	12
1525598308	20072	64.206	34.694	337	8
1525598308	19908	64.206	34.694	337	4
1525598308	19989	64.206	34.679	337	1
1525598308	19949	64.206	34.661	337	1
1525598308	20119	64.206	34.694	337	5
1525598308	20165	64.206	34.612	337	1
1525598308	20251	64.206	34.612	337	9
1525598308	20299	64.206	34.577	337	7
1525598308	20210	64.207	34.512	337	5
1525598308	20388	64.207	34.495	337	3
1525598308	20344	64.207	34.495	337	14
1525598308	20493	64.207	34.527	337	4
1525598308	20436	64.207	34.543	337	8
1525598308	20540	64.207	34.445	337	10
1525598308	20590	64.312	34.363	337	5
1525598308	20640	64.312	34.33	337	1
1525598308	20692	64.312	34.38	337	10
1525598308	20744	64.317	34.297	337	3
1525598308	20795	64.333	34.363	337	1
1525598309	19956	63.92	36.645	337	5
1525598309	19996	63.92	36.595	337	11
1525598309	19916	63.912	36.658	337	8
1525598309	20080	63.922	36.595	337	7
1525598309	20037	63.922	36.677	337	11
1525598309	20125	63.923	36.658	337	11
1525598309	20174	63.923	36.545	337	7
1525598309	20260	63.923	36.495	337	9
1525598309	20310	63.923	36.495	337	10
1525598309	20351	63.916	36.577	337	1
1525598309	20217	63.923	36.495	337	7
1525598309	20446	63.929	36.627	337	3
1525598309	20502	63.929	36.627	337	1
1525598309	20603	64.031	36.713	337	9
1525598309	20553	64.024	36.645	337	1
1525598309	20397	63.917	36.563	337	2
1525598309	20701	64.022	36.776	337	1
1525598309	20648	64.023	36.776	337	5
1525598309	20754	64.135	37.107	337	11
1525598309	20802	64.137	37.107	337	11
1525598310	19884	64.253	38.062	337	3
1525598310	19924	64.253	38.062	337	10
1525598310	20045	64.255	37.969	337	7
1525598310	19964	64.255	38	337	1
1525598310	20005	64.255	38.093	337	7
1525598310	20135	64.255	38.1	337	1
1525598310	20227	64.255	38.15	337	10
1525598310	20090	64.255	38.081	337	14
1525598310	20182	64.255	38.181	337	4
1525598310	20272	64.255	38.25	337	1
1525598310	20358	64.255	38.262	337	10
1525598310	20404	64.255	38.262	337	5
1525598310	20319	64.255	38.262	337	4
1525598310	20511	64.255	38.231	337	10
1525598310	20560	64.377	38.342	337	1
1525598310	20453	64.361	38.312	337	9
1525598310	20613	64.375	38.312	337	12
1525598310	20659	64.375	38.312	337	5
1525598310	20709	64.375	38.342	337	8
1525598310	20764	64.476	38.392	337	1
1525598311	19932	64.074	44.195	337	3
1525598311	19972	64.074	44.167	337	8
1525598311	19892	64.072	44.245	337	3
1525598311	20013	64.074	44.223	337	5
1525598311	20056	64.074	44.223	337	5
1525598311	20098	64.074	44.267	337	7
1525598311	20142	64.074	44.295	337	3
1525598311	20193	64.074	44.345	337	11
1525598311	20236	64.074	44.323	337	7
1525598311	20279	64.074	44.345	337	11
1525598311	20330	64.076	44.444	337	1
1525598311	20465	64.076	44.389	337	6
1525598311	20416	64.181	44.444	337	7
1525598311	20520	64.077	44.472	337	10
1525598311	20570	64.181	44.45	337	6
1525598311	20366	64.181	44.444	337	3
1525598311	20673	64.181	44.544	337	11
1525598311	20625	64.181	44.572	337	1
1525598311	20719	64.183	44.638	337	1
1525598311	20773	64.289	44.671	337	7
1525598312	19938	64.611	49.207	337	10
1525598312	19981	64.611	49.183	337	1
1525598312	19899	64.611	49.182	337	15
1525598312	20020	64.611	49.181	337	7
1525598312	20064	64.611	49.232	337	1
1525598312	20110	64.613	49.232	337	1
1525598312	20201	64.614	49.183	337	5
1525598312	20153	64.613	49.207	337	1
1525598312	20289	64.614	49.207	337	9
1525598312	20243	64.614	49.207	337	1
1525598312	20336	64.616	49.207	337	5
1525598312	20380	64.717	49.109	337	1
1525598312	20483	64.726	49.134	337	10
1525598312	20425	64.692	49.084	337	16
1525598312	20578	64.727	49.058	337	1
1525598312	20531	64.727	49.058	337	1
1525598312	20681	64.727	49.009	337	5
1525598312	20633	64.729	48.985	337	4
1525598312	20735	64.729	48.935	337	8
1525598312	20785	64.835	48.935	337	1
1525598313	19908	64.409	49.975	337	4
1525598313	19949	64.409	50.025	337	1
1525598313	19989	64.41	50	337	1
1525598313	20028	64.412	49.975	337	12
1525598313	20072	64.412	49.975	337	8
1525598313	20119	64.412	49.95	337	5
1525598313	20165	64.412	50	337	1
1525598313	20251	64.412	49.95	337	9
1525598313	20299	64.412	49.975	337	7
1525598313	20210	64.412	50.025	337	5
1525598313	20388	64.412	50.099	337	3
1525598313	20436	64.457	50.099	337	8
1525598313	20344	64.412	50.099	337	14
1525598313	20540	64.514	50.198	337	10
1525598313	20493	64.513	50.173	337	4
1525598313	20590	64.515	50.297	337	5
1525598313	20640	64.517	50.347	337	1
1525598313	20692	64.517	50.322	337	10
1525598313	20744	64.563	50.421	337	3
1525598313	20795	64.621	50.471	337	1
1525598314	19916	64.728	51.811	337	8
1525598314	19996	64.728	51.811	337	11
1525598314	19956	64.728	51.786	337	5
1525598314	20125	64.729	51.714	337	11
1525598314	20037	64.728	51.787	337	11
1525598314	20174	64.729	51.786	337	7
1525598314	20080	64.728	51.787	337	7
1525598314	20260	64.729	51.811	337	9
1525598314	20217	64.729	51.786	337	7
1525598314	20397	64.729	51.833	337	1
1525598314	20502	64.826	51.835	337	1
1525598314	20603	64.835	51.883	337	9
1525598314	20446	64.823	51.835	337	1
1525598314	20310	64.729	51.762	337	10
1525598314	20351	64.729	51.787	337	1
1525598314	20553	64.835	51.859	337	1
1525598314	20701	64.835	51.935	337	1
1525598314	20648	64.835	51.982	337	5
1525598314	20802	64.941	51.935	337	11
1525598314	20754	64.941	51.935	337	11
1525598315	19884	64.415	56.349	337	3
1525598315	19924	64.415	56.343	337	10
1525598315	19964	64.415	56.408	337	1
1525598315	20005	64.415	56.371	337	7
1525598315	20045	64.415	56.392	337	7
1525598315	20090	64.415	56.371	337	14
1525598315	20182	64.416	56.343	337	4
1525598315	20135	64.416	56.343	337	1
1525598315	20227	64.416	56.321	337	10
1525598315	20272	64.416	56.337	337	1
1525598315	20319	64.416	56.371	337	4
1525598315	20404	64.416	56.371	337	5
1525598315	20358	64.416	56.343	337	10
1525598315	20511	64.519	56.42	337	10
1525598315	20453	64.521	56.442	337	9
1525598315	20560	64.521	56.392	337	1
1525598315	20613	64.508	56.52	337	12
1525598315	20659	64.509	56.541	337	5
1525598315	20709	64.511	56.498	337	8
1525598315	20764	64.511	56.569	337	1
1525598316	19892	64.628	55.461	337	1
1525598316	19972	64.628	55.461	337	8
1525598316	19932	64.628	55.461	337	3
1525598316	20013	64.628	55.506	337	5
1525598316	20098	64.628	55.511	337	7
1525598316	20056	64.628	55.511	337	1
1525598316	20193	64.628	55.461	337	11
1525598316	20236	64.628	55.533	337	7
1525598316	20279	64.628	55.583	337	11
1525598316	20142	64.628	55.528	337	3
1525598316	20330	64.628	55.561	337	1
1525598316	20465	64.73	55.583	337	1
1525598316	20570	64.731	55.633	337	6
1525598316	20625	64.731	55.539	337	1
1525598316	20416	64.731	55.605	337	7
1525598316	20673	64.731	55.611	337	11
1525598316	20366	64.731	55.611	337	3
1525598316	20520	64.731	55.611	337	10
1525598316	20719	64.731	55.611	337	1
1525598316	20773	64.731	55.639	337	7
1525598317	19899	64.286	56.574	337	1
1525598317	19938	64.287	56.546	337	10
1525598317	19981	64.287	56.574	337	1
1525598317	20020	64.287	56.552	337	7
1525598317	20064	64.287	56.581	337	1
1525598317	20110	64.287	56.552	337	1
1525598317	20153	64.286	56.531	337	1
1525598317	20289	64.285	56.596	337	9
1525598317	20243	64.285	56.596	337	1
1525598317	20201	64.285	56.603	337	1
1525598317	20336	64.285	56.625	337	5
1525598317	20483	64.392	56.71	337	10
1525598317	20425	64.392	56.732	337	16
1525598317	20380	64.392	56.71	337	1
1525598317	20578	64.392	56.754	337	1
1525598317	20531	64.392	56.71	337	1
1525598317	20681	64.392	56.804	337	5
1525598317	20633	64.392	56.811	337	4
1525598317	20735	64.391	56.884	337	8
1525598317	20785	64.498	56.855	337	1
1525598318	19908	64.628	57.172	337	4
1525598318	19949	64.638	57.179	337	1
1525598318	19989	64.638	57.128	337	1
1525598318	20028	64.638	57.15	337	12
1525598318	20072	64.638	57.15	337	1
1525598318	20119	64.638	57.128	337	5
1525598318	20165	64.638	57.128	337	1
1525598318	20299	64.638	57.2	337	7
1525598318	20251	64.638	57.128	337	9
1525598318	20210	64.638	57.143	337	1
1525598318	20388	64.638	57.15	337	1
1525598318	20436	64.637	57.15	337	8
1525598318	20344	64.638	57.193	337	14
1525598318	20493	64.712	57.121	337	1
1525598318	20540	64.712	57.1	337	10
1525598318	20590	64.711	57.1	337	1
1525598318	20640	64.712	57.107	337	1
1525598318	20692	64.712	57.107	337	10
1525598318	20744	64.712	57.107	337	3
1525598318	20795	64.815	57.128	337	1
1525598319	19916	64.393	56.992	337	8
1525598319	19956	64.393	56.999	337	5
1525598319	19996	64.393	57.042	337	11
1525598319	20037	64.395	56.992	337	11
1525598319	20080	64.395	57.021	337	7
1525598319	20125	64.395	57.042	337	11
1525598319	20174	64.395	57.049	337	1
1525598319	20260	64.395	57.042	337	9
1525598319	20217	64.395	57.071	337	7
1525598319	20502	64.401	56.97	337	1
1525598319	20553	64.506	56.999	337	1
1525598319	20603	64.506	56.927	337	1
1525598319	20397	64.401	56.999	337	1
1525598319	20310	64.4	57.085	337	1
1525598319	20351	64.4	57.014	337	1
1525598319	20446	64.401	56.97	337	1
1525598319	20648	64.509	56.905	337	5
1525598319	20701	64.509	56.949	337	1
1525598319	20754	64.515	56.905	337	1
1525598319	20802	64.517	56.905	337	11
1525598320	19884	64.762	54.309	337	3
1525598320	20045	64.763	54.259	337	7
1525598320	19924	64.764	54.331	337	1
1525598320	19964	64.763	54.236	337	1
1525598320	20005	64.763	54.213	337	7
1525598320	20090	64.763	54.259	337	14
1525598320	20135	64.763	54.259	337	1
1525598320	20227	64.763	54.277	337	10
1525598320	20182	64.763	54.231	337	4
1525598320	20272	64.763	54.259	337	1
1525598320	20319	64.775	54.309	337	1
1525598320	20404	64.775	54.354	337	5
1525598320	20358	64.775	54.354	337	10
1525598320	20511	64.775	54.331	337	10
1525598320	20453	64.862	54.309	337	1
1525598320	20560	64.862	54.336	337	1
1525598320	20613	64.869	54.331	337	12
1525598320	20659	64.869	54.359	337	5
1525598320	20709	64.87	54.409	337	8
1525598320	20764	64.873	54.477	337	1
1525598321	19892	64.402	56.39	337	1
1525598321	19932	64.402	56.433	337	3
1525598321	19972	64.402	56.433	337	8
1525598321	20013	64.403	56.375	337	5
1525598321	20056	64.403	56.368	337	1
1525598321	20098	64.403	56.368	337	7
1525598321	20193	64.403	56.39	337	11
1525598321	20142	64.405	56.375	337	3
1525598321	20236	64.403	56.39	337	7
1525598321	20279	64.405	56.34	337	11
1525598321	20330	64.405	56.412	337	1
1525598321	20465	64.413	56.418	337	1
1525598321	20366	64.508	56.368	337	3
1525598321	20416	64.508	56.375	337	7
1525598321	20520	64.508	56.39	337	5
1525598321	20570	64.508	56.375	337	1
1525598321	20625	64.492	56.368	337	1
1525598321	20673	64.491	56.368	337	1
1525598321	20719	64.495	56.34	337	1
1525598321	20773	64.495	56.412	337	1
1525598322	19899	64.656	53.709	337	1
1525598322	19981	64.656	53.759	337	1
1525598322	20020	64.656	53.736	337	7
1525598322	19938	64.656	53.736	337	10
1525598322	20110	64.656	53.759	337	1
1525598322	20064	64.656	53.732	337	1
1525598322	20153	64.656	53.755	337	1
1525598322	20201	64.656	53.66	337	1
1525598322	20243	64.656	53.656	337	1
1525598322	20289	64.656	53.683	337	9
1525598322	20336	64.656	53.561	337	5
1525598322	20483	64.754	53.389	337	1
1525598322	20425	64.762	53.386	337	16
1525598322	20380	64.758	53.386	337	1
1525598322	20578	64.758	53.314	337	1
1525598322	20531	64.758	53.31	337	1
1525598322	20681	64.758	53.284	337	1
1525598322	20633	64.758	53.258	337	4
1525598322	20735	64.863	53.11	337	1
1525598322	20785	64.863	53.083	337	1
1525598323	19908	64.328	48.266	337	4
1525598323	19949	64.322	48.317	337	1
1525598323	19989	64.322	48.417	337	1
1525598323	20072	64.322	48.39	337	1
1525598323	20028	64.322	48.39	337	1
1525598323	20119	64.322	48.39	337	1
1525598323	20165	64.322	48.366	337	1
1525598323	20251	64.322	48.317	337	9
1525598323	20299	64.322	48.218	337	1
1525598323	20210	64.322	48.19	337	1
1525598323	20344	64.322	48.067	337	14
1525598323	20436	64.322	48.093	337	1
1525598323	20388	64.322	48.143	337	1
1525598323	20493	64.322	48.065	337	1
1525598323	20540	64.427	48.093	337	10
1525598323	20590	64.426	48.044	337	1
1525598323	20640	64.426	47.919	337	1
1525598323	20692	64.426	47.895	337	10
1525598323	20744	64.421	47.796	337	3
1525598323	20795	64.524	47.671	337	1
1525598324	20037	64.459	44.891	337	11
1525598324	19916	64.459	44.836	337	8
1525598324	20080	64.459	44.891	337	7
1525598324	19956	64.459	44.864	337	1
1525598324	20125	64.459	44.913	337	11
1525598324	19996	64.459	44.864	337	11
1525598324	20174	64.458	44.968	337	1
1525598324	20217	64.458	44.99	337	7
1525598324	20260	64.458	44.99	337	9
1525598324	20310	64.458	44.958	337	1
1525598324	20351	64.458	44.935	337	1
1525598324	20397	64.458	44.886	337	1
1525598324	20446	64.458	44.886	337	1
1525598324	20502	64.454	44.913	337	1
1525598324	20553	64.454	44.891	337	1
1525598324	20603	64.454	44.886	337	1
1525598324	20701	64.557	44.715	337	1
1525598324	20648	64.557	44.687	337	5
1525598324	20754	64.557	44.764	337	1
1525598324	20802	64.557	44.764	337	11
1525598325	19924	64.106	44.965	337	1
1525598325	19884	64.106	45.02	337	3
1525598325	20045	64.106	45.047	337	1
1525598325	20005	64.106	45.047	337	7
1525598325	20090	64.106	45.047	337	1
1525598325	20511	64.106	45.197	337	10
1525598325	20182	64.106	45.12	337	4
1525598325	20404	64.106	45.197	337	5
1525598325	20227	64.106	45.12	337	1
1525598325	20135	64.106	45.097	337	1
1525598325	20319	64.106	45.147	337	1
1525598325	20358	64.106	45.142	337	10
1525598325	20272	64.106	45.092	337	1
1525598325	20659	64.206	45.197	337	5
1525598325	20613	64.201	45.219	337	12
1525598325	20560	64.106	45.224	337	1
1525598325	20453	64.106	45.197	337	1
1525598325	19964	64.106	45.02	337	1
1525598325	20709	64.209	45.197	337	1
1525598325	20764	64.224	45.137	337	1
1525598326	19892	64.332	40.743	337	1
1525598326	19932	64.332	40.733	337	1
1525598326	19972	64.332	40.733	337	1
1525598326	20013	64.332	40.793	337	5
1525598326	20056	64.332	40.813	337	1
1525598326	20098	64.332	40.843	337	7
1525598326	20193	64.332	40.813	337	1
1525598326	20142	64.332	40.763	337	3
1525598326	20236	64.332	40.733	337	7
1525598326	20279	64.332	40.713	337	11
1525598326	20330	64.332	40.583	337	1
1525598326	20465	64.332	40.512	337	1
1525598326	20416	64.438	40.522	337	7
1525598326	20570	64.438	40.501	337	1
1525598326	20366	64.438	40.522	337	3
1525598326	20520	64.436	40.512	337	1
1525598326	20625	64.438	40.522	337	1
1525598326	20673	64.438	40.471	337	1
1525598326	20719	64.438	40.321	337	1
1525598326	20773	64.543	40.221	337	1
1525598327	19981	64.122	37.743	337	1
1525598327	20020	64.122	37.774	337	7
1525598327	19938	64.122	37.793	337	10
1525598327	20064	64.122	37.762	337	1
1525598327	20110	64.122	37.762	337	1
1525598327	20201	64.122	37.862	337	1
1525598327	19899	64.122	37.793	337	1
1525598327	20153	64.122	37.843	337	1
1525598327	20243	64.122	37.862	337	1
1525598327	20289	64.122	37.862	337	9
1525598327	20336	64.122	37.893	337	5
1525598327	20483	64.122	37.912	337	1
1525598327	20425	64.122	37.912	337	16
1525598327	20380	64.122	37.912	337	1
1525598327	20531	64.225	37.912	337	1
1525598327	20578	64.225	37.924	337	1
1525598327	20681	64.225	37.812	337	1
1525598327	20633	64.225	37.843	337	4
1525598327	20735	64.225	37.843	337	1
1525598327	20785	64.225	37.812	337	1
1525598328	19908	64.475	39.277	339	4
1525598328	19949	64.475	39.217	339	1
1525598328	19989	64.473	39.156	339	1
1525598328	20028	64.473	39.187	338	1
1525598328	20072	64.473	39.187	338	1
1525598328	20119	64.472	39.266	338	1
1525598328	20165	64.475	39.256	338	1
1525598328	20251	64.48	39.286	339	9
1525598328	20299	64.48	39.385	339	1
1525598328	20344	64.483	39.534	338	14
1525598328	20388	64.485	39.484	339	1
1525598328	20436	64.483	39.534	338	1
1525598328	20493	64.481	39.544	339	1
1525598328	20210	64.483	39.415	339	1
1525598328	20540	64.587	39.643	339	10
1525598328	20590	64.592	39.723	339	1
1525598328	20640	64.593	39.802	339	1
1525598328	20692	64.594	39.822	339	10
1525598328	20744	64.6	39.921	339	3
1525598328	20795	64.713	39.99	339	1
1525598329	19916	64.531	45.765	339	8
1525598329	19956	64.531	45.769	339	1
1525598329	19996	64.531	45.716	339	11
1525598329	20080	64.535	45.792	339	7
1525598329	20037	64.533	45.765	339	11
1525598329	20125	64.535	45.765	339	11
1525598329	20260	64.535	45.689	339	9
1525598329	20217	64.538	45.689	339	7
1525598329	20310	64.538	45.693	339	1
1525598329	20174	64.535	45.689	339	1
1525598329	20397	64.539	45.792	339	1
1525598329	20351	64.538	45.743	339	1
1525598329	20502	64.542	45.842	339	1
1525598329	20446	64.542	45.868	339	1
1525598329	20603	64.646	45.895	339	1
1525598329	20553	64.646	45.868	339	1
1525598329	20701	64.648	46.066	339	1
1525598329	20648	64.648	46.12	339	5
1525598329	20754	64.755	46.044	339	1
1525598329	20802	64.755	46.044	339	11
1525598330	19884	64.915	47.678	339	3
1525598330	19924	64.915	47.678	339	1
1525598330	20045	64.917	47.676	339	1
1525598330	20005	64.917	47.727	339	7
1525598330	19964	64.917	47.701	339	1
1525598330	20090	64.917	47.652	339	1
1525598330	20227	64.917	47.501	339	1
1525598330	20182	64.917	47.501	339	4
1525598330	20135	64.917	47.577	339	1
1525598330	20272	64.917	47.478	339	1
1525598330	20358	64.917	47.353	339	10
1525598330	20319	64.917	47.379	339	1
1525598330	20404	64.917	47.277	339	5
1525598330	20511	64.918	47.228	339	10
1525598330	20453	65.024	47.204	339	1
1525598330	20560	65.024	47.181	339	1
1525598330	20659	65.024	47.006	339	5
1525598330	20613	65.024	47.082	339	12
1525598330	20709	65.024	46.934	339	1
1525598330	20764	65.117	46.838	339	1
1525598331	19892	64.6	44.96	339	1
1525598331	19972	64.6	44.96	339	1
1525598331	20013	64.6	44.938	339	5
1525598331	19932	64.6	44.96	339	1
1525598331	20056	64.6	44.938	339	1
1525598331	20098	64.6	44.911	339	7
1525598331	20142	64.6	44.911	339	3
1525598331	20193	64.6	44.884	339	1
1525598331	20236	64.6	44.911	339	7
1525598331	20279	64.6	44.862	339	11
1525598331	20330	64.6	44.889	339	1
1525598331	20465	64.6	44.916	339	1
1525598331	20520	64.6	44.834	339	1
1525598331	20366	64.702	44.834	339	3
1525598331	20416	64.697	44.834	339	7
1525598331	20570	64.702	44.834	339	1
1525598331	20625	64.702	44.763	339	1
1525598331	20673	64.702	44.785	339	1
1525598331	20719	64.702	44.817	339	1
1525598331	20773	64.706	44.785	339	1
1525598332	19899	64.849	43.127	339	1
1525598332	19938	64.846	43.078	339	10
1525598332	19981	64.846	43.078	339	1
1525598332	20020	64.846	43.078	339	7
1525598332	20064	64.844	43.028	339	1
1525598332	20110	64.844	43.006	339	1
1525598332	20153	64.844	42.9	339	1
1525598332	20201	64.844	42.886	339	1
1525598332	20289	64.844	42.857	339	9
1525598332	20243	64.844	42.878	339	1
1525598332	20336	64.844	42.807	339	5
1525598332	20483	64.947	42.807	339	1
1525598332	20380	64.947	42.836	339	1
1525598332	20425	64.947	42.829	339	16
1525598332	20578	64.948	42.779	339	1
1525598332	20531	64.948	42.836	339	1
1525598332	20633	64.948	42.75	339	1
1525598332	20735	64.905	42.871	339	1
1525598332	20681	64.948	42.779	339	1
1525598332	20785	65.009	42.871	339	1
1525598333	19989	64.482	40.92	339	1
1525598333	20119	64.482	40.9	339	1
1525598333	19949	64.482	40.941	339	1
1525598333	20028	64.482	40.989	339	1
1525598333	20072	64.482	40.93	339	1
1525598333	20165	64.482	40.989	339	1
1525598333	19908	64.482	40.911	339	4
1525598333	20251	64.482	41.059	339	9
1525598333	20299	64.482	40.92	339	1
1525598333	20210	64.482	40.95	339	1
1525598333	20388	64.482	40.87	339	1
1525598333	20344	64.482	40.82	339	14
1525598333	20436	64.482	40.85	339	1
1525598333	20493	64.482	40.82	339	1
1525598333	20540	64.482	40.67	339	10
1525598333	20590	64.587	40.641	339	1
1525598333	20640	64.587	40.591	339	1
1525598333	20692	64.587	40.57	339	10
1525598333	20744	64.587	40.47	339	3
1525598333	20795	64.587	40.4	339	1
1525598334	19956	64.799	33.799	339	1
1525598334	19916	64.799	33.848	339	8
1525598334	20080	64.799	33.815	339	7
1525598334	19996	64.799	33.815	339	11
1525598334	20037	64.799	33.782	339	11
1525598334	20125	64.799	33.782	339	11
1525598334	20174	64.799	33.865	339	1
1525598334	20260	64.799	33.782	339	9
1525598334	20217	64.799	33.782	339	7
1525598334	20351	64.799	33.699	339	1
1525598334	20310	64.799	33.765	339	1
1525598334	20397	64.799	33.699	339	1
1525598334	20502	64.799	33.549	339	1
1525598334	20446	64.799	33.566	339	1
1525598334	20553	64.903	33.466	339	1
1525598334	20603	64.903	33.466	339	1
1525598334	20701	64.902	33.333	339	1
1525598334	20648	64.904	33.3	339	5
1525598334	20802	64.904	33.134	339	11
1525598334	20754	64.904	33.134	339	1
1525598335	19924	64.481	29.165	339	1
1525598335	20045	64.481	29.15	339	1
1525598335	20005	64.481	29.115	339	7
1525598335	20090	64.481	29.15	339	1
1525598335	19964	64.481	29.115	339	1
1525598335	20135	64.481	29.2	339	1
1525598335	19884	64.481	29.15	339	3
1525598335	20182	64.482	29.25	339	4
1525598335	20227	64.482	29.25	339	1
1525598335	20272	64.482	29.215	339	1
1525598335	20319	64.482	29.165	339	1
1525598335	20358	64.482	29.165	339	1
1525598335	20404	64.482	29.185	339	1
1525598335	20511	64.482	29.185	339	10
1525598335	20453	64.482	29.05	339	1
1525598335	20560	64.566	29.05	339	1
1525598335	20613	64.586	29	339	12
1525598335	20659	64.586	29.065	339	5
1525598335	20709	64.586	29.065	339	1
1525598335	20764	64.69	29.015	339	1
1525598336	19892	64.339	30.9	337	1
1525598336	19972	64.339	30.85	337	1
1525598336	20056	64.339	30.9	337	1
1525598336	20098	64.339	30.935	337	1
1525598336	20013	64.339	30.9	337	5
1525598336	20142	64.339	30.935	337	3
1525598336	20193	64.339	30.935	337	1
1525598336	19932	64.339	30.85	337	1
1525598336	20236	64.349	31.019	337	1
1525598336	20279	64.349	31.1	337	11
1525598336	20330	64.349	31.184	337	1
1525598336	20465	64.349	31.2	337	1
1525598336	20570	64.45	31.269	337	1
1525598336	20366	64.439	31.269	337	1
1525598336	20520	64.349	31.269	337	1
1525598336	20673	64.45	31.334	337	1
1525598336	20416	64.352	31.269	337	7
1525598336	20625	64.45	31.369	337	1
1525598336	20719	64.45	31.431	337	1
1525598336	20773	64.552	31.516	337	1
1525598337	19899	64.118	36.368	337	1
1525598337	19938	64.117	36.45	337	10
1525598337	19981	64.117	36.468	337	1
1525598337	20020	64.117	36.499	337	7
1525598337	20110	64.117	36.536	337	1
1525598337	20064	64.117	36.517	337	1
1525598337	20153	64.117	36.648	337	1
1525598337	20201	64.017	36.653	337	1
1525598337	20243	64.017	36.716	337	1
1525598337	20289	64.017	36.716	337	9
1525598337	20336	64.017	36.784	337	5
1525598337	20483	64.112	36.834	337	1
1525598337	20380	64.112	36.915	337	1
1525598337	20425	64.112	36.897	337	16
1525598337	20578	64.116	36.952	337	1
1525598337	20531	64.119	36.934	337	1
1525598337	20633	64.178	37.133	337	1
1525598337	20681	64.178	37.133	337	1
1525598337	20735	64.126	37.114	337	1
1525598337	20785	64.127	37.151	337	1
1525598338	19908	64.762	43.227	337	4
1525598338	19989	64.762	43.277	337	1
1525598338	19949	64.762	43.227	337	1
1525598338	20119	64.764	43.22	337	1
1525598338	20072	64.764	43.277	337	1
1525598338	20028	64.764	43.284	337	1
1525598338	20165	64.764	43.17	337	1
1525598338	20251	64.809	43.142	337	9
1525598338	20299	64.79	43.305	337	1
1525598338	20210	64.794	43.327	337	1
1525598338	20344	64.795	43.348	337	14
1525598338	20436	64.795	43.348	337	1
1525598338	20493	64.843	43.398	337	1
1525598338	20388	64.795	43.327	337	1
1525598338	20540	64.901	43.519	337	10
1525598338	20590	64.892	43.548	337	1
1525598338	20640	64.898	43.675	337	1
1525598338	20692	64.898	43.725	337	10
1525598338	20744	64.9	43.797	337	3
1525598338	20795	64.996	43.974	337	1
1525598339	19916	64.589	49.777	337	8
1525598339	19956	64.589	49.802	337	1
1525598339	19996	64.589	49.802	337	11
1525598339	20037	64.589	49.802	337	11
1525598339	20174	64.591	49.653	337	1
1525598339	20125	64.591	49.777	337	11
1525598339	20080	64.589	49.752	337	7
1525598339	20260	64.591	49.678	337	9
1525598339	20310	64.553	49.727	337	1
1525598339	20217	64.591	49.678	337	7
1525598339	20351	64.553	49.802	337	1
1525598339	20397	64.553	49.802	337	1
1525598339	20446	64.559	49.901	337	1
1525598339	20502	64.627	49.926	337	1
1525598339	20603	64.659	49.95	337	1
1525598339	20553	64.659	49.95	337	1
1525598339	20701	64.662	50.05	337	1
1525598339	20648	64.662	50.05	337	5
1525598339	20802	64.767	50.297	337	11
1525598339	20754	64.767	50.248	337	1
1525598340	19884	65.006	53.568	337	3
1525598340	19924	65.006	53.564	337	1
1525598340	19964	65.008	53.591	337	1
1525598340	20045	65.008	53.568	337	1
1525598340	20005	65.008	53.568	337	7
1525598340	20090	65.008	53.568	337	1
1525598340	20135	65.008	53.568	337	1
1525598340	20182	65.008	53.515	337	4
1525598340	20227	65.008	53.518	337	1
1525598340	20272	65.008	53.564	337	1
1525598340	20319	65.008	53.591	337	1
1525598340	20358	65.008	53.591	337	1
1525598340	20404	65.008	53.594	337	1
1525598340	20511	65.107	53.69	337	10
1525598340	20453	65.111	53.812	337	1
1525598340	20560	65.111	53.816	337	1
1525598340	20613	65.111	53.884	337	12
1525598340	20659	65.111	53.884	337	5
1525598340	20709	65.111	53.884	337	1
1525598340	20764	65.217	54.033	337	1
1525598341	19892	64.918	58.296	337	1
1525598341	19932	64.919	58.325	337	1
1525598341	19972	64.919	58.325	337	1
1525598341	20013	64.919	58.304	337	5
1525598341	20056	64.919	58.325	337	1
1525598341	20098	64.919	58.276	337	1
1525598341	20193	64.919	58.304	337	1
1525598341	20142	64.919	58.304	337	3
1525598341	20236	64.919	58.263	337	1
1525598341	20279	64.919	58.304	337	11
1525598341	20330	64.921	58.284	337	1
1525598341	20465	64.921	58.304	337	1
1525598341	20520	65.026	58.354	337	1
1525598341	20570	65.026	58.383	337	1
1525598341	20366	65.026	58.383	337	1
1525598341	20416	65.026	58.445	337	7
1525598341	20625	65.026	58.391	337	1
1525598341	20673	65.026	58.433	337	1
1525598341	20719	65.026	58.503	337	1
1525598341	20773	65.026	58.494	337	1
1525598342	19899	65.202	60.999	337	1
1525598342	19981	65.202	60.999	337	1
1525598342	19938	65.202	61.029	337	10
1525598342	20020	65.202	60.979	337	7
1525598342	20064	65.202	60.999	337	1
1525598342	20110	65.202	60.999	337	1
1525598342	20153	65.202	60.949	337	1
1525598342	20201	65.202	60.968	337	1
1525598342	20289	65.202	60.979	337	9
1525598342	20243	65.202	60.979	337	1
1525598342	20336	65.202	61.067	337	5
1525598342	20425	65.202	61.067	337	16
1525598342	20531	65.202	61.048	337	1
1525598342	20578	65.202	61.056	337	1
1525598342	20380	65.202	61.048	337	1
1525598342	20483	65.202	61.117	337	1
1525598342	20681	65.295	61.086	337	1
1525598342	20633	65.305	61.117	337	1
1525598342	20735	65.305	61.147	337	1
1525598342	20785	65.305	61.235	337	1
1525598343	19908	65.005	62.365	337	4
1525598343	19949	65.005	62.327	337	1
1525598343	19989	65.005	62.297	337	1
1525598343	20072	65.007	62.297	337	1
1525598343	20119	65.008	62.315	337	1
1525598343	20165	65.008	62.309	337	1
1525598343	20028	65.007	62.29	337	1
1525598343	20251	65.01	62.346	337	9
1525598343	20299	65.01	62.315	337	1
1525598343	20210	65.01	62.266	337	1
1525598343	20388	65.01	62.334	337	1
1525598343	20344	65.01	62.334	337	14
1525598343	20436	65.01	62.285	337	1
1525598343	20493	65.01	62.303	337	1
1525598343	20540	65.116	62.235	337	10
1525598343	20590	65.12	62.205	337	1
1525598343	20640	65.12	62.167	337	1
1525598343	20692	65.122	62.149	337	10
1525598343	20744	65.122	62.167	337	1
1525598343	20795	65.227	62.05	337	1
1525598344	19916	65.336	55.616	337	8
1525598344	20037	65.336	55.567	337	11
1525598344	19956	65.336	55.589	337	1
1525598344	19996	65.336	55.611	337	11
1525598344	20080	65.336	55.567	337	7
1525598344	20174	65.336	55.688	337	1
1525598344	20125	65.336	55.594	337	11
1525598344	20260	65.336	55.71	337	9
1525598344	20217	65.336	55.726	337	7
1525598344	20310	65.336	55.633	337	1
1525598344	20397	65.336	55.611	337	1
1525598344	20446	65.333	55.611	337	1
1525598344	20502	65.333	55.611	337	1
1525598344	20351	65.336	55.633	337	1
1525598344	20553	65.43	55.561	337	1
1525598344	20603	65.432	55.533	337	1
1525598344	20648	65.439	55.423	337	5
1525598344	20701	65.439	55.379	337	1
1525598344	20754	65.545	55.159	337	1
1525598344	20802	65.545	55.114	337	11
1525598345	19884	65.003	51.441	337	3
1525598345	19924	65.003	51.491	337	1
1525598345	20045	65.003	51.465	337	1
1525598345	19964	65.003	51.465	337	1
1525598345	20005	65.003	51.441	337	7
1525598345	20090	65.004	51.465	337	1
1525598345	20135	65.004	51.392	337	1
1525598345	20227	65.015	51.342	337	1
1525598345	20182	65.015	51.392	337	4
1525598345	20272	65.015	51.342	337	1
1525598345	20319	65.015	51.441	337	1
1525598345	20358	65.015	51.441	337	1
1525598345	20404	65.098	51.465	337	1
1525598345	20511	65.117	51.441	337	10
1525598345	20453	65.118	51.417	337	1
1525598345	20560	65.118	51.392	337	1
1525598345	20613	65.12	51.467	337	12
1525598345	20659	65.12	51.441	337	5
1525598345	20709	65.12	51.443	337	1
1525598345	20764	65.244	51.393	337	1
1525598346	19892	65.315	46.384	337	1
1525598346	19972	65.315	46.414	337	1
1525598346	19932	65.315	46.411	337	1
1525598346	20056	65.315	46.338	337	1
1525598346	20193	65.315	46.311	337	1
1525598346	20013	65.315	46.361	337	5
1525598346	20142	65.315	46.311	337	1
1525598346	20098	65.315	46.334	337	1
1525598346	20236	65.315	46.365	337	1
1525598346	20279	65.315	46.288	337	11
1525598346	20330	65.315	46.188	337	1
1525598346	20465	65.315	46.112	337	1
1525598346	20520	65.408	46.089	337	1
1525598346	20416	65.417	45.958	337	7
1525598346	20366	65.417	46.039	337	1
1525598346	20570	65.417	46.012	337	1
1525598346	20625	65.417	45.916	337	1
1525598346	20673	65.417	45.889	337	1
1525598346	20719	65.522	45.717	337	1
1525598346	20773	65.522	45.64	337	1
1525598347	19938	64.996	40.72	337	10
1525598347	19981	64.996	40.77	337	1
1525598347	20020	64.996	40.75	337	7
1525598347	20110	64.996	40.75	337	1
1525598347	20064	64.996	40.75	337	1
1525598347	19899	64.996	40.8	337	1
1525598347	20153	64.996	40.741	337	1
1525598347	20201	64.998	40.741	337	1
1525598347	20289	65	40.7	337	9
1525598347	20243	65	40.7	337	1
1525598347	20336	65	40.57	337	5
1525598347	20483	65.001	40.45	337	1
1525598347	20425	65.001	40.42	337	16
1525598347	20380	65.001	40.42	337	1
1525598347	20578	65.1	40.39	337	1
1525598347	20531	65.103	40.42	337	1
1525598347	20681	65.106	40.22	337	1
1525598347	20633	65.106	40.22	337	1
1525598347	20735	65.106	40.05	337	1
1525598347	20785	65.211	39.9	337	1
1525598348	20072	65.331	33.049	337	1
1525598348	19949	65.331	33.066	337	3
1525598348	19908	65.331	32.999	337	4
1525598348	20119	65.331	33.049	337	1
1525598348	19989	65.331	33.066	337	1
1525598348	20165	65.33	33.15	337	1
1525598348	20028	65.331	33.049	337	1
1525598348	20251	65.33	33.083	337	9
1525598348	20299	65.331	33.049	337	1
1525598348	20388	65.331	32.965	337	1
1525598348	20210	65.331	33.016	337	1
1525598348	20344	65.331	32.949	337	14
1525598348	20436	65.331	32.965	337	1
1525598348	20493	65.331	32.932	337	1
1525598348	20540	65.433	32.949	337	10
1525598348	20590	65.436	32.864	337	1
1525598348	20640	65.436	32.865	337	1
1525598348	20692	65.436	32.865	337	10
1525598348	20744	65.436	32.815	337	1
1525598348	20795	65.525	32.731	337	7
1525598349	19916	64.828	33.25	337	8
1525598349	19996	64.828	33.3	337	11
1525598349	20080	64.829	33.333	337	7
1525598349	20037	64.829	33.333	337	11
1525598349	19956	64.828	33.267	337	1
1525598349	20125	64.829	33.333	337	11
1525598349	20174	64.829	33.333	337	1
1525598349	20260	64.829	33.317	337	9
1525598349	20217	64.829	33.25	337	7
1525598349	20310	64.829	33.367	337	1
1525598349	20351	64.829	33.3	337	1
1525598349	20397	64.829	33.333	337	1
1525598349	20446	64.829	33.4	337	1
1525598349	20502	64.829	33.333	337	6
1525598349	20553	64.9	33.5	337	5
1525598349	20603	64.9	33.484	337	1
1525598349	20648	64.948	33.651	337	5
1525598349	20701	64.948	33.684	337	1
1525598349	20754	64.949	34.001	337	1
1525598349	20802	65.048	34.067	337	6
1525598350	19964	65.165	35.418	337	1
1525598350	20090	65.165	35.45	337	1
1525598350	20045	65.165	35.45	337	1
1525598350	20227	65.165	35.647	337	1
1525598350	20182	65.165	35.582	337	1
1525598350	20135	65.165	35.514	337	8
1525598350	19924	65.165	35.4	337	1
1525598350	20005	65.165	35.432	337	1
1525598350	19884	65.166	35.465	337	1
1525598350	20272	65.167	35.6	337	11
1525598350	20319	65.167	35.564	337	1
1525598350	20358	65.167	35.564	337	1
1525598350	20404	65.167	35.564	337	1
1525598350	20511	65.167	35.482	337	1
1525598350	20560	65.167	35.482	337	1
1525598350	20453	65.167	35.465	337	1
1525598350	20613	65.271	35.3	337	1
1525598350	20659	65.271	35.35	337	1
1525598350	20709	65.271	35.365	337	1
1525598350	20764	65.271	35.15	337	5
1525598351	19932	64.858	35.611	337	1
1525598351	19972	64.858	35.597	337	1
1525598351	19892	64.858	35.661	337	1
1525598351	20056	64.858	35.629	337	1
1525598351	20013	64.858	35.629	337	1
1525598351	20098	64.858	35.611	337	1
1525598351	20142	64.86	35.611	337	1
1525598351	20193	64.86	35.611	337	1
1525598351	20236	64.86	35.529	337	1
1525598351	20279	64.86	35.511	337	1
1525598351	20330	64.86	35.561	337	1
1525598351	20465	64.86	35.529	337	1
1525598351	20520	64.963	35.497	337	1
1525598351	20416	64.963	35.511	337	1
1525598351	20366	64.963	35.511	337	1
1525598351	20570	64.963	35.561	337	1
1525598351	20625	64.963	35.579	337	1
1525598351	20673	64.963	35.579	337	1
1525598351	20719	65.064	35.547	337	1
1525598351	20773	65.067	35.497	337	1
1525598352	19899	65.181	36.436	337	1
1525598352	19981	65.181	36.468	337	1
1525598352	19938	65.181	36.5	337	1
1525598352	20020	65.181	36.468	337	1
1525598352	20064	65.181	36.386	337	1
1525598352	20110	65.181	36.386	337	1
1525598352	20153	65.181	36.368	337	1
1525598352	20201	65.181	36.3	337	1
1525598352	20289	65.181	36.286	337	1
1525598352	20243	65.181	36.286	337	1
1525598352	20336	65.181	36.254	337	1
1525598352	20483	65.181	36.273	337	1
1525598352	20578	65.287	36.436	337	12
1525598352	20380	65.24	36.386	337	1
1525598352	20531	65.287	36.405	337	1
1525598352	20425	65.181	36.355	337	1
1525598352	20681	65.288	36.587	337	1
1525598352	20633	65.288	36.555	337	1
1525598352	20735	65.288	36.705	337	1
1525598352	20785	65.323	36.805	337	1
1525598353	19949	65	40.859	337	4
1525598353	19908	65	40.859	337	1
1525598353	20028	64.98	40.809	337	1
1525598353	20119	64.978	40.839	337	1
1525598353	20165	64.978	40.78	337	1
1525598353	20072	64.98	40.839	337	1
1525598353	19989	64.975	40.83	337	1
1525598353	20251	64.978	40.789	337	1
1525598353	20299	64.878	40.739	337	1
1525598353	20210	64.878	40.768	337	1
1525598353	20388	64.878	40.739	337	1
1525598353	20436	64.878	40.768	337	1
1525598353	20344	64.878	40.739	337	1
1525598353	20493	64.878	40.739	337	1
1525598353	20540	64.981	40.719	337	1
1525598353	20590	64.981	40.698	337	1
1525598353	20640	64.981	40.719	337	1
1525598353	20692	64.981	40.837	337	1
1525598353	20744	64.981	40.768	337	1
1525598353	20795	65.083	40.898	337	7
1525598354	19916	65.196	42.252	337	1
1525598354	19956	65.196	42.252	337	1
1525598354	19996	65.196	42.231	337	1
1525598354	20037	65.208	42.223	337	1
1525598354	20080	65.208	42.223	337	1
1525598354	20125	65.208	42.181	337	1
1525598354	20174	65.208	42.152	337	1
1525598354	20260	65.208	42.082	337	1
1525598354	20217	65.208	42.103	337	1
1525598354	20310	65.208	42.103	337	1
1525598354	20351	65.208	42.103	337	1
1525598354	20397	65.208	42.082	337	1
1525598354	20446	65.301	41.995	337	1
1525598354	20502	65.301	42.053	337	6
1525598354	20603	65.301	42.003	337	1
1525598354	20553	65.301	41.974	337	5
1525598354	20701	65.301	41.825	337	1
1525598354	20648	65.301	41.825	337	1
1525598354	20754	65.404	41.567	337	1
1525598354	20802	65.404	41.508	337	1
1525598355	19964	64.769	42.179	337	1
1525598355	19924	64.769	42.179	337	1
1525598355	20090	64.769	42.15	337	1
1525598355	20135	64.769	42.142	337	8
1525598355	20227	64.769	42.092	337	1
1525598355	19884	64.769	42.2	337	1
1525598355	20005	64.769	42.208	337	1
1525598355	20045	64.769	42.129	337	1
1525598355	20182	64.769	42.121	337	1
1525598355	20272	64.769	42.129	337	11
1525598355	20358	64.769	42.071	337	1
1525598355	20319	64.769	42.071	337	1
1525598355	20404	64.769	42.05	337	1
1525598355	20511	64.769	42.05	337	1
1525598355	20453	64.863	42.079	337	1
1525598355	20560	64.872	42.058	337	1
1525598355	20613	64.872	42.108	337	1
1525598355	20659	64.872	42.079	337	1
1525598355	20709	64.872	42.129	337	1
1525598355	20764	64.872	42.408	337	5
1525598356	19972	64.856	41.874	337	1
1525598356	19932	64.856	41.874	337	1
1525598356	19892	64.856	41.825	337	1
1525598356	20013	64.856	41.903	337	1
1525598356	20056	64.856	41.895	337	1
1525598356	20142	64.854	41.924	337	1
1525598356	20236	64.853	41.974	337	1
1525598356	20193	64.854	41.924	337	1
1525598356	20279	64.853	42.103	337	1
1525598356	20098	64.856	41.953	337	1
1525598356	20330	64.855	42.095	337	1
1525598356	20465	64.855	42.202	337	1
1525598356	20520	64.877	42.223	337	1
1525598356	20416	64.961	42.294	337	1
1525598356	20570	64.961	42.294	337	1
1525598356	20366	64.961	42.294	337	1
1525598356	20673	64.961	42.402	337	1
1525598356	20625	64.961	42.402	337	1
1525598356	20719	64.965	42.544	337	1
1525598356	20773	64.965	42.672	337	1
1525598357	19899	64.543	44.317	337	1
1525598357	19981	64.543	44.212	337	1
1525598357	20064	64.545	44.339	337	1
1525598357	20020	64.543	44.289	337	1
1525598357	20110	64.545	44.317	337	1
1525598357	19938	64.543	44.239	337	1
1525598357	20153	64.545	44.339	337	1
1525598357	20201	64.545	44.361	337	1
1525598357	20289	64.545	44.333	337	1
1525598357	20243	64.545	44.311	337	1
1525598357	20336	64.545	44.317	337	1
1525598357	20483	64.545	44.217	337	1
1525598357	20425	64.627	44.167	337	1
1525598357	20531	64.648	44.068	337	1
1525598357	20380	64.648	44.14	337	1
1525598357	20578	64.648	44.068	337	12
1525598357	20681	64.648	43.94	337	1
1525598357	20633	64.648	43.918	337	1
1525598357	20735	64.648	43.741	337	1
1525598357	20785	64.754	43.619	337	1
1525598358	19949	64.854	39.039	337	4
1525598358	19989	64.854	39.039	337	1
1525598358	20119	64.854	39.15	337	1
1525598358	19908	64.854	39.07	337	1
1525598358	20028	64.854	39.059	337	1
1525598358	20072	64.854	39.059	337	1
1525598358	20165	64.854	39.12	337	1
1525598358	20251	64.854	39.059	337	1
1525598358	20299	64.854	39.078	337	1
1525598358	20210	64.854	39.059	337	1
1525598358	20388	64.854	39.059	337	1
1525598358	20344	64.854	39.089	337	1
1525598358	20493	64.854	39.009	337	1
1525598358	20436	64.854	39.048	337	1
1525598358	20540	64.948	38.967	337	1
1525598358	20590	64.959	38.997	337	1
1525598358	20640	64.96	38.978	337	1
1525598358	20692	64.96	38.855	337	1
1525598358	20744	64.959	38.778	337	1
1525598358	20795	65.065	38.677	337	7
1525598359	19916	64.541	38.822	337	1
1525598359	19956	64.541	38.833	337	1
1525598359	19996	64.541	38.822	337	1
1525598359	20037	64.541	38.771	337	1
1525598359	20080	64.541	38.752	337	1
1525598359	20125	64.541	38.741	337	1
1525598359	20174	64.541	38.69	337	1
1525598359	20260	64.541	38.721	337	1
1525598359	20217	64.541	38.721	337	1
1525598359	20310	64.54	38.671	337	1
1525598359	20446	64.643	38.702	337	1
1525598359	20351	64.54	38.744	337	1
1525598359	20502	64.643	38.702	337	6
1525598359	20397	64.54	38.671	337	1
1525598359	20553	64.643	38.702	337	5
1525598359	20603	64.643	38.732	337	1
1525598359	20701	64.643	38.732	337	1
1525598359	20648	64.643	38.702	337	1
1525598359	20754	64.75	38.763	337	1
1525598359	20802	64.75	38.744	337	1
1525598360	19884	64.946	38.934	338	1
1525598360	19924	64.946	38.984	338	1
1525598360	20045	64.946	39.015	338	1
1525598360	20090	64.946	38.964	338	1
1525598360	20005	64.946	38.903	338	1
1525598360	19964	64.946	39.026	338	1
1525598360	20135	64.946	38.945	338	8
1525598360	20182	64.946	38.975	338	1
1525598360	20227	64.946	38.995	338	1
1525598360	20272	64.946	38.934	338	11
1525598360	20358	64.946	38.995	338	1
1525598360	20319	64.946	38.995	338	1
1525598360	20404	64.946	39.004	338	1
1525598360	20511	64.946	39.115	338	1
1525598360	20453	65.05	39.104	338	1
1525598360	20560	65.05	39.124	338	1
1525598360	20613	65.05	39.205	338	1
1525598360	20659	65.05	39.205	338	1
1525598360	20709	65.05	39.235	338	1
1525598360	20764	65.153	39.235	338	5
1525598361	19892	64.828	44.109	340	1
1525598361	19972	64.831	44.03	340	1
1525598361	19932	64.831	44.03	340	1
1525598361	20013	64.832	44.008	340	1
1525598361	20098	64.832	43.901	340	1
1525598361	20056	64.832	43.936	340	1
1525598361	20142	64.833	43.98	340	1
1525598361	20193	64.833	43.958	340	1
1525598361	20236	64.833	43.907	340	1
1525598361	20279	64.835	43.8	340	1
1525598361	20330	64.836	43.778	340	1
1525598361	20520	64.94	43.835	340	1
1525598361	20465	64.94	43.778	340	1
1525598361	20366	64.944	43.807	340	1
1525598361	20416	64.944	43.807	340	1
1525598361	20625	64.947	43.706	340	1
1525598361	20673	64.947	43.706	340	1
1525598361	20570	64.947	43.785	340	1
1525598361	20719	65.059	43.634	340	1
1525598361	20773	65.062	43.634	340	1
1525598362	19899	65.309	45.395	340	1
1525598362	19938	65.309	45.473	340	1
1525598362	19981	65.309	45.5	340	1
1525598362	20020	65.309	45.473	340	1
1525598362	20064	65.309	45.45	340	2
1525598362	20110	65.309	45.477	340	1
1525598362	20153	65.309	45.477	340	1
1525598362	20201	65.309	45.528	340	1
1525598362	20243	65.309	45.578	340	1
1525598362	20289	65.309	45.555	340	1
1525598362	20336	65.308	45.678	340	1
1525598362	20483	65.308	45.829	340	1
1525598362	20380	65.369	45.879	340	1
1525598362	20578	65.414	45.953	340	12
1525598362	20531	65.414	45.98	340	3
1525598362	20425	65.408	45.934	340	1
1525598362	20681	65.414	46.003	340	1
1525598362	20633	65.414	46.08	340	1
1525598362	20735	65.513	46.181	340	1
1525598362	20785	65.52	46.254	340	1
1525598363	19908	64.996	49.522	340	1
1525598363	19949	64.996	49.522	340	4
1525598363	19989	64.996	49.547	340	1
1525598363	20072	64.996	49.522	340	1
1525598363	20119	64.996	49.496	340	1
1525598363	20028	64.996	49.522	340	1
1525598363	20165	64.996	49.472	340	1
1525598363	20251	64.996	49.497	340	1
1525598363	20299	64.996	49.421	340	1
1525598363	20210	64.996	49.446	340	1
1525598363	20388	64.998	49.522	340	1
1525598363	20344	64.999	49.547	340	1
1525598363	20493	64.999	49.547	340	1
1525598363	20436	64.999	49.522	340	1
1525598363	20540	65.1	49.623	340	1
1525598363	20590	65.101	49.598	340	1
1525598363	20640	65.104	49.623	340	1
1525598363	20692	65.104	49.623	340	1
1525598363	20744	65.109	49.774	340	1
1525598363	20795	65.107	49.849	340	7
1525598364	19956	65.235	48.744	340	1
1525598364	19916	65.235	48.718	340	1
1525598364	19996	65.235	48.718	340	1
1525598364	20125	65.234	48.894	340	1
1525598364	20037	65.235	48.794	340	1
1525598364	20080	65.235	48.819	340	1
1525598364	20174	65.234	48.945	340	1
1525598364	20260	65.234	48.995	340	1
1525598364	20217	65.234	48.995	340	1
1525598364	20310	65.234	49.02	340	1
1525598364	20397	65.234	48.995	340	1
1525598364	20351	65.234	48.943	340	1
1525598364	20446	65.234	48.944	340	1
1525598364	20502	65.234	48.944	340	6
1525598364	20553	65.308	48.893	340	5
1525598364	20603	65.341	48.894	340	1
1525598364	20701	65.341	48.968	340	1
1525598364	20648	65.341	48.968	340	1
1525598364	20802	65.341	49.071	340	1
1525598364	20754	65.341	49.02	340	1
1525598365	19884	64.803	48.543	340	1
1525598365	20045	64.803	48.518	340	1
1525598365	19964	64.803	48.441	340	1
1525598365	19924	64.803	48.468	340	1
1525598365	20090	64.804	48.569	340	1
1525598365	20005	64.804	48.569	340	1
1525598365	20135	64.804	48.619	340	8
1525598365	20227	64.804	48.518	340	1
1525598365	20182	64.804	48.517	340	1
1525598365	20272	64.804	48.518	340	11
1525598365	20319	64.804	48.392	340	1
1525598365	20358	64.804	48.392	340	1
1525598365	20404	64.803	48.368	340	1
1525598365	20511	64.803	48.241	340	1
1525598365	20453	64.909	48.191	340	1
1525598365	20560	64.909	48.191	340	1
1525598365	20613	64.909	48.09	340	1
1525598365	20659	64.909	48.117	340	1
1525598365	20709	64.909	47.988	340	1
1525598365	20764	65.013	47.813	340	5
1525598366	19932	65.157	41.239	340	1
1525598366	19972	65.157	41.239	340	1
1525598366	20056	65.157	41.331	340	1
1525598366	19892	65.157	41.209	340	1
1525598366	20098	65.157	41.39	340	1
1525598366	20013	65.157	41.23	340	1
1525598366	20142	65.157	41.39	340	1
1525598366	20193	65.157	41.44	340	1
1525598366	20236	65.157	41.44	340	1
1525598366	20279	65.157	41.47	340	1
1525598366	20330	65.157	41.419	340	1
1525598366	20465	65.157	41.369	340	1
1525598366	20520	65.157	41.289	340	1
1525598366	20366	65.266	41.268	340	1
1525598366	20416	65.266	41.268	340	1
1525598366	20570	65.266	41.239	340	1
1525598366	20625	65.266	41.247	340	1
1525598366	20673	65.266	41.247	340	1
1525598366	20719	65.266	41.227	340	1
1525598366	20773	65.372	41.097	340	1
1525598367	19899	64.846	35.739	340	1
1525598367	20020	64.846	35.675	340	1
1525598367	19938	64.846	35.707	340	1
1525598367	20110	64.846	35.775	340	1
1525598367	20064	64.846	35.725	340	3
1525598367	19981	64.846	35.707	340	1
1525598367	20201	64.846	35.675	340	1
1525598367	20153	64.846	35.725	340	1
1525598367	20243	64.846	35.707	340	1
1525598367	20289	64.846	35.707	340	1
1525598367	20336	64.846	35.625	340	1
1525598367	20425	64.846	35.377	340	1
1525598367	20380	64.846	35.474	340	1
1525598367	20483	64.846	35.507	340	1
1525598367	20578	64.949	35.341	340	12
1525598367	20531	64.949	35.374	340	3
1525598367	20681	64.949	35.241	340	1
1525598367	20633	64.949	35.241	340	1
1525598367	20735	64.949	35.155	340	1
1525598367	20785	65.051	35.123	340	1
1525598368	19908	65.218	33.466	340	1
1525598368	19949	65.218	33.483	340	4
1525598368	19989	65.218	33.466	340	1
1525598368	20028	65.211	33.45	340	1
1525598368	20072	65.211	33.45	340	1
1525598368	20165	65.211	33.416	340	1
1525598368	20119	65.211	33.416	340	1
1525598368	20251	65.211	33.533	340	1
1525598368	20210	65.211	33.533	340	1
1525598368	20299	65.211	33.549	340	1
1525598368	20388	65.211	33.483	340	1
1525598368	20493	65.211	33.533	340	1
1525598368	20344	65.211	33.433	340	1
1525598368	20436	65.211	33.549	340	1
1525598368	20540	65.315	33.549	340	1
1525598368	20590	65.315	33.632	340	1
1525598368	20640	65.315	33.582	340	1
1525598368	20692	65.315	33.599	340	1
1525598368	20744	65.315	33.566	340	1
1525598368	20795	65.421	33.599	340	7
1525598369	19916	64.82	35.03	340	1
1525598369	19956	64.82	34.998	340	1
1525598369	19996	64.82	35.062	340	1
1525598369	20037	64.82	35.012	340	1
1525598369	20080	64.82	35.027	340	1
1525598369	20125	64.82	34.863	340	1
1525598369	20174	64.82	34.845	340	1
1525598369	20260	64.82	34.78	340	1
1525598369	20217	64.82	34.763	340	1
1525598369	20310	64.82	34.713	340	1
1525598369	20351	64.82	34.713	340	1
1525598369	20397	64.82	34.681	340	1
1525598369	20446	64.853	34.681	340	1
1525598369	20502	64.912	34.663	340	6
1525598369	20553	64.923	34.663	340	5
1525598369	20603	64.923	34.648	340	1
1525598369	20648	64.923	34.579	340	1
1525598369	20701	64.923	34.546	340	1
1525598369	20754	65.029	34.398	340	1
1525598369	20802	65.029	34.35	340	1
1525598370	19884	65.235	34.099	340	1
1525598370	19924	65.235	34.166	340	1
1525598370	20045	65.236	34.116	340	1
1525598370	19964	65.236	34.199	340	1
1525598370	20005	65.236	34.182	340	1
1525598370	20090	65.236	34.099	340	1
1525598370	20135	65.236	34.066	340	8
1525598370	20182	65.238	34.149	340	1
1525598370	20272	65.238	34.149	340	11
1525598370	20227	65.238	34.083	340	1
1525598370	20358	65.238	34.299	340	1
1525598370	20511	65.342	34.398	340	1
1525598370	20319	65.238	34.299	340	1
1525598370	20404	65.341	34.299	340	1
1525598370	20453	65.344	34.481	340	1
1525598370	20560	65.344	34.481	340	1
1525598370	20613	65.344	34.596	340	1
1525598370	20659	65.344	34.564	340	1
1525598370	20709	65.344	34.663	340	1
1525598370	20764	65.45	34.746	340	5
1525598371	20013	64.835	37.103	340	1
1525598371	19932	64.835	37.103	340	1
1525598371	19972	64.835	37.103	340	1
1525598371	19892	64.835	37.054	340	1
1525598371	20056	64.837	37.103	340	1
1525598371	20098	64.837	37.072	340	1
1525598371	20142	64.837	37.004	340	1
1525598371	20236	64.837	36.973	340	1
1525598371	20193	64.837	36.973	340	1
1525598371	20279	64.837	36.892	340	1
1525598371	20330	64.837	36.923	340	1
1525598371	20465	64.837	36.892	340	1
1525598371	20416	64.943	36.892	340	1
1525598371	20366	64.943	36.892	340	1
1525598371	20520	64.837	36.873	340	1
1525598371	20570	64.943	36.873	340	1
1525598371	20625	64.936	36.842	340	1
1525598371	20673	64.936	36.811	340	1
1525598371	20719	64.936	36.748	340	1
1525598371	20773	65.038	36.798	340	1
1525598372	19899	65.097	36.826	340	1
1525598372	19938	65.097	36.826	340	1
1525598372	19981	65.097	36.826	340	1
1525598372	20020	65.097	36.795	340	1
1525598372	20064	65.097	36.745	340	3
1525598372	20110	65.097	36.682	340	1
1525598372	20153	65.097	36.695	340	1
1525598372	20201	65.099	36.695	340	1
1525598372	20289	65.099	36.613	340	1
1525598372	20243	65.099	36.613	340	1
1525598372	20336	65.099	36.595	340	1
1525598372	20483	65.143	36.613	340	1
1525598372	20425	65.196	36.658	340	1
1525598372	20380	65.199	36.595	340	1
1525598372	20578	65.205	36.727	340	12
1525598372	20531	65.205	36.695	340	3
1525598372	20681	65.256	36.871	340	1
1525598372	20633	65.256	36.808	340	1
1525598372	20735	65.238	36.958	340	1
1525598372	20785	65.345	36.976	340	1
1525598373	19908	64.73	36.596	340	1
1525598373	19989	64.731	36.533	340	1
1525598373	20072	64.731	36.615	340	1
1525598373	20028	64.731	36.647	340	1
1525598373	19949	64.73	36.533	340	4
1525598373	20119	64.731	36.583	340	1
1525598373	20165	64.731	36.665	340	1
1525598373	20251	64.731	36.501	340	1
1525598373	20299	64.731	36.506	340	1
1525598373	20210	64.731	36.501	340	1
1525598373	20344	64.731	36.482	340	1
1525598373	20388	64.731	36.501	340	1
1525598373	20493	64.731	36.4	340	1
1525598373	20436	64.731	36.368	340	1
1525598373	20540	64.835	36.35	340	1
1525598373	20590	64.835	36.268	340	1
1525598373	20640	64.837	36.268	340	1
1525598373	20692	64.837	36.236	340	1
1525598373	20744	64.837	36.199	340	1
1525598373	20795	64.939	36.149	340	7
1525598374	19916	65.075	34.135	340	1
1525598374	19956	65.075	34.086	340	1
1525598374	19996	65.075	34.069	340	1
1525598374	20037	65.075	34.069	340	1
1525598374	20080	65.075	34.053	340	1
1525598374	20125	65.075	34.17	340	1
1525598374	20174	65.075	34.137	340	1
1525598374	20217	65.076	34.17	340	1
1525598374	20260	65.075	34.152	340	1
1525598374	20310	65.076	34.17	340	1
1525598374	20351	65.076	34.203	340	1
1525598374	20446	65.111	34.236	340	1
1525598374	20603	65.183	34.237	340	1
1525598374	20397	65.076	34.236	340	1
1525598374	20553	65.183	34.27	340	5
1525598374	20502	65.183	34.448	340	6
1525598374	20648	65.183	34.388	340	1
1525598374	20701	65.183	34.388	340	1
1525598374	20754	65.183	34.554	340	1
1525598374	20802	65.183	34.536	340	1
1525598375	19884	64.734	32.915	340	1
1525598375	20005	64.734	32.848	340	1
1525598375	19924	64.734	32.865	340	1
1525598375	19964	64.734	32.831	340	1
1525598375	20045	64.734	32.848	340	1
1525598375	20090	64.734	32.864	340	1
1525598375	20227	64.734	32.982	340	1
1525598375	20135	64.734	32.898	340	8
1525598375	20272	64.737	32.998	340	11
1525598375	20182	64.737	32.948	340	1
1525598375	20319	64.737	32.998	340	1
1525598375	20358	64.737	32.998	340	1
1525598375	20511	64.748	32.932	340	1
1525598375	20404	64.737	32.982	340	1
1525598375	20453	64.852	32.864	340	1
1525598375	20560	64.852	32.915	340	1
1525598375	20613	64.856	32.797	340	1
1525598375	20659	64.856	32.831	340	1
1525598375	20709	64.856	32.747	340	1
1525598375	20764	64.961	32.613	340	5
1525598376	19892	64.753	31.253	340	1
1525598376	19972	64.753	31.221	340	1
1525598376	19932	64.753	31.237	340	1
1525598376	20013	64.753	31.187	340	1
1525598376	20056	64.752	31.12	340	1
1525598376	20098	64.752	31.12	340	1
1525598376	20142	64.752	31.136	340	1
1525598376	20193	64.752	31.136	340	1
1525598376	20236	64.752	31.19	340	1
1525598376	20279	64.752	31.256	340	1
1525598376	20330	64.752	31.272	340	1
1525598376	20465	64.85	31.307	340	1
1525598376	20520	64.855	31.339	340	1
1525598376	20416	64.855	31.272	340	1
1525598376	20366	64.855	31.272	340	1
1525598376	20570	64.855	31.253	340	1
1525598376	20625	64.855	31.218	340	1
1525598376	20673	64.855	31.237	340	1
1525598376	20719	64.959	31.307	340	1
1525598376	20773	64.959	31.272	340	1
1525598377	19899	64.44	30.594	340	1
1525598377	19938	64.44	30.508	340	1
1525598377	19981	64.44	30.543	340	1
1525598377	20110	64.44	30.629	340	1
1525598377	20020	64.44	30.578	340	1
1525598377	20064	64.44	30.629	340	3
1525598377	20153	64.44	30.66	340	1
1525598377	20201	64.44	30.695	340	1
1525598377	20289	64.44	30.797	340	1
1525598377	20243	64.44	30.781	340	1
1525598377	20336	64.44	30.797	340	1
1525598377	20483	64.44	30.746	340	1
1525598377	20380	64.44	30.746	340	1
1525598377	20425	64.535	30.781	340	1
1525598377	20578	64.543	30.695	340	12
1525598377	20531	64.543	30.695	340	3
1525598377	20681	64.544	30.66	340	1
1525598377	20633	64.544	30.644	340	1
1525598377	20735	64.544	30.437	340	1
1525598377	20785	64.649	30.391	340	1
1525598378	19908	64.819	29.65	340	1
1525598378	19949	64.819	29.701	340	4
1525598378	19989	64.819	29.686	340	1
1525598378	20072	64.819	29.635	340	1
1525598378	20119	64.819	29.6	340	1
1525598378	20028	64.819	29.6	340	1
1525598378	20165	64.819	29.549	340	1
1525598378	20299	64.819	29.62	340	1
1525598378	20251	64.819	29.6	340	1
1525598378	20210	64.819	29.635	340	1
1525598378	20436	64.819	29.772	340	1
1525598378	20344	64.819	29.757	340	1
1525598378	20388	64.819	29.671	340	1
1525598378	20493	64.91	29.772	340	1
1525598378	20540	64.921	29.772	340	1
1525598378	20590	64.921	29.838	340	1
1525598378	20640	64.921	29.889	340	1
1525598378	20692	64.921	29.904	340	1
1525598378	20744	65.007	30.02	340	1
1525598378	20795	65.029	30.071	340	7
1525598379	19916	64.436	32.453	340	1
1525598379	19996	64.436	32.402	340	1
1525598379	20125	64.436	32.522	340	1
1525598379	19956	64.436	32.42	340	1
1525598379	20174	64.436	32.522	340	1
1525598379	20080	64.436	32.539	340	1
1525598379	20037	64.436	32.522	340	1
1525598379	20260	64.436	32.538	340	1
1525598379	20217	64.436	32.522	340	1
1525598379	20310	64.436	32.538	340	1
1525598379	20397	64.436	32.555	340	1
1525598379	20351	64.436	32.504	340	1
1525598379	20446	64.436	32.419	340	1
1525598379	20502	64.436	32.21	340	6
1525598379	20603	64.541	32.437	340	1
1525598379	20553	64.541	32.487	340	5
1525598379	20648	64.541	32.284	340	1
1525598379	20701	64.541	32.319	340	1
1525598379	20802	64.645	32.181	340	1
1525598379	20754	64.645	32.165	340	1
1525598380	19884	64.72	33.824	340	1
1525598380	20045	64.72	33.824	340	1
1525598380	20090	64.72	33.873	340	1
1525598380	20135	64.72	33.806	340	8
1525598380	19924	64.72	33.841	340	1
1525598380	20227	64.72	33.739	340	1
1525598380	19964	64.72	33.824	340	1
1525598380	20272	64.72	33.773	340	11
1525598380	20005	64.72	33.739	340	1
1525598380	20182	64.72	33.806	340	1
1525598380	20319	64.72	33.671	340	1
1525598380	20358	64.72	33.671	340	1
1525598380	20404	64.72	33.688	340	1
1525598380	20511	64.72	33.655	340	1
1525598380	20560	64.72	33.553	340	1
1525598380	20453	64.72	33.604	340	1
1525598380	20659	64.823	33.502	340	1
1525598380	20613	64.823	33.604	340	1
1525598380	20709	64.823	33.553	340	1
1525598380	20764	64.823	33.536	340	5
1525598381	19892	64.404	32.981	340	1
1525598381	19972	64.404	32.997	340	1
1525598381	20098	64.403	32.93	340	1
1525598381	20013	64.403	32.981	340	1
1525598381	20142	64.403	33.014	340	1
1525598381	19932	64.404	32.964	340	1
1525598381	20193	64.403	33.048	340	1
1525598381	20236	64.403	32.929	340	1
1525598381	20056	64.403	32.98	340	1
1525598381	20279	64.403	32.947	340	1
1525598381	20330	64.403	32.93	340	1
1525598381	20465	64.403	32.896	340	1
1525598381	20416	64.506	32.913	340	1
1525598381	20520	64.506	32.897	340	1
1525598381	20366	64.506	32.913	340	1
1525598381	20570	64.506	32.964	340	1
1525598381	20625	64.508	32.964	340	1
1525598381	20673	64.508	33.014	340	1
1525598381	20719	64.508	32.93	340	1
1525598381	20773	64.612	33.014	340	1
1525598382	19899	64.477	32.393	340	1
1525598382	20064	64.489	32.359	340	3
1525598382	20153	64.489	32.343	340	1
1525598382	19981	64.477	32.359	340	1
1525598382	20201	64.489	32.343	340	1
1525598382	20110	64.489	32.377	340	1
1525598382	19938	64.477	32.409	340	1
1525598382	20020	64.489	32.359	340	1
1525598382	20289	64.489	32.308	340	1
1525598382	20243	64.489	32.325	340	2
1525598382	20336	64.489	32.359	340	1
1525598382	20483	64.489	32.359	340	1
1525598382	20425	64.488	32.291	340	1
1525598382	20380	64.487	32.325	340	1
1525598382	20531	64.487	32.274	340	3
1525598382	20578	64.487	32.291	340	12
1525598382	20681	64.593	32.155	340	1
1525598382	20633	64.593	32.191	340	1
1525598382	20735	64.593	32.308	340	1
1525598382	20785	64.691	32.206	340	1
1525598383	19908	64.179	31.209	340	1
1525598383	20028	64.179	31.244	340	1
1525598383	19989	64.179	31.158	340	1
1525598383	20119	64.179	31.244	340	1
1525598383	20165	64.179	31.193	340	1
1525598383	19949	64.179	31.158	340	4
1525598383	20072	64.179	31.174	340	1
1525598383	20251	64.179	31.158	340	1
1525598383	20299	64.179	31.174	340	1
1525598383	20210	64.179	31.158	340	1
1525598383	20344	64.179	31.038	340	1
1525598383	20436	64.179	31.073	340	1
1525598383	20388	64.179	31.123	340	1
1525598383	20493	64.179	31.127	340	1
1525598383	20540	64.285	31.057	340	1
1525598383	20590	64.285	30.975	340	1
1525598383	20640	64.285	30.925	340	3
1525598383	20692	64.285	30.925	340	1
1525598383	20744	64.285	30.723	340	1
1525598383	20795	64.385	30.707	340	7
1525598384	19996	64.506	26.67	340	1
1525598384	19916	64.506	26.619	340	1
1525598384	19956	64.506	26.67	340	1
1525598384	20125	64.506	26.596	340	1
1525598384	20174	64.506	26.684	340	1
1525598384	20080	64.506	26.633	340	1
1525598384	20037	64.506	26.596	340	1
1525598384	20260	64.506	26.721	340	1
1525598384	20217	64.506	26.771	340	1
1525598384	20310	64.506	26.721	340	1
1525598384	20351	64.506	26.758	340	1
1525598384	20397	64.506	26.67	340	1
1525598384	20446	64.506	26.795	340	1
1525598384	20502	64.506	26.795	340	6
1525598384	20603	64.61	26.67	340	1
1525598384	20553	64.601	26.67	340	5
1525598384	20701	64.612	26.721	340	1
1525598384	20648	64.612	26.758	340	1
1525598384	20754	64.716	26.619	340	1
1525598384	20802	64.716	26.619	340	1
1525598385	19924	64.19	23.872	340	1
1525598385	20090	64.192	23.846	340	1
1525598385	19884	64.19	23.872	340	1
1525598385	20045	64.192	23.872	340	1
1525598385	20005	64.192	24	340	1
1525598385	19964	64.19	23.872	340	1
1525598385	20135	64.193	23.911	340	8
1525598385	20227	64.193	23.899	340	1
1525598385	20182	64.193	23.822	340	1
1525598385	20272	64.193	23.86	340	11
1525598385	20319	64.193	23.899	340	1
1525598385	20358	64.193	23.899	340	1
1525598385	20511	64.193	23.925	340	1
1525598385	20404	64.193	23.887	340	1
1525598385	20453	64.298	24	340	1
1525598385	20560	64.298	24	340	1
1525598385	20613	64.299	23.911	340	1
1525598385	20659	64.299	23.949	340	1
1525598385	20709	64.299	24	340	1
1525598385	20764	64.403	24.038	340	5
1525598386	19892	64.514	23.819	340	1
1525598386	19932	64.514	23.846	340	1
1525598386	20013	64.514	23.909	340	1
1525598386	19972	64.514	23.819	340	1
1525598386	20056	64.514	23.896	340	1
1525598386	20193	64.514	23.909	340	1
1525598386	20142	64.514	23.947	340	1
1525598386	20236	64.514	23.998	340	1
1525598386	20098	64.514	24.024	340	1
1525598386	20279	64.514	23.909	340	1
1525598386	20330	64.514	23.87	340	1
1525598386	20465	64.514	23.921	340	1
1525598386	20520	64.618	23.933	340	1
1525598386	20366	64.621	23.972	340	1
1525598386	20416	64.621	23.972	340	1
1525598386	20570	64.621	23.972	340	1
1525598386	20625	64.621	23.972	340	1
1525598386	20673	64.621	23.882	340	1
1525598386	20719	64.728	24.037	340	1
1525598386	20773	64.727	23.986	340	1
1525598387	19899	64.255	25.684	340	1
1525598387	19938	64.256	25.759	340	1
1525598387	19981	64.256	25.759	340	1
1525598387	20020	64.256	25.746	340	1
1525598387	20064	64.256	25.709	340	3
1525598387	20110	64.256	25.684	340	1
1525598387	20153	64.256	25.709	340	1
1525598387	20201	64.256	25.709	340	1
1525598387	20243	64.256	25.645	340	3
1525598387	20289	64.256	25.658	340	1
1525598387	20336	64.256	25.695	340	1
1525598387	20483	64.361	25.847	340	1
1525598387	20425	64.361	25.86	340	1
1525598387	20380	64.361	25.885	340	1
1525598387	20578	64.362	25.847	340	12
1525598387	20531	64.362	25.898	340	3
1525598387	20681	64.362	26.036	340	1
1525598387	20633	64.362	26.063	340	1
1525598387	20735	64.468	26.063	340	1
1525598387	20785	64.468	26.313	340	1
1525598388	19949	64.534	28.204	340	4
1525598388	19908	64.534	28.168	340	1
1525598388	19989	64.534	28.218	340	1
1525598388	20072	64.534	28.153	340	1
1525598388	20028	64.534	28.117	340	1
1525598388	20119	64.534	28.117	340	1
1525598388	20165	64.534	28.081	340	1
1525598388	20251	64.534	28.103	340	1
1525598388	20299	64.534	28.089	340	1
1525598388	20210	64.534	28.139	340	1
1525598388	20388	64.534	28.052	340	1
1525598388	20344	64.534	28.052	340	1
1525598388	20436	64.534	28.089	340	1
1525598388	20493	64.534	28.03	340	1
1525598388	20540	64.537	28.089	340	1
1525598388	20590	64.64	28.153	340	1
1525598388	20640	64.64	28.117	340	3
1525598388	20692	64.64	28.117	340	1
1525598388	20744	64.743	28.204	340	1
1525598388	20795	64.746	28.131	340	7
1525598389	19996	64.158	30.402	340	1
1525598389	19916	64.158	30.352	340	1
1525598389	19956	64.158	30.367	340	1
1525598389	20080	64.158	30.332	340	1
1525598389	20125	64.158	30.437	340	1
1525598389	20174	64.158	30.402	340	1
1525598389	20260	64.158	30.332	340	1
1525598389	20037	64.158	30.352	340	1
1525598389	20217	64.158	30.297	340	1
1525598389	20310	64.158	30.437	340	1
1525598389	20351	64.158	30.417	340	1
1525598389	20397	64.158	30.452	340	1
1525598389	20446	64.158	30.522	340	1
1525598389	20502	64.158	30.507	340	6
1525598389	20553	64.244	30.522	340	5
1525598389	20603	64.263	30.592	340	1
1525598389	20648	64.263	30.592	340	1
1525598389	20701	64.263	30.557	340	1
1525598389	20754	64.368	30.642	340	1
1525598389	20802	64.368	30.627	340	1
1525598390	19884	64.481	32.834	340	1
1525598390	19924	64.481	32.834	340	1
1525598390	20045	64.481	32.867	340	1
1525598390	19964	64.481	32.867	340	1
1525598390	20005	64.481	32.75	340	1
1525598390	20135	64.481	32.834	340	8
1525598390	20182	64.481	32.917	340	1
1525598390	20090	64.481	32.784	340	1
1525598390	20272	64.481	32.85	340	11
1525598390	20227	64.481	32.951	340	1
1525598390	20319	64.481	32.866	340	1
1525598390	20358	64.481	32.85	340	1
1525598390	20404	64.481	32.85	340	1
1525598390	20511	64.481	32.816	340	1
1525598390	20453	64.589	32.766	340	1
1525598390	20560	64.589	32.766	340	1
1525598390	20613	64.589	32.766	340	1
1525598390	20659	64.589	32.749	340	1
1525598390	20709	64.589	32.649	340	1
1525598390	20764	64.695	32.683	340	5
1525598391	19892	64.171	33.851	340	1
1525598391	19932	64.171	33.884	340	1
1525598391	19972	64.171	33.884	340	1
1525598391	20013	64.171	33.884	340	1
1525598391	20056	64.171	33.801	340	1
1525598391	20098	64.171	33.701	340	1
1525598391	20142	64.171	33.617	340	1
1525598391	20193	64.171	33.667	340	1
1525598391	20236	64.171	33.584	340	1
1525598391	20465	64.171	33.684	340	1
1525598391	20330	64.171	33.634	340	6
1525598391	20366	64.275	33.767	340	1
1525598391	20416	64.271	33.784	340	1
1525598391	20279	64.171	33.584	340	1
1525598391	20520	64.229	33.767	340	1
1525598391	20570	64.274	33.767	340	1
1525598391	20625	64.277	33.833	340	1
1525598391	20673	64.277	33.85	340	1
1525598391	20719	64.277	33.768	340	1
1525598391	20773	64.277	33.717	340	1
1525598392	19938	64.5	32.916	340	1
1525598392	20110	64.5	32.933	340	1
1525598392	19981	64.5	32.883	340	1
1525598392	19899	64.5	32.95	340	1
1525598392	20153	64.5	32.933	340	1
1525598392	20201	64.5	33.017	340	1
1525598392	20064	64.5	32.933	340	3
1525598392	20020	64.5	32.933	340	1
1525598392	20289	64.5	33.017	340	1
1525598392	20243	64.5	33.033	340	3
1525598392	20336	64.5	33.033	340	1
1525598392	20425	64.5	32.866	340	1
1525598392	20483	64.5	32.849	340	1
1525598392	20380	64.5	32.883	340	1
1525598392	20531	64.606	32.883	340	3
1525598392	20578	64.606	32.916	340	12
1525598392	20633	64.608	32.715	340	1
1525598392	20681	64.608	32.766	340	1
1525598392	20735	64.609	32.633	340	1
1525598392	20785	64.609	32.565	340	5
1525598393	19989	64.199	31.568	340	1
1525598393	20072	64.199	31.584	340	1
1525598393	20028	64.199	31.55	340	1
1525598393	20119	64.199	31.584	340	1
1525598393	19949	64.199	31.6	340	4
1525598393	19908	64.199	31.55	340	1
1525598393	20165	64.199	31.737	340	4
1525598393	20251	64.199	31.734	340	1
1525598393	20299	64.199	31.7	340	1
1525598393	20210	64.199	31.65	340	1
1525598393	20388	64.199	31.734	340	1
1525598393	20344	64.199	31.734	340	1
1525598393	20436	64.199	31.7	340	1
1525598393	20493	64.199	31.684	340	1
1525598393	20540	64.271	31.65	340	1
1525598393	20590	64.304	31.6	340	1
1525598393	20692	64.304	31.584	340	1
1525598393	20640	64.304	31.6	340	3
1525598393	20744	64.304	31.584	340	1
1525598393	20795	64.308	31.584	340	7
1525598394	19916	64.522	29.709	340	1
1525598394	19956	64.522	29.709	340	1
1525598394	20037	64.522	29.674	340	1
1525598394	19996	64.522	29.674	340	1
1525598394	20125	64.522	29.639	340	1
1525598394	20080	64.522	29.639	340	1
1525598394	20174	64.523	29.639	340	1
1525598394	20260	64.523	29.724	340	1
1525598394	20217	64.523	29.724	340	1
1525598394	20310	64.523	29.589	340	1
1525598394	20351	64.523	29.624	340	1
1525598394	20397	64.523	29.609	340	1
1525598394	20446	64.523	29.468	340	1
1525598394	20502	64.523	29.483	340	6
1525598394	20603	64.626	29.539	340	1
1525598394	20553	64.594	29.503	340	5
1525598394	20701	64.626	29.483	340	1
1525598394	20648	64.626	29.412	340	1
1525598394	20754	64.734	29.418	340	1
1525598394	20802	64.734	29.453	340	1
1525598395	19884	64.264	28.917	340	1
1525598395	19964	64.264	28.917	340	1
1525598395	20045	64.264	28.917	340	1
1525598395	19924	64.264	28.974	340	1
1525598395	20005	64.264	28.931	340	1
1525598395	20090	64.264	28.917	340	1
1525598395	20135	64.264	28.866	340	8
1525598395	20227	64.264	28.694	340	1
1525598395	20272	64.264	28.823	340	11
1525598395	20182	64.264	28.73	340	1
1525598395	20319	64.264	28.802	340	1
1525598395	20358	64.264	28.816	340	1
1525598395	20404	64.264	28.816	340	1
1525598395	20511	64.264	28.866	340	1
1525598395	20453	64.37	28.953	340	1
1525598395	20560	64.37	28.953	340	1
1525598395	20613	64.467	29.104	340	1
1525598395	20659	64.417	29.19	340	1
1525598395	20709	64.417	29.24	340	1
1525598395	20764	64.523	29.305	340	5
1525598396	19892	64.537	29.259	340	1
1525598396	19972	64.537	29.223	340	1
1525598396	19932	64.537	29.223	340	1
1525598396	20056	64.537	29.294	340	1
1525598396	20013	64.537	29.208	340	1
1525598396	20142	64.537	29.444	340	1
1525598396	20098	64.537	29.429	340	1
1525598396	20193	64.537	29.424	340	1
1525598396	20236	64.537	29.509	340	1
1525598396	20279	64.537	29.58	340	1
1525598396	20330	64.537	29.544	340	6
1525598396	20465	64.537	29.394	340	1
1525598396	20520	64.611	29.273	340	1
1525598396	20366	64.643	29.273	340	1
1525598396	20416	64.643	29.259	340	1
1525598396	20570	64.643	29.294	340	1
1525598396	20673	64.643	29.244	340	1
1525598396	20625	64.643	29.259	340	1
1525598396	20719	64.643	29.273	340	1
1525598396	20773	64.751	29.309	340	1
1525598397	19899	64.175	29.232	340	1
1525598397	20020	64.175	29.317	340	1
1525598397	20064	64.175	29.267	340	3
1525598397	20153	64.177	29.303	340	1
1525598397	20110	64.175	29.267	340	1
1525598397	19981	64.175	29.388	340	1
1525598397	20201	64.177	29.196	340	1
1525598397	19938	64.175	29.267	340	1
1525598397	20289	64.177	29.267	340	1
1525598397	20243	64.177	29.267	340	3
1525598397	20336	64.177	29.181	340	1
1525598397	20483	64.177	29.181	340	1
1525598397	20425	64.177	29.181	340	1
1525598397	20380	64.177	29.146	340	1
1525598397	20578	64.177	29.131	340	12
1525598397	20531	64.269	29.167	340	3
1525598397	20681	64.283	29.246	340	1
1525598397	20633	64.283	29.303	340	1
1525598397	20735	64.283	29.353	340	1
1525598397	20785	64.283	29.252	340	5
1525598398	19908	64.39	28.794	340	1
1525598398	19949	64.39	28.744	340	4
1525598398	19989	64.39	28.758	340	1
1525598398	20028	64.39	28.844	340	1
1525598398	20072	64.39	28.844	340	1
1525598398	20119	64.39	28.808	340	1
1525598398	20165	64.39	28.823	340	4
1525598398	20251	64.39	28.794	340	1
1525598398	20299	64.39	28.844	340	1
1525598398	20210	64.39	28.844	340	1
1525598398	20388	64.39	28.844	340	1
1525598398	20436	64.39	28.844	340	1
1525598398	20344	64.39	28.88	340	1
1525598398	20493	64.39	28.894	340	1
1525598398	20540	64.496	28.894	340	1
1525598398	20590	64.496	28.894	340	1
1525598398	20640	64.496	28.894	340	3
1525598398	20692	64.496	28.894	340	1
1525598398	20744	64.496	28.98	340	1
1525598398	20795	64.602	28.966	340	7
1525598399	19916	64.187	29.965	340	1
1525598399	19996	64.187	30	340	1
1525598399	19956	64.187	29.965	340	1
1525598399	20037	64.189	29.93	340	1
1525598399	20080	64.189	29.915	340	1
1525598399	20125	64.189	29.864	340	1
1525598399	20174	64.189	29.814	340	1
1525598399	20260	64.19	29.713	340	1
1525598399	20217	64.19	29.713	340	1
1525598399	20310	64.19	29.764	340	1
1525598399	20351	64.19	29.713	340	1
1525598399	20397	64.19	29.743	340	3
1525598399	20446	64.19	29.764	340	1
1525598399	20502	64.19	29.799	340	6
1525598399	20553	64.288	29.728	340	5
1525598399	20603	64.295	29.658	340	1
1525598399	20648	64.294	29.779	340	1
1525598399	20701	64.294	29.779	340	3
1525598399	20754	64.325	29.794	340	1
1525598399	20802	64.375	29.758	340	1
1525598400	19924	64.509	28.248	340	1
1525598400	19884	64.509	28.306	340	1
1525598400	20005	64.509	28.414	340	1
1525598400	20090	64.509	28.392	340	1
1525598400	19964	64.509	28.378	340	3
1525598400	20135	64.509	28.356	340	8
1525598400	20045	64.509	28.342	340	1
1525598400	20227	64.509	28.37	340	1
1525598400	20182	64.509	28.442	340	1
1525598400	20272	64.509	28.334	340	11
1525598400	20319	64.509	28.306	340	1
1525598400	20358	64.509	28.291	340	1
1525598400	20404	64.509	28.306	340	1
1525598400	20511	64.509	28.291	340	1
1525598400	20453	64.615	28.255	340	1
1525598400	20560	64.615	28.241	340	1
1525598400	20613	64.615	28.177	340	1
1525598400	20659	64.615	28.09	340	1
1525598400	20709	64.615	28.09	340	1
1525598400	20764	64.715	28.127	340	5
1525598401	19932	64.199	26.942	340	1
1525598401	19892	64.199	26.993	340	1
1525598401	19972	64.199	26.979	340	1
1525598401	20013	64.199	26.906	340	1
1525598401	20056	64.199	26.942	340	1
1525598401	20098	64.199	26.869	340	1
1525598401	20193	64.199	26.942	340	1
1525598401	20236	64.199	26.942	340	1
1525598401	20142	64.199	26.979	340	1
1525598401	20279	64.199	26.906	340	1
1525598401	20330	64.199	26.929	340	6
1525598401	20465	64.199	26.993	340	1
1525598401	20416	64.199	26.892	340	1
1525598401	20520	64.199	26.892	340	1
1525598401	20366	64.233	26.878	340	1
1525598401	20570	64.234	26.842	340	1
1525598401	20625	64.303	26.818	340	1
1525598401	20673	64.303	26.869	340	1
1525598401	20719	64.303	26.805	340	1
1525598401	20773	64.303	26.717	340	1
1525598402	19899	64.525	25.443	340	1
1525598402	20020	64.525	25.354	340	1
1525598402	19981	64.525	25.354	340	1
1525598402	20153	64.526	25.48	340	1
1525598402	19938	64.525	25.405	340	1
1525598402	20110	64.525	25.518	340	1
1525598402	20064	64.525	25.405	340	3
1525598402	20201	64.526	25.48	340	1
1525598402	20289	64.526	25.48	340	1
1525598402	20243	64.526	25.48	340	3
1525598402	20336	64.526	25.48	340	1
1525598402	20483	64.526	25.531	340	1
1525598402	20425	64.526	25.531	340	1
1525598402	20578	64.629	25.581	340	12
1525598402	20531	64.629	25.493	340	3
1525598402	20380	64.626	25.631	340	3
1525598402	20681	64.629	25.467	340	1
1525598402	20633	64.629	25.443	340	1
1525598402	20735	64.629	25.43	340	1
1525598402	20785	64.736	25.467	340	5
1525598403	19908	64.265	26.124	340	1
1525598403	19949	64.265	26.124	340	4
1525598403	19989	64.265	26.124	340	1
1525598403	20028	64.265	26.111	340	1
1525598403	20119	64.265	26.111	340	1
1525598403	20072	64.265	26.074	340	1
1525598403	20165	64.265	25.986	340	4
1525598403	20251	64.265	26.036	340	1
1525598403	20299	64.265	26.111	340	1
1525598403	20210	64.265	26.087	340	1
1525598403	20388	64.265	26.087	340	1
1525598403	20344	64.265	26.063	340	1
1525598403	20436	64.265	26.175	340	1
1525598403	20493	64.337	26.162	340	1
1525598403	20540	64.371	26.188	340	1
1525598403	20590	64.371	26.201	340	1
1525598403	20640	64.371	26.225	340	3
1525598403	20692	64.371	26.252	340	1
1525598403	20744	64.471	26.302	340	1
1525598403	20795	64.476	26.404	340	7
1525598404	19956	64.539	27.534	340	1
1525598404	20037	64.538	27.571	340	1
1525598404	20080	64.538	27.584	340	1
1525598404	19996	64.539	27.497	340	1
1525598404	19916	64.539	27.584	340	1
1525598404	20125	64.538	27.548	340	1
1525598404	20174	64.538	27.621	340	1
1525598404	20217	64.538	27.621	340	1
1525598404	20260	64.538	27.621	340	1
1525598404	20310	64.538	27.598	340	1
1525598404	20351	64.538	27.598	340	1
1525598404	20397	64.538	27.584	340	3
1525598404	20446	64.538	27.685	340	2
1525598404	20502	64.538	27.635	340	6
1525598404	20553	64.646	27.758	340	5
1525598404	20603	64.646	27.736	340	1
1525598404	20701	64.646	27.708	340	3
1525598404	20648	64.646	27.73	340	1
1525598404	20754	64.752	27.758	340	1
1525598404	20802	64.752	27.772	340	1
1525598405	20005	64.178	28.715	340	1
1525598405	20090	64.178	28.751	340	1
1525598405	19964	64.177	28.766	340	3
1525598405	19884	64.177	28.873	340	1
1525598405	20045	64.178	28.766	340	1
1525598405	19924	64.177	28.859	340	1
1525598405	20135	64.178	28.837	340	8
1525598405	20227	64.178	28.909	340	1
1525598405	20182	64.178	28.802	340	1
1525598405	20272	64.178	28.837	340	11
1525598405	20319	64.178	28.787	340	1
1525598405	20358	64.178	28.802	340	1
1525598405	20404	64.178	28.837	340	1
1525598405	20511	64.178	28.787	340	1
1525598405	20453	64.178	28.701	340	4
1525598405	20560	64.263	28.715	340	1
1525598405	20613	64.284	28.802	340	1
1525598405	20659	64.284	28.852	340	1
1525598405	20709	64.284	28.902	340	1
1525598405	20764	64.39	28.73	340	5
1525598406	19892	64.503	28.982	341	3
1525598406	20013	64.503	29.032	341	1
1525598406	19932	64.503	28.996	341	1
1525598406	19972	64.504	28.961	341	1
1525598406	20098	64.505	29.104	341	1
1525598406	20236	64.506	29.032	341	1
1525598406	20193	64.506	28.996	341	1
1525598406	20142	64.506	28.996	341	1
1525598406	20056	64.505	29.032	341	5
1525598406	20279	64.506	29.083	341	1
1525598406	20330	64.506	29.148	341	6
1525598406	20520	64.506	29.335	341	1
1525598406	20416	64.507	29.37	341	1
1525598406	20366	64.507	29.385	341	1
1525598406	20465	64.506	29.183	341	6
1525598406	20570	64.6	29.4	341	1
1525598406	20673	64.614	29.536	341	1
1525598406	20625	64.614	29.536	341	1
1525598406	20719	64.614	29.628	341	1
1525598406	20773	64.614	29.658	341	1
1525598407	20110	64.207	31.891	341	1
1525598407	19981	64.207	31.942	341	1
1525598407	20020	64.207	31.976	341	1
1525598407	20153	64.207	31.891	341	1
1525598407	20201	64.207	31.96	341	5
1525598407	20289	64.207	31.976	341	1
1525598407	20243	64.207	31.976	341	3
1525598407	19899	64.206	31.926	341	15
1525598407	19938	64.207	31.994	341	1
1525598407	20064	64.207	31.994	341	3
1525598407	20336	64.209	32.111	341	1
1525598407	20483	64.209	32.129	341	1
1525598407	20425	64.209	32.076	341	1
1525598407	20380	64.209	31.974	341	3
1525598407	20578	64.209	32.044	341	12
1525598407	20531	64.209	32.094	341	3
1525598407	20633	64.304	32.129	341	1
1525598407	20681	64.304	32.129	341	1
1525598407	20735	64.304	32.145	341	1
1525598407	20785	64.304	32.111	341	5
1525598408	19989	64.524	31.571	341	1
1525598408	20119	64.524	31.587	341	1
1525598408	20165	64.524	31.672	341	4
1525598408	19908	64.524	31.571	341	1
1525598408	20028	64.524	31.587	341	1
1525598408	20072	64.524	31.552	341	8
1525598408	19949	64.524	31.555	341	4
1525598408	20299	64.526	31.688	341	1
1525598408	20251	64.524	31.756	341	1
1525598408	20210	64.526	31.772	341	7
1525598408	20388	64.526	31.738	341	3
1525598408	20436	64.526	31.653	341	1
1525598408	20344	64.526	31.722	341	1
1525598408	20493	64.526	31.669	341	4
1525598408	20540	64.529	31.637	341	1
1525598408	20590	64.632	31.64	341	5
1525598408	20692	64.632	31.64	341	1
1525598408	20640	64.632	31.672	341	3
1525598408	20744	64.632	31.47	341	1
1525598408	20795	64.632	31.385	341	7
1525598409	19956	64.214	30.349	341	1
1525598409	20080	64.214	30.435	341	1
1525598409	19916	64.214	30.278	341	1
1525598409	19996	64.214	30.349	341	1
1525598409	20037	64.214	30.435	341	1
1525598409	20260	64.214	30.602	341	1
1525598409	20174	64.214	30.501	341	8
1525598409	20217	64.214	30.602	341	1
1525598409	20125	64.214	30.485	341	1
1525598409	20310	64.215	30.653	341	10
1525598409	20351	64.215	30.688	341	1
1525598409	20397	64.215	30.653	341	3
1525598409	20446	64.215	30.567	341	3
1525598409	20502	64.215	30.582	341	6
1525598409	20553	64.318	30.567	341	5
1525598409	20603	64.319	30.602	341	8
1525598409	20701	64.319	30.516	341	3
1525598409	20648	64.319	30.532	341	1
1525598409	20754	64.424	30.516	341	11
1525598409	20802	64.425	30.516	341	1
1525598410	19884	64.542	28.927	341	1
1525598410	20090	64.542	28.978	341	1
1525598410	19924	64.542	28.942	341	10
1525598410	19964	64.542	28.927	341	3
1525598410	20005	64.542	29.014	341	1
1525598410	20182	64.542	29.036	341	1
1525598410	20045	64.542	28.963	341	1
1525598410	20135	64.542	28.927	341	8
1525598410	20227	64.542	28.942	341	1
1525598410	20272	64.542	29.014	341	11
1525598410	20319	64.542	29.152	341	4
1525598410	20358	64.542	29.152	341	1
1525598410	20511	64.542	29.131	341	1
1525598410	20404	64.542	29.116	341	1
1525598410	20453	64.542	29.188	341	9
1525598410	20560	64.542	29.188	341	1
1525598410	20613	64.64	29.065	341	1
1525598410	20659	64.648	29.065	341	1
1525598410	20709	64.648	29.036	341	1
1525598410	20764	64.648	29.036	341	5
1525598411	19892	64.232	29.412	341	3
1525598411	19932	64.232	29.412	341	1
1525598411	20098	64.234	29.37	341	1
1525598411	20056	64.234	29.477	341	5
1525598411	19972	64.232	29.412	341	1
1525598411	20193	64.234	29.477	341	1
1525598411	20142	64.234	29.477	341	1
1525598411	20236	64.234	29.477	341	1
1525598411	20013	64.232	29.427	341	1
1525598411	20279	64.234	29.391	341	1
1525598411	20330	64.234	29.355	341	6
1525598411	20366	64.234	29.239	341	1
1525598411	20570	64.327	29.274	341	6
1525598411	20465	64.234	29.34	341	6
1525598411	20520	64.234	29.239	341	6
1525598411	20416	64.234	29.239	341	1
1525598411	20625	64.339	29.274	341	1
1525598411	20673	64.34	29.239	341	11
1525598411	20719	64.34	29.253	341	1
1525598411	20773	64.34	29.289	341	7
1525598412	19899	64.455	27.351	341	15
1525598412	20064	64.455	27.388	341	3
1525598412	20020	64.455	27.388	341	1
1525598412	20110	64.455	27.425	341	1
1525598412	19938	64.455	27.277	341	1
1525598412	19981	64.455	27.351	341	1
1525598412	20153	64.455	27.365	341	1
1525598412	20201	64.455	27.388	341	5
1525598412	20289	64.455	27.263	341	1
1525598412	20243	64.455	27.263	341	3
1525598412	20336	64.455	27.199	341	1
1525598412	20425	64.455	27.236	341	1
1525598412	20483	64.455	27.162	341	10
1525598412	20380	64.455	27.287	341	3
1525598412	20531	64.561	27.25	341	3
1525598412	20578	64.561	27.263	341	12
1525598412	20681	64.561	27.138	341	5
1525598412	20633	64.561	27.138	341	1
1525598412	20735	64.561	27.138	341	9
1525598412	20785	64.665	27.189	341	5
1525598413	19989	64.192	27.277	341	1
1525598413	19949	64.192	27.277	341	4
1525598413	19908	64.192	27.263	341	1
1525598413	20072	64.192	27.263	341	8
1525598413	20119	64.192	27.3	341	5
1525598413	20165	64.192	27.176	341	4
1525598413	20028	64.192	27.189	341	12
1525598413	20251	64.192	27.162	341	1
1525598413	20299	64.192	27.125	341	7
1525598413	20388	64.192	27.097	341	3
1525598413	20210	64.192	27.074	341	7
1525598413	20344	64.192	27.111	341	1
1525598413	20493	64.192	27.06	341	4
1525598413	20436	64.192	27.111	341	7
1525598413	20540	64.192	27.148	341	1
1525598413	20590	64.298	27.125	341	5
1525598413	20640	64.298	27.074	341	3
1525598413	20692	64.298	27.074	341	1
1525598413	20744	64.3	27.125	341	1
1525598413	20795	64.393	27.111	341	7
1525598414	19916	64.519	26.286	341	1
1525598414	19996	64.519	26.286	341	1
1525598414	20080	64.519	26.235	341	1
1525598414	19956	64.519	26.249	341	5
1525598414	20037	64.519	26.16	341	1
1525598414	20125	64.519	26.184	341	1
1525598414	20260	64.519	26.147	341	1
1525598414	20174	64.519	26.147	341	8
1525598414	20217	64.519	26.147	341	1
1525598414	20310	64.519	26.133	341	10
1525598414	20351	64.519	26.133	341	1
1525598414	20397	64.519	26.147	341	3
1525598414	20446	64.519	26.184	341	3
1525598414	20502	64.519	26.184	341	6
1525598414	20603	64.626	26.096	341	8
1525598414	20553	64.625	26.147	341	5
1525598414	20701	64.626	26.222	341	3
1525598414	20648	64.626	26.171	341	1
1525598414	20754	64.723	26.26	341	11
1525598414	20802	64.728	26.26	341	1
1525598415	19964	64.209	27.083	341	3
1525598415	20005	64.209	27.046	341	1
1525598415	20045	64.209	27.157	341	7
1525598415	20090	64.21	27.12	341	14
1525598415	19924	64.209	27.07	341	10
1525598415	19884	64.209	27.083	341	1
1525598415	20135	64.21	27.171	341	8
1525598415	20182	64.21	27.023	341	1
1525598415	20227	64.21	27.12	341	9
1525598415	20272	64.21	27.033	341	11
1525598415	20319	64.21	26.907	341	4
1525598415	20358	64.21	26.907	341	1
1525598415	20404	64.21	26.907	341	1
1525598415	20511	64.21	26.931	341	1
1525598415	20453	64.307	26.921	341	9
1525598415	20560	64.312	26.921	341	1
1525598415	20613	64.313	26.995	341	1
1525598415	20659	64.313	26.995	341	1
1525598415	20709	64.313	26.884	341	8
1525598415	20764	64.42	27.009	341	5
1525598416	19892	64.537	25.815	341	3
1525598416	19932	64.537	25.866	341	3
1525598416	19972	64.537	25.866	341	8
1525598416	20013	64.537	25.852	341	1
1525598416	20056	64.541	25.815	341	5
1525598416	20098	64.541	25.815	341	1
1525598416	20142	64.541	25.726	341	1
1525598416	20193	64.541	25.713	341	10
1525598416	20236	64.541	25.662	341	1
1525598416	20279	64.541	25.7	341	1
1525598416	20330	64.541	25.687	341	6
1525598416	20465	64.541	25.662	341	6
1525598416	20520	64.641	25.713	341	10
1525598416	20416	64.647	25.7	341	1
1525598416	20366	64.647	25.7	341	1
1525598416	20570	64.647	25.649	341	6
1525598416	20625	64.647	25.522	341	1
1525598416	20673	64.647	25.56	341	11
1525598416	20719	64.647	25.471	341	1
1525598416	20773	64.681	25.496	341	7
1525598417	19981	64.238	26.335	341	1
1525598417	19938	64.238	26.335	341	1
1525598417	20020	64.238	26.297	341	1
1525598417	19899	64.238	26.372	341	15
1525598417	20110	64.238	26.348	341	1
1525598417	20153	64.238	26.372	341	1
1525598417	20064	64.238	26.31	341	3
1525598417	20201	64.238	26.297	341	5
1525598417	20243	64.239	26.348	341	3
1525598417	20289	64.239	26.348	341	1
1525598417	20336	64.239	26.335	341	1
1525598417	20425	64.239	26.31	341	1
1525598417	20483	64.239	26.348	341	10
1525598417	20578	64.239	26.548	341	12
1525598417	20380	64.239	26.348	341	3
1525598417	20531	64.239	26.45	341	3
1525598417	20681	64.336	26.64	341	5
1525598417	20633	64.342	26.626	341	1
1525598417	20735	64.342	26.589	341	9
1525598417	20785	64.342	26.589	341	5
1525598418	19908	64.563	25.877	341	1
1525598418	19989	64.564	25.877	341	1
1525598418	20072	64.564	25.928	341	8
1525598418	19949	64.563	25.877	341	4
1525598418	20165	64.564	25.928	341	4
1525598418	20119	64.564	25.915	341	5
1525598418	20028	64.564	25.928	341	12
1525598418	20251	64.564	25.802	341	1
1525598418	20299	64.564	25.89	341	7
1525598418	20210	64.564	25.877	341	7
1525598418	20388	64.564	25.852	341	3
1525598418	20436	64.564	25.877	341	7
1525598418	20344	64.564	25.915	341	1
1525598418	20493	64.564	25.928	341	4
1525598418	20540	64.662	25.852	341	1
1525598418	20590	64.672	25.965	341	5
1525598418	20640	64.672	25.928	341	3
1525598418	20692	64.672	25.941	341	1
1525598418	20744	64.672	25.979	341	1
1525598418	20795	64.779	26.029	341	7
1525598419	19996	64.252	26.116	341	1
1525598419	20037	64.252	26.116	341	1
1525598419	20080	64.252	26.041	341	1
1525598419	19916	64.252	26.166	341	1
1525598419	19956	64.252	26.166	341	5
1525598419	20125	64.252	26.129	341	1
1525598419	20174	64.254	26.078	341	8
1525598419	20260	64.254	26.027	341	1
1525598419	20217	64.254	26.027	341	1
1525598419	20310	64.254	26.065	341	10
1525598419	20351	64.254	26.102	341	1
1525598419	20397	64.254	26.102	341	3
1525598419	20446	64.254	26.065	341	3
1525598419	20502	64.254	26.052	341	6
1525598419	20553	64.352	26.065	341	5
1525598419	20603	64.358	26.116	341	8
1525598419	20701	64.361	26.054	341	3
1525598419	20648	64.361	26.067	341	1
1525598419	20802	64.361	26.003	341	1
1525598419	20754	64.361	26.003	341	11
1525598420	19964	64.53	25.684	341	3
1525598420	20090	64.53	25.633	341	14
1525598420	20135	64.53	25.633	341	8
1525598420	20045	64.53	25.609	341	7
1525598420	19924	64.53	25.697	341	10
1525598420	20182	64.53	25.722	341	1
1525598420	20227	64.53	25.722	341	9
1525598420	19884	64.53	25.684	341	1
1525598420	20005	64.53	25.709	341	1
1525598420	20272	64.53	25.785	341	11
1525598420	20358	64.53	25.823	341	1
1525598420	20319	64.53	25.823	341	4
1525598420	20404	64.53	25.86	341	1
1525598420	20511	64.53	25.836	341	1
1525598420	20453	64.53	25.847	341	9
1525598420	20560	64.53	25.847	341	1
1525598420	20613	64.632	25.834	341	1
1525598420	20659	64.632	25.797	341	1
1525598420	20709	64.632	25.885	341	8
1525598420	20764	64.632	25.784	341	5
1525598421	19892	64.213	26.993	341	3
1525598421	19972	64.213	26.929	341	8
1525598421	20013	64.213	26.906	341	1
1525598421	20098	64.213	26.929	341	1
1525598421	20193	64.213	26.979	341	10
1525598421	20056	64.213	26.892	341	5
1525598421	20142	64.213	26.979	341	1
1525598421	19932	64.213	26.929	341	3
1525598421	20236	64.213	27.03	341	1
1525598421	20279	64.213	27.117	341	1
1525598421	20330	64.213	27.08	341	6
1525598421	20465	64.213	27.067	341	6
1525598421	20366	64.309	27.03	341	1
1525598421	20416	64.309	27.03	341	1
1525598421	20520	64.213	27.053	341	10
1525598421	20570	64.32	27.03	341	6
1525598421	20625	64.32	27.053	341	1
1525598421	20673	64.32	27.053	341	11
1525598421	20719	64.32	27.03	341	1
1525598421	20773	64.425	27.03	341	7
1525598422	19938	64.542	26.771	341	1
1525598422	20064	64.542	26.707	341	3
1525598422	20020	64.542	26.758	341	1
1525598422	19981	64.542	26.734	341	1
1525598422	19899	64.542	26.734	341	15
1525598422	20153	64.542	26.707	341	1
1525598422	20110	64.542	26.633	341	1
1525598422	20201	64.542	26.795	341	5
1525598422	20289	64.542	26.781	341	1
1525598422	20243	64.542	26.781	341	3
1525598422	20336	64.542	26.744	341	1
1525598422	20483	64.542	26.795	341	10
1525598422	20425	64.542	26.744	341	1
1525598422	20380	64.616	26.694	341	3
1525598422	20578	64.65	26.545	341	12
1525598422	20531	64.65	26.657	341	3
1525598422	20681	64.65	26.505	341	5
1525598422	20633	64.65	26.468	341	3
1525598422	20735	64.65	26.505	341	9
1525598422	20785	64.755	26.542	341	5
1525598423	19949	64.231	26.778	341	4
1525598423	19989	64.231	26.802	341	1
1525598423	20028	64.231	26.839	341	12
1525598423	19908	64.231	26.816	341	1
1525598423	20119	64.231	26.741	341	5
1525598423	20072	64.231	26.765	341	8
1525598423	20165	64.231	26.816	341	4
1525598423	20251	64.231	26.917	341	1
1525598423	20299	64.231	26.853	341	7
1525598423	20210	64.231	26.853	341	7
1525598423	20436	64.231	26.816	341	7
1525598423	20344	64.231	26.802	341	1
1525598423	20388	64.231	26.839	341	3
1525598423	20493	64.232	26.765	341	4
1525598423	20540	64.331	26.839	341	1
1525598423	20590	64.34	26.714	341	5
1525598423	20640	64.34	26.802	341	3
1525598423	20692	64.34	26.802	341	1
1525598423	20744	64.34	26.701	341	1
1525598423	20795	64.34	26.636	341	7
1525598424	19916	64.559	26.575	341	1
1525598424	20080	64.559	26.663	341	1
1525598424	19996	64.559	26.626	341	1
1525598424	19956	64.559	26.575	341	5
1525598424	20037	64.559	26.663	341	1
1525598424	20125	64.559	26.663	341	1
1525598424	20174	64.559	26.663	341	8
1525598424	20260	64.559	26.626	341	1
1525598424	20217	64.559	26.626	341	1
1525598424	20310	64.559	26.626	341	10
1525598424	20351	64.559	26.551	341	1
1525598424	20397	64.559	26.575	341	3
1525598424	20446	64.559	26.575	341	3
1525598424	20502	64.559	26.589	341	6
1525598424	20553	64.667	26.663	341	5
1525598424	20603	64.667	26.626	341	8
1525598424	20648	64.667	26.548	341	1
1525598424	20701	64.667	26.548	341	3
1525598424	20754	64.667	26.612	341	11
1525598424	20802	64.67	26.599	341	1
1525598425	19884	64.252	27.199	341	1
1525598425	20005	64.252	27.176	341	1
1525598425	19924	64.252	27.199	341	10
1525598425	20090	64.252	27.287	341	14
1525598425	19964	64.252	27.213	341	3
1525598425	20045	64.252	27.236	341	7
1525598425	20135	64.252	27.213	341	8
1525598425	20182	64.252	27.199	341	1
1525598425	20227	64.252	27.125	341	9
1525598425	20272	64.252	27.111	341	11
1525598425	20319	64.252	27.199	341	4
1525598425	20358	64.252	27.185	341	12
1525598425	20511	64.252	27.199	341	1
1525598425	20404	64.252	27.111	341	5
1525598425	20453	64.355	27.226	341	9
1525598425	20560	64.357	27.213	341	1
1525598425	20613	64.352	27.176	341	1
1525598425	20659	64.352	27.176	341	1
1525598425	20709	64.352	27.176	341	8
1525598425	20764	64.459	27.203	341	5
1525598426	19892	64.573	26.656	341	3
1525598426	19932	64.573	26.721	341	3
1525598426	20098	64.573	26.67	341	5
1525598426	20056	64.573	26.758	341	5
1525598426	20142	64.573	26.707	341	1
1525598426	20013	64.573	26.745	341	1
1525598426	20193	64.573	26.721	341	10
1525598426	19972	64.573	26.721	341	8
1525598426	20236	64.573	26.721	341	7
1525598426	20279	64.573	26.684	341	1
1525598426	20330	64.573	26.684	341	6
1525598426	20465	64.573	26.684	341	6
1525598426	20520	64.573	26.684	341	10
1525598426	20416	64.67	26.684	341	1
1525598426	20366	64.67	26.721	341	3
1525598426	20570	64.679	26.721	341	6
1525598426	20625	64.679	26.697	341	1
1525598426	20673	64.679	26.721	341	11
1525598426	20719	64.679	26.721	341	1
1525598426	20773	64.786	26.735	341	7
1525598427	19899	64.262	26.86	341	15
1525598427	19938	64.262	26.898	341	1
1525598427	19981	64.262	26.898	341	1
1525598427	20020	64.264	26.874	341	1
1525598427	20064	64.264	26.86	341	3
1525598427	20110	64.264	26.86	341	1
1525598427	20153	64.264	26.748	341	1
1525598427	20201	64.264	26.66	341	5
1525598427	20289	64.264	26.697	341	1
1525598427	20243	64.264	26.684	341	3
1525598427	20336	64.264	26.697	341	1
1525598427	20483	64.365	26.772	341	10
1525598427	20425	64.37	26.809	341	1
1525598427	20380	64.37	26.823	341	3
1525598427	20578	64.37	26.772	341	12
1525598427	20531	64.37	26.758	341	3
1525598427	20633	64.37	26.796	341	4
1525598427	20681	64.37	26.721	341	5
1525598427	20735	64.37	26.986	341	9
1525598427	20785	64.474	26.962	341	5
1525598428	19908	64.541	27.36	341	1
1525598428	19989	64.541	27.411	341	1
1525598428	19949	64.541	27.411	341	4
1525598428	20072	64.541	27.411	341	8
1525598428	20119	64.541	27.434	341	5
1525598428	20165	64.541	27.36	341	4
1525598428	20028	64.541	27.374	341	12
1525598428	20251	64.541	27.324	341	1
1525598428	20299	64.541	27.36	341	7
1525598428	20388	64.541	27.462	341	3
1525598428	20210	64.541	27.448	341	7
1525598428	20436	64.541	27.485	341	7
1525598428	20344	64.541	27.425	341	1
1525598428	20493	64.542	27.462	341	4
1525598428	20540	64.642	27.513	341	1
1525598428	20590	64.648	27.513	341	5
1525598428	20640	64.648	27.513	341	3
1525598428	20692	64.648	27.513	341	1
1525598428	20744	64.652	27.49	341	1
1525598428	20795	64.756	27.555	341	7
1525598429	19996	64.17	28.252	341	1
1525598429	19956	64.17	28.288	341	5
1525598429	20037	64.171	28.325	341	1
1525598429	20080	64.171	28.252	341	1
1525598429	20125	64.171	28.216	341	1
1525598429	19916	64.17	28.238	341	1
1525598429	20260	64.171	28.325	341	1
1525598429	20174	64.171	28.288	341	8
1525598429	20217	64.171	28.325	341	1
1525598429	20310	64.171	28.288	341	10
1525598429	20351	64.171	28.325	341	1
1525598429	20397	64.171	28.303	341	3
1525598429	20502	64.171	28.288	341	6
1525598429	20446	64.171	28.303	341	3
1525598429	20553	64.268	28.216	341	5
1525598429	20603	64.275	28.288	341	8
1525598429	20701	64.277	28.376	341	3
1525598429	20648	64.277	28.412	341	1
1525598429	20802	64.297	28.376	341	1
1525598429	20754	64.277	28.303	341	11
1525598430	19924	64.499	27.555	341	10
1525598430	20090	64.499	27.541	341	14
1525598430	20135	64.499	27.541	341	8
1525598430	20227	64.499	27.591	341	9
1525598430	20182	64.499	27.518	341	1
1525598430	19964	64.499	27.591	341	3
1525598430	19884	64.499	27.555	341	1
1525598430	20045	64.499	27.591	341	7
1525598430	20005	64.499	27.614	341	1
1525598430	20272	64.499	27.642	341	11
1525598430	20319	64.499	27.67	341	4
1525598430	20358	64.499	27.67	341	12
1525598430	20404	64.499	27.634	341	5
1525598430	20511	64.499	27.605	341	1
1525598430	20560	64.499	27.518	341	1
1525598430	20453	64.499	27.504	341	9
1525598430	20659	64.606	27.591	341	1
1525598430	20613	64.606	27.569	341	1
1525598430	20709	64.606	27.591	341	8
1525598430	20764	64.606	27.541	341	5
1525598431	19972	64.194	27.933	341	8
1525598431	20013	64.194	27.896	341	1
1525598431	19892	64.194	27.911	341	3
1525598431	19932	64.194	27.933	341	3
1525598431	20098	64.195	27.947	341	5
1525598431	20142	64.195	27.947	341	1
1525598431	20236	64.195	27.947	341	7
1525598431	20193	64.195	28.02	341	10
1525598431	20279	64.195	27.984	341	1
1525598431	20056	64.195	27.896	341	5
1525598431	20330	64.195	28.071	341	6
1525598431	20465	64.195	28.071	341	6
1525598431	20520	64.195	28.085	341	10
1525598431	20366	64.195	27.998	341	3
1525598431	20416	64.195	28.035	341	1
1525598431	20570	64.195	27.998	341	6
1525598431	20625	64.195	27.933	341	1
1525598431	20673	64.195	27.896	341	11
1525598431	20719	64.195	27.882	341	1
1525598431	20773	64.297	27.846	341	7
1525598432	19899	64.414	27.324	341	15
1525598432	19938	64.414	27.324	341	1
1525598432	19981	64.414	27.324	341	1
1525598432	20110	64.414	27.273	341	1
1525598432	20020	64.414	27.31	341	1
1525598432	20064	64.414	27.287	341	3
1525598432	20153	64.414	27.36	341	1
1525598432	20201	64.415	27.374	341	5
1525598432	20243	64.415	27.388	341	3
1525598432	20289	64.415	27.374	341	1
1525598432	20336	64.415	27.388	341	1
1525598432	20483	64.415	27.3	341	10
1525598432	20425	64.475	27.351	341	1
1525598432	20380	64.516	27.351	341	3
1525598432	20578	64.519	27.402	341	12
1525598432	20531	64.519	27.402	341	3
1525598432	20681	64.519	27.504	341	5
1525598432	20633	64.519	27.518	341	4
1525598432	20735	64.519	27.393	341	9
1525598432	20785	64.627	27.328	341	5
1525598433	19949	64.259	28.963	341	4
1525598433	19908	64.259	28.963	341	1
1525598433	19989	64.259	28.963	341	1
1525598433	20028	64.259	28.927	341	12
1525598433	20072	64.259	28.963	341	8
1525598433	20119	64.259	28.891	341	5
1525598433	20165	64.259	28.999	341	4
1525598433	20251	64.259	28.949	341	1
1525598433	20299	64.259	28.963	341	7
1525598433	20210	64.259	28.906	341	7
1525598433	20388	64.259	28.999	341	3
1525598433	20493	64.259	28.978	341	4
1525598433	20344	64.259	28.978	341	1
1525598433	20436	64.259	28.978	341	7
1525598433	20540	64.362	29.014	341	1
1525598433	20590	64.363	29.044	341	5
1525598433	20640	64.363	29.044	341	3
1525598433	20692	64.363	29.029	341	1
1525598433	20744	64.363	29.217	341	3
1525598433	20795	64.363	29.232	341	7
1525598434	19956	64.588	31.148	341	5
1525598434	19996	64.588	31.113	341	1
1525598434	19916	64.588	31.199	341	1
1525598434	20080	64.588	31.183	341	1
1525598434	20037	64.588	31.113	341	1
1525598434	20174	64.589	31.098	341	8
1525598434	20125	64.589	31.168	341	1
1525598434	20217	64.589	31.098	341	1
1525598434	20260	64.589	31.098	341	1
1525598434	20310	64.589	31.133	341	10
1525598434	20397	64.589	31.183	341	3
1525598434	20351	64.589	31.183	341	1
1525598434	20502	64.612	31.285	341	6
1525598434	20446	64.612	31.269	341	3
1525598434	20553	64.697	31.32	341	5
1525598434	20603	64.697	31.285	341	8
1525598434	20648	64.697	31.282	341	1
1525598434	20701	64.697	31.352	341	3
1525598434	20802	64.803	31.523	341	1
1525598434	20754	64.803	31.592	341	11
1525598435	19884	64.229	32.504	341	1
1525598435	19964	64.229	32.538	341	3
1525598435	20045	64.229	32.486	341	7
1525598435	20005	64.229	32.486	341	1
1525598435	19924	64.229	32.504	341	10
1525598435	20182	64.23	32.522	341	1
1525598435	20135	64.229	32.555	341	8
1525598435	20227	64.23	32.522	341	9
1525598435	20090	64.229	32.486	341	14
1525598435	20272	64.23	32.437	341	11
1525598435	20358	64.23	32.42	341	12
1525598435	20404	64.23	32.404	341	5
1525598435	20319	64.23	32.386	341	4
1525598435	20511	64.23	32.437	341	1
1525598435	20560	64.333	32.572	341	1
1525598435	20453	64.333	32.538	341	9
1525598435	20613	64.333	32.47	341	1
1525598435	20659	64.333	32.47	341	1
1525598435	20709	64.333	32.453	341	8
1525598435	20764	64.439	32.623	341	5
1525598436	19972	64.553	32.305	341	8
1525598436	19892	64.553	32.374	341	3
1525598436	19932	64.553	32.305	341	3
1525598436	20056	64.555	32.374	341	5
1525598436	20013	64.555	32.39	341	1
1525598436	20098	64.555	32.392	341	5
1525598436	20142	64.555	32.323	341	3
1525598436	20193	64.555	32.255	341	10
1525598436	20236	64.555	32.307	341	7
1525598436	20279	64.555	32.17	341	1
1525598436	20330	64.555	32.154	341	6
1525598436	20465	64.555	32.154	341	6
1525598436	20520	64.555	32.154	341	10
1525598436	20416	64.661	32.204	341	1
1525598436	20366	64.661	32.204	341	3
1525598436	20570	64.661	32.239	341	6
1525598436	20625	64.663	32.341	341	1
1525598436	20673	64.663	32.357	341	11
1525598436	20719	64.662	32.392	341	1
1525598436	20773	64.663	32.442	341	7
1525598437	19899	64.239	33.333	341	15
1525598437	19938	64.239	33.3	341	1
1525598437	20020	64.242	33.3	341	1
1525598437	20110	64.242	33.4	341	1
1525598437	19981	64.241	33.266	341	1
1525598437	20064	64.242	33.384	341	3
1525598437	20153	64.242	33.4	341	1
1525598437	20201	64.242	33.434	341	5
1525598437	20289	64.242	33.384	341	1
1525598437	20243	64.242	33.384	341	3
1525598437	20336	64.242	33.384	341	1
1525598437	20425	64.242	33.3	341	1
1525598437	20483	64.242	33.367	341	10
1525598437	20380	64.242	33.333	341	3
1525598437	20531	64.348	33.367	341	3
1525598437	20578	64.348	33.384	341	12
1525598437	20681	64.348	33.317	341	5
1525598437	20633	64.35	33.216	341	4
1525598437	20735	64.35	33.116	341	9
1525598437	20785	64.35	33.233	341	5
1525598438	19989	64.571	31.823	341	1
1525598438	20119	64.571	31.857	341	5
1525598438	20028	64.571	31.841	341	12
1525598438	19949	64.571	31.857	341	3
1525598438	20165	64.573	31.823	341	4
1525598438	20072	64.571	31.841	341	8
1525598438	20251	64.573	31.891	341	1
1525598438	19908	64.571	31.891	341	1
1525598438	20299	64.573	31.857	341	7
1525598438	20210	64.573	31.841	341	7
1525598438	20388	64.573	31.754	341	3
1525598438	20344	64.573	31.788	341	1
1525598438	20436	64.573	31.807	341	7
1525598438	20493	64.573	31.825	341	4
1525598438	20590	64.676	31.69	341	5
1525598438	20540	64.573	31.637	341	1
1525598438	20640	64.676	31.64	341	3
1525598438	20692	64.676	31.69	341	1
1525598438	20744	64.676	31.47	341	3
1525598438	20795	64.778	31.42	341	1
1525598439	19916	64.258	29.723	341	1
1525598439	20037	64.258	29.688	341	1
1525598439	19956	64.258	29.687	341	5
1525598439	19996	64.258	29.723	341	1
1525598439	20125	64.259	29.702	341	1
1525598439	20080	64.259	29.758	341	1
1525598439	20174	64.259	29.824	341	8
1525598439	20260	64.259	29.788	341	1
1525598439	20217	64.259	29.788	341	1
1525598439	20310	64.259	29.788	341	10
1525598439	20351	64.259	29.738	341	1
1525598439	20397	64.259	29.723	341	3
1525598439	20446	64.259	29.758	341	3
1525598439	20502	64.259	29.758	341	1
1525598439	20553	64.259	29.723	341	1
1525598439	20603	64.358	29.743	341	8
1525598439	20701	64.363	29.673	341	3
1525598439	20648	64.363	29.708	341	1
1525598439	20754	64.464	29.521	341	11
1525598439	20802	64.464	29.536	341	4
1525598440	19924	64.588	28.983	341	10
1525598440	19964	64.588	28.897	341	3
1525598440	20045	64.588	28.933	341	7
1525598440	19884	64.588	28.998	341	3
1525598440	20090	64.588	29.019	341	14
1525598440	20182	64.588	29.049	341	4
1525598440	20135	64.588	28.983	341	1
1525598440	20005	64.588	29.019	341	7
1525598440	20227	64.588	28.977	341	9
1525598440	20272	64.588	29.099	341	1
1525598440	20319	64.588	29.049	341	4
1525598440	20358	64.588	29.027	341	12
1525598440	20404	64.588	29.114	341	5
1525598440	20511	64.588	29.027	341	10
1525598440	20560	64.694	28.998	341	1
1525598440	20453	64.691	29.013	341	9
1525598440	20659	64.694	29.049	341	5
1525598440	20613	64.694	29.013	341	12
1525598440	20709	64.694	29.114	341	8
1525598440	20764	64.794	28.941	341	1
1525598441	19972	64.279	28.999	341	8
1525598441	19892	64.279	28.913	341	3
1525598441	20013	64.279	28.913	341	5
1525598441	20056	64.279	28.963	341	5
1525598441	19932	64.279	28.999	341	3
1525598441	20098	64.279	28.978	341	5
1525598441	20142	64.279	29.014	341	3
1525598441	20236	64.28	29.029	341	7
1525598441	20193	64.279	29.014	341	10
1525598441	20279	64.28	29.086	341	10
1525598441	20330	64.28	29.065	341	6
1525598441	20465	64.28	29.086	341	6
1525598441	20520	64.28	29.05	341	10
1525598441	20366	64.38	29.086	341	3
1525598441	20416	64.38	29.086	341	7
1525598441	20570	64.38	29.05	341	6
1525598441	20625	64.38	29.044	341	1
1525598441	20673	64.38	29.029	341	11
1525598441	20719	64.38	29.08	341	1
1525598441	20773	64.486	28.993	341	7
1525598442	19981	64.556	28.463	341	1
1525598442	20020	64.556	28.477	341	7
1525598442	20110	64.556	28.441	341	1
1525598442	19899	64.556	28.441	341	15
1525598442	20153	64.557	28.477	341	1
1525598442	20064	64.556	28.441	341	3
1525598442	20243	64.57	28.564	341	3
1525598442	19938	64.556	28.441	341	9
1525598442	20201	64.557	28.513	341	5
1525598442	20336	64.57	28.593	341	5
1525598442	20289	64.57	28.579	341	10
1525598442	20483	64.57	28.629	341	10
1525598442	20425	64.57	28.629	341	13
1525598442	20380	64.57	28.579	341	3
1525598442	20578	64.57	28.506	341	1
1525598442	20531	64.57	28.542	341	3
1525598442	20633	64.675	28.629	341	4
1525598442	20681	64.675	28.579	341	5
1525598442	20735	64.674	28.753	341	9
1525598442	20785	64.678	28.564	341	5
1525598443	19949	64.254	28.737	341	1
1525598443	19908	64.254	28.701	341	4
1525598443	20028	64.255	28.788	341	12
1525598443	20119	64.255	28.752	341	5
1525598443	20072	64.255	28.716	341	8
1525598443	20165	64.255	28.716	341	4
1525598443	19989	64.254	28.737	341	1
1525598443	20251	64.255	28.752	341	9
1525598443	20299	64.255	28.737	341	7
1525598443	20388	64.255	28.759	341	3
1525598443	20210	64.255	28.773	341	7
1525598443	20344	64.255	28.759	341	13
1525598443	20436	64.255	28.701	341	7
1525598443	20493	64.255	28.752	341	4
1525598443	20540	64.257	28.824	341	11
1525598443	20590	64.359	28.788	341	5
1525598443	20640	64.365	28.838	341	3
1525598443	20692	64.365	28.788	341	11
1525598443	20744	64.365	28.889	341	3
1525598443	20795	64.372	28.874	341	1
1525598444	19916	64.586	28.059	341	8
1525598444	20174	64.586	28.059	341	8
1525598444	20080	64.586	28.022	341	6
1525598444	20125	64.586	28.131	341	10
1525598444	20260	64.586	28.146	341	9
1525598444	19996	64.586	28.081	341	9
1525598444	20037	64.586	28.131	341	11
1525598444	20310	64.586	28.196	341	10
1525598444	19956	64.586	28.095	341	5
1525598444	20351	64.586	28.261	341	1
1525598444	20217	64.586	28.146	341	7
1525598444	20446	64.586	28.275	341	3
1525598444	20397	64.586	28.348	341	3
1525598444	20502	64.586	28.275	341	1
1525598444	20553	64.586	28.275	341	1
1525598444	20603	64.586	28.253	341	8
1525598444	20648	64.692	28.398	341	5
1525598444	20701	64.683	28.362	341	3
1525598444	20754	64.695	28.441	342	11
1525598444	20802	64.695	28.441	342	12
1525598445	20045	64.281	30.781	342	7
1525598445	19924	64.281	30.73	342	10
1525598445	19884	64.281	30.715	342	3
1525598445	20227	64.281	30.68	342	9
1525598445	20135	64.281	30.696	342	1
1525598445	20005	64.281	30.746	342	7
1525598445	19964	64.281	30.781	342	3
1525598445	20182	64.281	30.68	342	4
1525598445	20090	64.281	30.711	342	14
1525598445	20272	64.282	30.68	342	1
1525598445	20319	64.282	30.715	342	4
1525598445	20358	64.282	30.75	342	12
1525598445	20404	64.282	30.715	342	5
1525598445	20511	64.282	30.75	342	10
1525598445	20560	64.282	30.696	342	1
1525598445	20453	64.282	30.715	342	9
1525598445	20613	64.39	30.835	342	12
1525598445	20659	64.39	30.785	342	5
1525598445	20709	64.39	30.7	342	8
1525598445	20764	64.491	30.82	342	1
1525598446	19932	64.618	31.036	342	3
1525598446	19892	64.618	31.052	342	3
1525598446	19972	64.618	31.036	342	8
1525598446	20056	64.618	31.052	342	5
1525598446	20013	64.618	31.052	342	5
1525598446	20142	64.618	31.052	342	3
1525598446	20098	64.618	31.017	342	5
1525598446	20193	64.618	31.106	342	10
1525598446	20236	64.618	31.002	342	7
1525598446	20279	64.617	31.002	342	10
1525598446	20330	64.617	30.986	342	6
1525598446	20465	64.617	30.967	342	6
1525598446	20366	64.723	30.951	342	3
1525598446	20416	64.723	30.951	342	7
1525598446	20570	64.724	30.901	342	6
1525598446	20520	64.724	31.059	342	10
1525598446	20625	64.724	30.97	342	1
1525598446	20673	64.724	30.951	342	11
1525598446	20719	64.724	31.002	342	1
1525598446	20773	64.831	31.052	342	7
1525598447	19899	64.306	31.342	342	15
1525598447	19938	64.306	31.342	342	9
1525598447	19981	64.306	31.358	342	1
1525598447	20020	64.306	31.307	342	7
1525598447	20064	64.306	31.326	342	3
1525598447	20110	64.306	31.326	342	1
1525598447	20153	64.306	31.206	342	1
1525598447	20201	64.306	31.085	342	5
1525598447	20289	64.306	31.089	342	10
1525598447	20243	64.306	31.104	342	3
1525598447	20336	64.306	31.038	342	5
1525598447	20425	64.405	31.019	342	13
1525598447	20380	64.412	31.034	342	3
1525598447	20483	64.352	31.019	342	10
1525598447	20531	64.412	31.139	342	3
1525598447	20578	64.412	31.034	342	1
1525598447	20681	64.412	31.054	342	5
1525598447	20633	64.412	31.054	342	4
1525598447	20735	64.496	30.984	342	9
1525598447	20785	64.516	31.139	342	5
1525598448	19908	64.635	30.32	342	4
1525598448	20072	64.635	30.269	342	8
1525598448	20028	64.635	30.183	342	12
1525598448	20165	64.635	30.254	342	4
1525598448	19949	64.635	30.32	342	1
1525598448	19989	64.635	30.285	342	1
1525598448	20119	64.635	30.289	342	5
1525598448	20251	64.636	30.218	342	9
1525598448	20299	64.636	30.234	342	7
1525598448	20210	64.636	30.249	342	7
1525598448	20493	64.636	30.249	342	4
1525598448	20344	64.636	30.371	342	13
1525598448	20388	64.636	30.335	342	3
1525598448	20436	64.636	30.32	342	7
1525598448	20540	64.742	30.285	342	11
1525598448	20590	64.742	30.32	342	5
1525598448	20692	64.742	30.285	342	11
1525598448	20640	64.742	30.285	342	3
1525598448	20744	64.742	30.254	342	3
1525598448	20795	64.843	30.305	342	1
1525598449	19956	64.272	31.082	342	5
1525598449	20037	64.272	31.063	342	11
1525598449	20080	64.272	31.098	342	6
1525598449	20125	64.272	31.063	342	10
1525598449	19996	64.272	31.098	342	9
1525598449	20174	64.273	31.152	342	8
1525598449	20260	64.273	31.082	342	9
1525598449	19916	64.272	31.082	342	8
1525598449	20217	64.273	31.082	342	7
1525598449	20310	64.274	31.031	342	10
1525598449	20351	64.274	30.964	342	1
1525598449	20502	64.274	30.879	342	1
1525598449	20397	64.274	30.894	342	3
1525598449	20446	64.274	30.879	342	3
1525598449	20553	64.274	30.898	342	1
1525598449	20603	64.274	30.898	342	8
1525598449	20701	64.382	30.847	342	3
1525598449	20648	64.382	30.812	342	5
1525598449	20802	64.382	30.644	342	12
1525598449	20754	64.382	30.66	342	11
1525598450	19924	64.49	29.656	342	10
1525598450	19884	64.49	29.656	342	3
1525598450	20135	64.49	29.656	342	1
1525598450	20045	64.49	29.641	342	7
1525598450	20272	64.49	29.706	342	1
1525598450	20090	64.49	29.641	342	14
1525598450	20511	64.49	29.909	342	10
1525598450	20227	64.49	29.778	342	9
1525598450	19964	64.49	29.605	342	3
1525598450	20453	64.49	30.046	342	9
1525598450	20560	64.49	30.046	342	1
1525598450	20005	64.49	29.641	342	7
1525598450	20182	64.49	29.706	342	4
1525598450	20404	64.49	29.929	342	5
1525598450	20358	64.49	29.772	342	12
1525598450	20613	64.49	30.061	342	12
1525598450	20319	64.49	29.808	342	4
1525598450	20659	64.49	30.091	342	5
1525598450	20709	64.596	30.142	342	8
1525598450	20764	64.596	30.091	342	1
1525598451	20013	64.71	30.025	342	5
1525598451	19892	64.71	30.025	342	3
1525598451	20056	64.71	29.975	342	5
1525598451	19972	64.71	29.99	342	8
1525598451	19932	64.71	29.99	342	3
1525598451	20098	64.71	29.975	342	5
1525598451	20142	64.71	29.975	342	3
1525598451	20236	64.712	29.99	342	7
1525598451	20193	64.71	29.954	342	10
1525598451	20279	64.712	30.091	342	10
1525598451	20330	64.712	30.056	342	6
1525598451	20465	64.712	30.091	342	6
1525598451	20416	64.712	30.056	342	7
1525598451	20366	64.712	30.041	342	3
1525598451	20520	64.712	30.03	342	10
1525598451	20570	64.712	30.106	342	6
1525598451	20625	64.815	30.056	342	1
1525598451	20673	64.815	30.091	342	11
1525598451	20719	64.815	30.005	342	1
1525598451	20773	64.817	30.111	342	7
1525598452	19899	64.303	30.963	342	15
1525598452	19938	64.303	30.963	342	9
1525598452	19981	64.303	30.998	342	1
1525598452	20020	64.303	30.963	342	7
1525598452	20064	64.303	30.979	342	2
1525598452	20110	64.303	30.979	342	1
1525598452	20153	64.303	31.033	342	1
1525598452	20201	64.305	31.102	342	5
1525598452	20289	64.305	31.048	342	10
1525598452	20243	64.305	31.048	342	3
1525598452	20336	64.305	31.083	342	5
1525598452	20483	64.311	31.048	342	10
1525598452	20380	64.405	31.067	342	3
1525598452	20425	64.405	31.067	342	13
1525598452	20578	64.411	30.998	342	1
1525598452	20531	64.411	30.913	342	1
1525598452	20681	64.411	31.033	342	5
1525598452	20633	64.411	30.998	342	4
1525598452	20735	64.445	31.033	342	9
1525598452	20785	64.517	30.963	342	5
1525598453	20119	64.634	31.837	342	5
1525598453	19908	64.634	31.786	342	4
1525598453	20028	64.634	31.94	342	12
1525598453	19949	64.634	31.786	342	1
1525598453	19989	64.634	31.855	342	1
1525598453	20165	64.634	31.974	342	4
1525598453	20072	64.634	31.855	342	8
1525598453	20251	64.634	31.921	342	9
1525598453	20299	64.634	31.956	342	7
1525598453	20210	64.634	31.956	342	7
1525598453	20388	64.634	31.887	342	3
1525598453	20436	64.634	31.921	342	7
1525598453	20493	64.634	31.921	342	4
1525598453	20344	64.634	31.837	342	13
1525598453	20540	64.634	31.82	342	11
1525598453	20640	64.741	31.839	342	3
1525598453	20692	64.741	31.855	342	11
1525598453	20590	64.74	31.82	342	5
1525598453	20744	64.741	31.889	342	3
1525598453	20795	64.743	31.804	342	1
1525598454	19956	63.724	33.015	340	5
1525598454	20080	63.724	33.015	340	6
1525598454	19916	63.724	33.015	340	8
1525598454	19996	63.724	33.015	340	9
1525598454	20125	63.724	32.965	340	10
1525598454	20037	63.724	33.015	340	11
1525598454	20174	63.724	32.864	340	8
1525598454	20260	63.724	32.881	340	9
1525598454	20217	63.724	32.881	340	7
1525598454	20310	63.724	32.813	340	10
1525598454	20397	63.724	32.797	340	3
1525598454	20351	63.724	32.813	340	1
1525598454	20446	63.724	32.797	340	3
1525598454	20502	63.724	32.797	340	1
1525598454	20603	63.827	32.763	340	8
1525598454	20553	63.826	32.813	340	1
1525598454	20701	63.827	32.645	340	3
1525598454	20648	63.827	32.679	340	5
1525598454	20754	63.933	32.695	340	11
1525598454	20802	63.933	32.712	340	12
1525598455	19884	64.049	31.139	340	3
1525598455	19924	64.048	31.193	340	10
1525598455	19964	64.048	31.174	340	3
1525598455	20005	64.047	31.123	340	7
1525598455	20045	64.048	31.139	340	7
1525598455	20090	64.047	31.123	340	14
1525598455	20135	64.047	31.089	340	1
1525598455	20227	64.047	31.038	340	9
1525598455	20272	64.047	30.987	340	1
1525598455	20182	64.047	31.073	340	4
1525598455	20358	64.047	30.87	340	12
1525598455	20319	64.047	30.886	340	4
1525598455	20404	64.053	30.75	340	5
1525598455	20511	64.152	30.785	340	10
1525598455	20453	64.155	30.648	340	9
1525598455	20560	64.155	30.684	340	1
1525598455	20613	64.155	30.532	340	12
1525598455	20659	64.155	30.567	340	5
1525598455	20709	64.155	30.532	340	8
1525598455	20764	64.262	30.532	340	1
1525598456	19892	63.684	30.01	340	3
1525598456	19932	63.684	29.975	340	3
1525598456	19972	63.685	29.975	340	8
1525598456	20056	63.687	29.99	340	5
1525598456	20013	63.685	29.939	340	5
1525598456	20142	63.687	29.939	340	3
1525598456	20098	63.687	29.975	340	5
1525598456	20193	63.687	29.888	340	10
1525598456	20236	63.687	29.908	340	7
1525598456	20279	63.687	29.771	340	10
1525598456	20330	63.687	29.858	340	6
1525598456	20465	63.687	29.858	340	6
1525598456	20520	63.72	29.858	340	10
1525598456	20416	63.792	29.959	340	7
1525598456	20570	63.794	29.944	340	6
1525598456	20625	63.794	30.01	340	1
1525598456	20366	63.792	30.01	340	3
1525598456	20673	63.794	29.959	340	11
1525598456	20719	63.794	30.01	340	1
1525598456	20773	63.895	29.873	340	7
1525598457	19981	64.031	28.579	340	1
1525598457	20020	64.031	28.63	340	7
1525598457	20110	64.031	28.615	340	1
1525598457	20064	64.031	28.615	340	1
1525598457	19899	64.031	28.615	340	15
1525598457	20153	64.031	28.644	340	1
1525598457	19938	64.031	28.615	340	9
1525598457	20201	64.031	28.732	340	5
1525598457	20289	64.031	28.782	340	10
1525598457	20243	64.031	28.782	340	3
1525598457	20336	64.031	28.782	340	5
1525598457	20483	64.031	28.797	340	10
1525598457	20380	64.031	28.797	340	3
1525598457	20425	64.031	28.833	340	13
1525598457	20578	64.04	28.855	340	1
1525598457	20531	64.134	28.833	340	1
1525598457	20681	64.137	28.761	340	5
1525598457	20633	64.137	28.848	340	4
1525598457	20735	64.137	28.812	340	9
1525598457	20785	64.137	28.746	340	5
1525598458	19949	63.721	30.382	340	1
1525598458	20072	63.721	30.433	340	8
1525598458	19989	63.721	30.346	340	1
1525598458	20119	63.721	30.397	340	5
1525598458	20165	63.721	30.326	340	4
1525598458	19908	63.721	30.397	340	4
1525598458	20251	63.721	30.331	340	9
1525598458	20028	63.721	30.362	340	12
1525598458	20299	63.721	30.346	340	7
1525598458	20210	63.721	30.28	340	7
1525598458	20388	63.719	30.351	340	3
1525598458	20344	63.719	30.366	340	13
1525598458	20493	63.719	30.386	340	4
1525598458	20436	63.719	30.366	340	7
1525598458	20540	63.814	30.468	340	11
1525598458	20590	63.827	30.397	340	5
1525598458	20692	63.828	30.397	340	11
1525598458	20640	63.828	30.397	340	3
1525598458	20744	63.827	30.413	340	3
1525598458	20795	63.933	30.483	340	1
1525598459	20037	64.048	29.995	340	11
1525598459	19916	64.048	30.046	340	8
1525598459	19956	64.048	30.01	340	5
1525598459	20080	64.048	29.995	340	6
1525598459	19996	64.048	30.01	340	9
1525598459	20125	64.048	30.046	340	10
1525598459	20174	64.048	30.097	340	8
1525598459	20260	64.048	30.046	340	9
1525598459	20217	64.048	30.046	340	7
1525598459	20310	64.048	30.097	340	10
1525598459	20351	64.048	30.061	340	1
1525598459	20397	64.048	30.112	340	3
1525598459	20446	64.048	30.147	340	3
1525598459	20502	64.048	30.132	340	1
1525598459	20553	64.048	30.061	340	1
1525598459	20603	64.048	30.112	340	8
1525598459	20701	64.157	30.163	340	3
1525598459	20648	64.157	30.127	340	5
1525598459	20754	64.264	30.218	340	11
1525598459	20802	64.264	30.203	340	12
1525598460	19884	63.745	30.355	340	3
1525598460	19924	63.745	30.32	340	10
1525598460	19964	63.744	30.411	340	3
1525598460	20045	63.744	30.375	340	7
1525598460	20090	63.744	30.391	340	14
1525598460	20005	63.744	30.32	340	7
1525598460	20135	63.746	30.36	340	1
1525598460	20182	63.746	30.238	340	4
1525598460	20227	63.746	30.274	340	9
1525598460	20272	63.746	30.274	340	1
1525598460	20358	63.877	30.254	341	12
1525598460	20319	63.877	30.238	341	4
1525598460	20404	63.748	30.254	340	5
1525598460	20511	63.748	30.254	340	10
1525598460	20453	63.854	30.325	340	9
1525598460	20560	63.854	30.325	340	1
1525598460	20659	63.854	30.254	340	5
1525598460	20613	63.854	30.289	340	12
1525598460	20709	63.854	30.238	340	8
1525598460	20764	63.96	30.325	340	1
1525598461	19892	64.075	31.486	340	3
1525598461	20013	64.075	31.505	340	5
1525598461	19972	64.075	31.47	340	8
1525598461	20193	64.075	31.571	340	10
1525598461	20142	64.075	31.555	340	3
1525598461	20236	64.075	31.605	340	7
1525598461	19932	64.075	31.486	340	3
1525598461	20098	64.075	31.521	340	5
1525598461	20056	64.075	31.47	340	5
1525598461	20279	64.075	31.69	340	10
1525598461	20330	64.075	31.656	340	6
1525598461	20465	64.075	31.656	340	6
1525598461	20520	64.075	31.621	340	10
1525598461	20416	64.175	31.621	340	7
1525598461	20366	64.182	31.587	340	3
1525598461	20570	64.182	31.637	340	6
1525598461	20625	64.184	31.537	340	1
1525598461	20673	64.184	31.605	340	11
1525598461	20719	64.184	31.555	340	1
1525598461	20773	64.287	31.537	340	7
1525598462	19981	63.722	32.06	340	1
1525598462	20020	63.722	32.06	340	7
1525598462	19938	63.722	32.026	340	9
1525598462	20064	63.722	32.026	340	1
1525598462	19899	63.722	32.026	340	15
1525598462	20201	63.722	31.958	340	5
1525598462	20153	63.722	32.094	340	1
1525598462	20110	63.722	32.06	340	1
1525598462	20289	63.722	31.976	340	10
1525598462	20243	63.722	31.976	340	3
1525598462	20336	63.722	32.026	340	5
1525598462	20483	63.722	32.044	340	10
1525598462	20425	63.722	31.976	340	13
1525598462	20380	63.722	31.994	340	3
1525598462	20531	63.757	32.01	340	1
1525598462	20578	63.722	31.976	340	1
1525598462	20681	63.829	32.06	340	5
1525598462	20633	63.829	32.01	340	4
1525598462	20735	63.829	31.994	340	9
1525598462	20785	63.935	32.044	340	5
1525598463	19908	64.051	28.837	340	4
1525598463	19949	64.051	28.802	340	1
1525598463	20028	64.051	28.766	340	12
1525598463	19989	64.051	28.802	340	1
1525598463	20119	64.051	28.766	340	5
1525598463	20072	64.051	28.766	340	8
1525598463	20165	64.051	28.766	340	4
1525598463	20251	64.051	28.73	340	9
1525598463	20299	64.052	28.629	340	7
1525598463	20210	64.052	28.665	340	7
1525598463	20388	64.052	28.629	340	3
1525598463	20493	64.052	28.593	340	4
1525598463	20436	64.052	28.579	340	7
1525598463	20344	64.052	28.651	340	13
1525598463	20540	64.157	28.615	340	11
1525598463	20590	64.157	28.579	340	5
1525598463	20640	64.157	28.593	340	3
1525598463	20692	64.157	28.579	340	11
1525598463	20744	64.157	28.564	340	3
1525598463	20795	64.263	28.528	340	1
1525598464	19916	63.733	27.113	340	8
1525598464	19956	63.733	27.149	340	5
1525598464	19996	63.733	27.149	340	9
1525598464	20080	63.733	27.163	340	6
1525598464	20125	63.733	27.163	340	10
1525598464	20174	63.733	27.163	340	8
1525598464	20260	63.733	27.25	340	9
1525598464	20037	63.733	27.163	340	11
1525598464	20217	63.733	27.236	340	7
1525598464	20310	63.733	27.236	340	10
1525598464	20351	63.733	27.273	340	1
1525598464	20397	63.733	27.223	340	3
1525598464	20446	63.733	27.2	340	3
1525598464	20502	63.733	27.213	340	1
1525598464	20553	63.733	27.186	340	1
1525598464	20603	63.733	27.223	340	8
1525598464	20701	63.838	27.273	340	3
1525598464	20648	63.838	27.296	340	5
1525598464	20754	63.838	27.149	340	11
1525598464	20802	63.838	27.163	340	12
1525598465	19884	63.955	27.652	340	3
1525598465	20005	63.955	27.63	340	7
1525598465	19964	63.955	27.593	340	3
1525598465	20090	63.955	27.593	340	14
1525598465	20045	63.955	27.593	340	7
1525598465	20135	63.955	27.694	340	1
1525598465	20227	63.955	27.795	340	9
1525598465	19924	63.955	27.63	340	10
1525598465	20182	63.955	27.795	340	4
1525598465	20272	63.955	27.795	340	1
1525598465	20319	63.955	27.831	340	4
1525598465	20358	63.955	27.817	340	12
1525598465	20404	63.955	27.831	340	5
1525598465	20511	63.955	27.744	340	10
1525598465	20560	64.06	27.744	340	1
1525598465	20453	64.052	27.781	340	9
1525598465	20613	64.061	27.758	340	12
1525598465	20659	64.061	27.744	340	5
1525598465	20709	64.061	27.795	340	8
1525598465	20764	64.168	27.671	340	1
1525598466	19892	63.753	27.654	340	3
1525598466	19932	63.753	27.618	340	3
1525598466	19972	63.753	27.632	340	8
1525598466	20013	63.753	27.581	340	5
1525598466	20056	63.754	27.503	340	5
1525598466	20098	63.754	27.466	340	5
1525598466	20142	63.754	27.438	340	3
1525598466	20236	63.754	27.401	340	7
1525598466	20193	63.754	27.438	340	10
1525598466	20279	63.754	27.365	340	10
1525598466	20330	63.852	27.424	340	6
1525598466	20465	63.861	27.379	340	6
1525598466	20520	63.861	27.438	340	10
1525598466	20416	63.861	27.365	340	7
1525598466	20570	63.861	27.365	340	6
1525598466	20366	63.861	27.388	340	3
1525598466	20625	63.862	27.415	340	1
1525598466	20673	63.862	27.356	340	11
1525598466	20719	63.964	27.429	340	1
1525598466	20773	63.97	27.466	340	7
1525598467	19899	64.083	27.549	340	15
1525598467	19981	64.083	27.535	340	1
1525598467	19938	64.083	27.586	340	9
1525598467	20020	64.083	27.646	340	7
1525598467	20064	64.083	27.623	340	1
1525598467	20110	64.083	27.623	340	1
1525598467	20153	64.083	27.522	340	1
1525598467	20201	64.083	27.522	340	5
1525598467	20289	64.083	27.434	340	10
1525598467	20243	64.083	27.434	340	3
1525598467	20336	64.083	27.347	340	5
1525598467	20483	64.083	27.347	340	10
1525598467	20425	64.085	27.383	340	13
1525598467	20380	64.189	27.434	340	3
1525598467	20578	64.191	27.448	340	1
1525598467	20531	64.191	27.42	340	1
1525598467	20681	64.191	27.296	340	5
1525598467	20633	64.191	27.333	340	4
1525598467	20735	64.191	27.319	340	9
1525598467	20785	64.191	27.42	340	5
1525598468	19908	63.773	29.43	340	4
1525598468	20119	63.772	29.501	340	5
1525598468	20072	63.772	29.501	340	8
1525598468	19989	63.772	29.516	340	1
1525598468	20165	63.772	29.536	340	4
1525598468	20028	63.772	29.501	340	12
1525598468	19949	63.772	29.48	340	1
1525598468	20251	63.772	29.551	340	9
1525598468	20299	63.772	29.673	340	7
1525598468	20210	63.774	29.652	340	7
1525598468	20388	63.774	29.652	340	3
1525598468	20436	63.774	29.652	340	7
1525598468	20344	63.774	29.631	340	13
1525598468	20493	63.774	29.652	340	4
1525598468	20540	63.879	29.667	340	11
1525598468	20590	63.879	29.702	340	5
1525598468	20640	63.879	29.687	340	3
1525598468	20692	63.879	29.702	340	11
1525598468	20744	63.879	29.602	340	3
1525598468	20795	63.879	29.652	340	1
1525598469	20037	64.059	30.474	340	11
1525598469	20080	64.059	30.509	340	6
1525598469	19916	64.058	30.591	340	8
1525598469	20174	64.059	30.439	340	8
1525598469	20260	64.061	30.455	340	9
1525598469	20217	64.061	30.47	340	7
1525598469	19996	64.058	30.505	340	9
1525598469	20125	64.059	30.509	340	10
1525598469	19956	64.058	30.54	340	5
1525598469	20310	64.061	30.505	340	10
1525598469	20351	64.061	30.435	340	1
1525598469	20397	64.061	30.47	340	3
1525598469	20446	64.061	30.404	340	3
1525598469	20502	64.061	30.404	340	1
1525598469	20553	64.061	30.404	340	1
1525598469	20603	64.061	30.354	340	8
1525598469	20648	64.17	30.197	340	5
1525598469	20701	64.17	30.217	340	3
1525598469	20754	64.17	30.303	340	11
1525598469	20802	64.17	30.303	340	12
1525598470	20045	63.556	31.481	340	7
1525598470	19884	63.556	31.446	340	3
1525598470	19924	63.556	31.481	340	10
1525598470	19964	63.556	31.481	340	3
1525598470	20090	63.554	31.481	340	14
1525598470	20227	63.554	31.379	340	9
1525598470	20182	63.554	31.414	340	4
1525598470	20135	63.554	31.465	340	1
1525598470	20005	63.556	31.481	340	7
1525598470	20272	63.554	31.43	340	1
1525598470	20319	63.554	31.499	340	4
1525598470	20358	63.554	31.499	340	12
1525598470	20404	63.554	31.449	340	5
1525598470	20511	63.554	31.467	340	10
1525598470	20453	63.554	31.364	340	9
1525598470	20560	63.554	31.398	340	1
1525598470	20613	63.66	31.398	340	12
1525598470	20659	63.66	31.398	340	5
1525598470	20709	63.66	31.332	340	8
1525598470	20764	63.66	31.3	340	1
1525598471	19932	63.877	28.248	340	3
1525598471	19972	63.877	28.248	340	8
1525598471	19892	63.876	28.175	340	3
1525598471	20013	63.877	28.262	340	5
1525598471	20056	63.877	28.276	340	5
1525598471	20098	63.877	28.212	340	5
1525598471	20142	63.877	28.226	340	3
1525598471	20193	63.877	28.212	340	10
1525598471	20236	63.877	28.175	340	7
1525598471	20330	63.877	28.024	340	6
1525598471	20279	63.877	28.111	340	10
1525598471	20465	63.877	28.083	340	6
1525598471	20520	63.882	28.111	340	10
1525598471	20416	63.983	28.183	340	7
1525598471	20366	63.983	28.161	340	3
1525598471	20570	63.985	28.234	340	6
1525598471	20625	63.985	28.169	340	1
1525598471	20673	63.985	28.169	340	11
1525598471	20719	63.986	28.097	340	1
1525598471	20773	63.986	28.119	340	7
1525598472	19938	63.659	25.276	340	9
1525598472	19899	63.659	25.289	340	15
1525598472	19981	63.659	25.252	340	1
1525598472	20020	63.659	25.126	340	7
1525598472	20064	63.659	25.138	340	1
1525598472	20110	63.659	25.088	340	1
1525598472	20153	63.659	25.013	340	1
1525598472	20201	63.659	25.05	340	5
1525598472	20243	63.659	25	340	2
1525598472	20289	63.659	25	340	10
1525598472	20336	63.659	25.025	340	5
1525598472	20483	63.754	25.025	340	10
1525598472	20380	63.763	24.937	340	3
1525598472	20425	63.763	24.987	340	13
1525598472	20578	63.763	24.912	340	1
1525598472	20531	63.763	24.849	340	1
1525598472	20681	63.763	24.925	340	5
1525598472	20633	63.763	24.887	340	4
1525598472	20735	63.867	24.849	340	9
1525598472	20785	63.867	24.648	340	5
1525598473	19908	63.979	20.859	340	4
1525598473	19949	63.979	20.848	340	1
1525598473	19989	63.979	20.808	340	1
1525598473	20072	63.979	20.768	340	8
1525598473	20119	63.979	20.747	340	5
1525598473	20028	63.979	20.787	340	12
1525598473	20165	63.979	20.627	340	4
1525598473	20251	63.979	20.646	340	9
1525598473	20299	63.979	20.515	340	7
1525598473	20210	63.979	20.465	340	7
1525598473	20388	63.979	20.455	340	3
1525598473	20344	63.979	20.484	340	13
1525598473	20436	63.979	20.455	340	7
1525598473	20493	63.979	20.455	340	4
1525598473	20540	64.085	20.343	340	11
1525598473	20590	64.085	20.333	340	5
1525598473	20640	64.085	20.293	340	1
1525598473	20692	64.085	20.293	340	11
1525598473	20744	64.158	20.354	340	3
1525598473	20795	64.194	20.263	340	1
1525598474	19996	63.558	17.365	340	9
1525598474	19916	63.558	17.332	340	8
1525598474	19956	63.558	17.374	340	5
1525598474	20037	63.558	17.374	340	11
1525598474	20080	63.558	17.332	340	6
1525598474	20125	63.558	17.231	340	10
1525598474	20174	63.558	17.222	340	8
1525598474	20260	63.558	17.163	340	9
1525598474	20217	63.558	17.163	340	7
1525598474	20310	63.558	17.071	340	10
1525598474	20351	63.558	17.095	340	1
1525598474	20397	63.558	17.062	340	3
1525598474	20502	63.603	17.062	340	1
1525598474	20446	63.558	17.071	340	3
1525598474	20553	63.662	17.071	340	1
1525598474	20603	63.662	17.071	340	8
1525598474	20701	63.662	17.104	340	3
1525598474	20648	63.662	17.104	340	5
1525598474	20754	63.767	17.196	340	11
1525598474	20802	63.767	17.188	340	12
1525598475	19964	63.87	12.833	341	3
1525598475	19924	63.87	12.877	341	10
1525598475	20005	63.87	12.783	341	7
1525598475	19884	63.87	12.928	341	3
1525598475	20045	63.87	12.833	341	7
1525598475	20090	63.87	12.783	341	14
1525598475	20135	63.87	12.695	341	1
1525598475	20227	63.87	12.645	341	9
1525598475	20182	63.87	12.645	341	4
1525598475	20272	63.87	12.588	341	1
1525598475	20319	63.87	12.399	341	4
1525598475	20358	63.87	12.405	341	12
1525598475	20404	63.87	12.399	341	5
1525598475	20511	63.87	12.45	341	10
1525598475	20560	63.975	12.355	341	1
1525598475	20453	63.975	12.399	341	9
1525598475	20613	63.976	12.393	341	12
1525598475	20659	63.976	12.349	341	5
1525598475	20709	63.976	12.393	341	8
1525598475	20764	63.976	12.45	341	1
1525598476	19892	63.66	12.355	341	3
1525598476	19972	63.66	12.349	341	8
1525598476	19932	63.66	12.349	341	3
1525598476	20013	63.66	12.336	341	5
1525598476	20098	63.66	12.298	341	5
1525598476	20056	63.66	12.248	341	5
1525598476	20193	63.66	12.305	341	10
1525598476	20236	63.66	12.355	341	7
1525598476	20142	63.66	12.254	341	3
1525598476	20279	63.66	12.462	341	10
1525598476	20330	63.66	12.563	341	6
1525598476	20465	63.747	12.607	341	6
1525598476	20520	63.758	12.513	341	10
1525598476	20416	63.758	12.405	341	7
1525598476	20366	63.758	12.405	341	3
1525598476	20570	63.758	12.355	341	6
1525598476	20625	63.758	12.305	341	1
1525598476	20673	63.758	12.298	341	11
1525598476	20719	63.758	12.198	341	1
1525598476	20773	63.857	12.159	341	7
1525598477	19899	63.971	11.705	341	15
1525598477	19981	63.971	11.705	341	1
1525598477	19938	63.971	11.616	341	9
1525598477	20020	63.971	11.711	341	7
1525598477	20064	63.971	11.711	341	1
1525598477	20110	63.971	11.711	341	1
1525598477	20153	63.971	11.806	341	1
1525598477	20201	63.971	11.794	341	5
1525598477	20289	63.971	11.756	341	10
1525598477	20243	63.971	11.756	341	1
1525598477	20336	63.971	11.667	341	5
1525598477	20425	64.079	11.711	341	13
1525598477	20380	64.079	11.711	341	3
1525598477	20483	64.079	11.661	341	10
1525598477	20578	64.079	11.667	341	1
1525598477	20531	64.079	11.667	341	1
1525598477	20681	64.079	11.56	341	5
1525598477	20633	64.079	11.515	341	4
1525598477	20735	64.182	11.56	341	9
1525598477	20785	64.186	11.616	341	5
1525598478	19949	63.549	11.958	341	1
1525598478	19908	63.549	12.002	341	4
1525598478	19989	63.549	11.913	341	1
1525598478	20028	63.549	11.97	341	12
1525598478	20072	63.549	12.002	341	8
1525598478	20119	63.549	12.008	341	5
1525598478	20165	63.549	12.091	341	4
1525598478	20251	63.549	12.002	341	9
1525598478	20299	63.549	12.046	341	7
1525598478	20210	63.549	12.091	341	7
1525598478	20388	63.549	12.046	341	3
1525598478	20436	63.549	12.002	341	7
1525598478	20493	63.549	12.046	341	4
1525598478	20344	63.549	12.008	341	13
1525598478	20540	63.652	12.052	341	11
1525598478	20590	63.652	12.002	341	5
1525598478	20640	63.652	11.996	341	1
1525598478	20692	63.652	11.996	341	11
1525598478	20744	63.652	11.946	341	3
1525598478	20795	63.748	11.99	341	1
1525598479	19956	63.865	11.777	341	5
1525598479	19996	63.865	11.827	341	9
1525598479	19916	63.865	11.815	341	8
1525598479	20037	63.865	11.782	341	11
1525598479	20080	63.865	11.777	341	6
1525598479	20125	63.865	11.827	341	10
1525598479	20174	63.865	11.782	341	8
1525598479	20260	63.865	11.782	341	9
1525598479	20217	63.865	11.777	341	7
1525598479	20310	63.865	11.771	341	10
1525598479	20351	63.865	11.871	341	1
1525598479	20397	63.865	11.865	341	3
1525598479	20446	63.865	11.91	341	3
1525598479	20502	63.874	11.916	341	1
1525598479	20553	63.973	11.954	341	1
1525598479	20603	63.973	11.916	341	8
1525598479	20648	63.973	11.916	341	5
1525598479	20701	63.973	11.922	341	3
1525598479	20802	64.082	11.871	341	12
1525598479	20754	64.082	11.871	341	11
1525598480	19884	63.658	12.129	341	3
1525598480	19924	63.658	12.135	341	10
1525598480	19964	63.658	12.091	341	3
1525598480	20045	63.658	12.179	341	7
1525598480	20005	63.658	12.223	341	7
1525598480	20090	63.658	12.173	341	14
1525598480	20135	63.658	12.167	341	1
1525598480	20227	63.658	12.211	341	9
1525598480	20182	63.658	12.167	341	4
1525598480	20272	63.658	12.173	341	1
1525598480	20319	63.658	12.173	341	4
1525598480	20358	63.658	12.167	341	12
1525598480	20404	63.719	12.217	341	5
1525598480	20511	63.765	12.217	341	10
1525598480	20453	63.765	12.217	341	9
1525598480	20560	63.765	12.211	341	1
1525598480	20659	63.765	12.261	341	5
1525598480	20613	63.765	12.211	341	12
1525598480	20709	63.765	12.223	341	8
1525598480	20764	63.873	12.179	341	1
1525598481	19892	63.98	11.865	341	3
1525598481	19932	63.98	11.827	341	3
1525598481	19972	63.98	11.865	341	8
1525598481	20013	63.98	11.827	341	5
1525598481	20056	63.98	11.922	341	5
1525598481	20142	63.98	11.827	341	3
1525598481	20193	63.98	11.782	341	10
1525598481	20098	63.98	11.877	341	5
1525598481	20236	63.98	11.771	341	7
1525598481	20279	63.98	11.67	341	10
1525598481	20330	63.98	11.475	341	6
1525598481	20465	63.98	11.469	341	6
1525598481	20520	64.085	11.513	341	10
1525598481	20416	64.088	11.564	341	7
1525598481	20366	64.088	11.564	341	3
1525598481	20570	64.088	11.519	341	6
1525598481	20625	64.088	11.475	341	1
1525598481	20673	64.088	11.564	341	11
1525598481	20719	64.088	11.519	341	1
1525598481	20773	64.188	11.558	341	7
1525598482	19981	63.558	14.128	341	1
1525598482	19938	63.558	14.171	341	9
1525598482	19899	63.558	14.171	341	15
1525598482	20153	63.558	14.271	341	1
1525598482	20064	63.558	14.128	341	1
1525598482	20110	63.558	14.178	341	1
1525598482	20020	63.558	14.077	341	7
1525598482	20289	63.558	14.429	341	10
1525598482	20243	63.558	14.429	341	1
1525598482	20201	63.558	14.286	341	5
1525598482	20336	63.558	14.523	341	5
1525598482	20483	63.558	14.437	341	10
1525598482	20380	63.558	14.429	341	3
1525598482	20425	63.558	14.422	341	13
1525598482	20578	63.658	14.429	341	1
1525598482	20531	63.663	14.523	341	1
1525598482	20681	63.663	14.48	341	5
1525598482	20633	63.663	14.48	341	4
1525598482	20735	63.663	14.48	341	9
1525598482	20785	63.759	14.515	341	1
1525598483	19989	63.872	15.821	341	1
1525598483	19908	63.872	15.771	341	4
1525598483	19949	63.872	15.813	341	1
1525598483	20028	63.872	15.813	341	12
1525598483	20072	63.872	15.729	341	8
1525598483	20165	63.872	15.787	341	1
1525598483	20119	63.872	15.779	341	5
1525598483	20251	63.872	15.938	341	9
1525598483	20299	63.872	15.946	341	7
1525598483	20210	63.872	15.988	341	7
1525598483	20344	63.872	15.98	341	13
1525598483	20436	63.872	16.03	341	7
1525598483	20388	63.872	15.996	341	3
1525598483	20493	63.872	15.988	341	4
1525598483	20540	63.872	15.887	341	11
1525598483	20590	63.959	15.98	341	5
1525598483	20640	63.979	15.988	341	1
1525598483	20692	63.979	15.988	341	11
1525598483	20744	63.979	16.038	341	3
1525598483	20795	63.979	16.038	341	1
1525598484	19916	63.563	16.188	341	8
1525598484	19956	63.563	16.179	341	5
1525598484	19996	63.563	16.222	341	9
1525598484	20037	63.563	16.222	341	11
1525598484	20080	63.563	16.23	341	6
1525598484	20125	63.563	16.179	341	10
1525598484	20174	63.563	16.213	341	8
1525598484	20217	63.563	16.188	341	7
1525598484	20260	63.563	16.179	341	9
1525598484	20310	63.563	16.23	341	10
1525598484	20351	63.563	16.145	341	1
1525598484	20397	63.563	16.188	341	3
1525598484	20502	63.569	16.137	341	1
1525598484	20446	63.563	16.137	341	3
1525598484	20553	63.668	16.103	341	1
1525598484	20603	63.668	16.145	341	8
1525598484	20701	63.668	16.23	341	3
1525598484	20648	63.668	16.238	341	5
1525598484	20754	63.775	16.044	341	11
1525598484	20802	63.775	16.044	341	12
1525598485	19924	63.882	15.972	341	10
1525598485	19964	63.882	16.014	341	3
1525598485	20045	63.882	15.972	341	7
1525598485	19884	63.882	15.972	341	3
1525598485	20005	63.882	15.93	341	7
1525598485	20090	63.882	15.972	341	14
1525598485	20135	63.882	15.93	341	1
1525598485	20227	63.882	15.93	341	9
1525598485	20182	63.882	15.972	341	4
1525598485	20272	63.882	15.964	341	1
1525598485	20319	63.882	15.922	341	4
1525598485	20358	63.882	15.93	341	12
1525598485	20404	63.882	15.922	341	5
1525598485	20511	63.988	15.914	341	10
1525598485	20560	63.99	16.014	341	1
1525598485	20453	63.99	16.014	341	9
1525598485	20613	63.99	15.972	341	12
1525598485	20659	63.99	16.014	341	5
1525598485	20709	63.99	16.048	341	8
1525598485	20764	63.99	16.006	341	1
1525598486	19892	63.67	16.399	341	3
1525598486	19932	63.671	16.399	341	3
1525598486	19972	63.671	16.399	341	8
1525598486	20013	63.671	16.407	341	5
1525598486	20056	63.671	16.391	341	5
1525598486	20098	63.671	16.391	341	5
1525598486	20142	63.671	16.399	341	3
1525598486	20193	63.671	16.391	341	10
1525598486	20236	63.671	16.357	341	7
1525598486	20279	63.671	16.391	341	10
1525598486	20330	63.671	16.441	341	1
1525598486	20465	63.671	16.365	341	6
1525598486	20366	63.773	16.466	341	3
1525598486	20416	63.774	16.466	341	7
1525598486	20520	63.671	16.449	341	10
1525598486	20570	63.774	16.558	341	6
1525598486	20625	63.777	16.658	341	1
1525598486	20673	63.777	16.575	341	11
1525598486	20719	63.777	16.65	341	1
1525598486	20773	63.88	16.566	341	7
1525598487	19899	63.987	14.006	341	15
1525598487	19938	63.987	14.006	341	9
1525598487	19981	63.987	14.006	341	1
1525598487	20020	63.987	14.092	341	7
1525598487	20064	63.987	13.999	341	1
1525598487	20110	63.987	13.949	341	1
1525598487	20153	63.987	13.812	341	1
1525598487	20201	63.987	13.805	341	5
1525598487	20289	63.987	13.748	341	10
1525598487	20243	63.987	13.741	341	1
1525598487	20336	63.987	13.691	341	5
1525598487	20483	64.086	13.741	341	10
1525598487	20425	64.095	13.748	341	13
1525598487	20380	64.095	13.705	341	2
1525598487	20578	64.095	13.741	341	1
1525598487	20531	64.095	13.655	341	1
1525598487	20633	64.095	13.691	341	4
1525598487	20681	64.095	13.691	341	5
1525598487	20735	64.095	13.741	341	9
1525598487	20785	64.203	13.892	341	1
1525598488	20072	63.563	14.637	341	8
1525598488	19989	63.563	14.536	341	1
1525598488	20251	63.562	14.586	341	9
1525598488	20165	63.562	14.586	341	1
1525598488	20119	63.563	14.594	341	5
1525598488	20028	63.563	14.594	341	12
1525598488	19949	63.561	14.493	341	1
1525598488	19908	63.561	14.486	341	4
1525598488	20299	63.561	14.637	341	7
1525598488	20210	63.561	14.601	341	7
1525598488	20388	63.561	14.687	341	3
1525598488	20436	63.561	14.701	341	7
1525598488	20493	63.561	14.701	341	4
1525598488	20344	63.561	14.701	341	13
1525598488	20540	63.561	14.887	341	11
1525598488	20590	63.561	14.817	341	5
1525598488	20640	63.668	14.867	341	1
1525598488	20692	63.668	14.859	341	11
1525598488	20744	63.668	14.859	341	3
1525598488	20795	63.668	14.852	341	7
1525598489	19956	63.887	16.616	341	5
1525598489	19916	63.887	16.566	341	8
1525598489	20037	63.887	16.616	341	11
1525598489	19996	63.887	16.566	341	9
1525598489	20080	63.887	16.616	341	6
1525598489	20260	63.887	16.8	341	9
1525598489	20310	63.887	16.8	341	10
1525598489	20217	63.887	16.842	341	7
1525598489	20125	63.887	16.667	341	10
1525598489	20174	63.887	16.8	341	8
1525598489	20351	63.887	16.851	341	1
1525598489	20397	63.887	16.859	341	2
1525598489	20446	63.887	16.867	341	3
1525598489	20502	63.887	16.859	341	7
1525598489	20603	63.994	16.901	341	8
1525598489	20553	63.994	16.909	341	5
1525598489	20701	63.996	16.859	341	1
1525598489	20648	63.996	16.817	341	5
1525598489	20802	63.996	16.959	341	12
1525598489	20754	63.996	16.951	341	11
1525598490	19964	63.67	19.648	341	1
1525598490	19884	63.669	19.689	341	3
1525598490	20005	63.67	19.698	341	7
1525598490	19924	63.67	19.689	341	10
1525598490	20090	63.67	19.789	341	14
1525598490	20045	63.67	19.689	341	7
1525598490	20135	63.67	19.849	341	7
1525598490	20182	63.67	19.859	341	4
1525598490	20227	63.67	19.899	341	9
1525598490	20272	63.67	19.92	341	9
1525598490	20319	63.67	20.06	341	4
1525598490	20358	63.67	20.05	341	12
1525598490	20404	63.67	20.02	341	5
1525598490	20511	63.67	20.03	341	10
1525598490	20453	63.766	20.07	341	9
1525598490	20560	63.772	20.07	341	1
1525598490	20613	63.773	20.121	341	12
1525598490	20659	63.773	20.121	341	5
1525598490	20709	63.776	20.171	341	8
1525598490	20764	63.881	20.251	341	5
1525598491	19892	63.992	22.423	341	3
1525598491	19932	63.992	22.474	341	3
1525598491	20056	63.992	22.624	341	5
1525598491	19972	63.992	22.446	341	8
1525598491	20142	63.992	22.675	341	3
1525598491	20013	63.992	22.513	341	5
1525598491	20098	63.992	22.714	341	5
1525598491	20193	63.992	22.764	341	10
1525598491	20236	63.994	22.775	341	7
1525598491	20279	63.992	22.849	341	10
1525598491	20465	63.992	23.065	341	6
1525598491	20330	63.992	23.038	341	1
1525598491	20520	63.992	22.999	341	10
1525598491	20416	64.097	23.027	341	7
1525598491	20570	64.1	23.015	341	6
1525598491	20366	64.097	23.065	341	3
1525598491	20673	64.1	23.065	341	11
1525598491	20625	64.1	23.015	341	1
1525598491	20719	64.1	23.216	341	1
1525598491	20773	64.206	23.266	341	7
1525598492	19938	63.566	28.435	341	9
1525598492	20110	63.569	28.564	341	1
1525598492	19981	63.566	28.399	341	1
1525598492	19899	63.566	28.262	341	15
1525598492	20153	63.568	28.6	341	1
1525598492	20064	63.569	28.55	341	1
1525598492	20289	63.568	28.787	341	10
1525598492	20201	63.568	28.722	341	5
1525598492	20020	63.567	28.449	341	7
1525598492	20243	63.568	28.802	341	1
1525598492	20336	63.568	28.917	341	5
1525598492	20483	63.57	29.018	341	10
1525598492	20425	63.57	29.068	341	13
1525598492	20380	63.57	29.089	341	1
1525598492	20578	63.568	29.204	341	9
1525598492	20531	63.568	29.276	341	1
1525598492	20681	63.568	29.456	341	5
1525598492	20633	63.57	29.507	341	4
1525598492	20735	63.57	29.507	341	9
1525598492	20785	63.57	29.421	341	1
1525598493	19949	63.683	28.478	341	3
1525598493	19908	63.683	28.528	341	4
1525598493	19989	63.683	28.463	341	1
1525598493	20028	63.683	28.363	341	12
1525598493	20119	63.683	28.348	341	5
1525598493	20072	63.683	28.377	341	8
1525598493	20165	63.683	28.312	341	1
1525598493	20251	63.683	28.248	341	9
1525598493	20299	63.683	28.111	341	7
1525598493	20210	63.683	28.097	341	7
1525598493	20388	63.683	28.046	341	3
1525598493	20344	63.683	28.032	341	13
1525598493	20493	63.683	28.068	341	4
1525598493	20436	63.683	28.032	341	7
1525598493	20540	63.79	27.946	341	11
1525598493	20590	63.79	27.954	341	5
1525598493	20640	63.79	27.817	341	1
1525598493	20692	63.79	27.831	341	11
1525598493	20744	63.895	27.767	341	3
1525598493	20795	63.898	27.744	341	7
1525598494	19956	63.587	26.295	341	5
1525598494	19996	63.587	26.258	341	9
1525598494	19916	63.587	26.295	341	8
1525598494	20080	63.587	26.231	341	6
1525598494	20037	63.587	26.244	341	11
1525598494	20125	63.587	26.194	341	10
1525598494	20174	63.587	26.045	341	8
1525598494	20260	63.587	26.019	341	9
1525598494	20217	63.587	25.969	341	7
1525598494	20310	63.587	26.019	341	10
1525598494	20351	63.587	25.969	341	1
1525598494	20397	63.587	25.956	341	1
1525598494	20446	63.587	25.956	341	2
1525598494	20502	63.621	25.969	341	7
1525598494	20603	63.693	25.905	341	8
1525598494	20553	63.693	25.943	341	5
1525598494	20648	63.693	25.969	341	5
1525598494	20701	63.693	25.932	341	1
1525598494	20802	63.798	25.881	341	12
1525598494	20754	63.798	25.881	341	11
1525598495	19924	63.907	23.092	341	10
1525598495	19964	63.907	23.092	341	1
1525598495	19884	63.907	23.092	341	3
1525598495	20045	63.907	23.092	341	7
1525598495	20005	63.907	23.081	341	7
1525598495	20090	63.907	22.952	341	14
1525598495	20135	63.907	22.941	341	7
1525598495	20182	63.907	22.879	341	4
1525598495	20272	63.907	22.828	341	9
1525598495	20227	63.907	22.851	341	9
1525598495	20319	63.907	22.727	341	4
1525598495	20358	63.907	22.739	341	12
1525598495	20404	63.908	22.766	341	5
1525598495	20511	64.007	22.766	341	10
1525598495	20560	64.018	22.688	341	1
1525598495	20453	64.018	22.677	341	9
1525598495	20659	64.018	22.638	341	5
1525598495	20613	64.018	22.727	341	12
1525598495	20709	63.983	22.599	341	8
1525598495	20764	64.07	22.548	341	5
1525598496	19892	63.545	20.475	341	1
1525598496	19932	63.545	20.374	341	3
1525598496	19972	63.545	20.455	341	8
1525598496	20013	63.545	20.384	341	5
1525598496	20056	63.545	20.192	341	1
1525598496	20098	63.545	20.101	341	5
1525598496	20142	63.545	20.172	341	3
1525598496	20193	63.545	20.081	341	10
1525598496	20236	63.545	20.081	341	7
1525598496	20279	63.545	19.96	341	10
1525598496	20330	63.545	19.767	341	1
1525598496	20465	63.644	19.737	341	1
1525598496	20520	63.645	19.727	341	10
1525598496	20366	63.645	19.585	341	3
1525598496	20416	63.645	19.626	341	7
1525598496	20570	63.645	19.534	341	6
1525598496	20625	63.645	19.433	341	1
1525598496	20673	63.645	19.423	341	11
1525598496	20719	63.647	19.281	341	1
1525598496	20773	63.746	19.322	341	7
1525598497	19899	63.861	14.61	341	1
1525598497	19938	63.861	14.473	341	9
1525598497	19981	63.861	14.509	341	1
1525598497	20020	63.861	14.379	341	7
1525598497	20064	63.861	14.322	341	1
1525598497	20110	63.861	14.322	341	1
1525598497	20153	63.861	14.271	341	1
1525598497	20201	63.861	14.127	341	1
1525598497	20289	63.861	14.026	341	10
1525598497	20243	63.861	14.026	341	1
1525598497	20336	63.861	13.962	341	5
1525598497	20483	63.968	13.861	341	10
1525598497	20425	63.969	13.81	341	13
1525598497	20380	63.969	13.817	341	1
1525598497	20578	63.971	13.724	341	9
1525598497	20531	63.971	13.68	341	1
1525598497	20681	63.971	13.572	341	5
1525598497	20633	63.971	13.616	341	4
1525598497	20735	63.971	13.522	341	9
1525598497	20785	64.075	13.515	341	1
1525598498	19908	63.548	12.557	341	4
1525598498	19949	63.548	12.557	341	3
1525598498	19989	63.548	12.557	341	1
1525598498	20072	63.548	12.506	341	1
1525598498	20028	63.548	12.506	341	12
1525598498	20119	63.548	12.513	341	5
1525598498	20165	63.548	12.513	341	1
1525598498	20251	63.548	12.468	341	9
1525598498	20299	63.548	12.557	341	7
1525598498	20210	63.548	12.557	341	1
1525598498	20388	63.548	12.513	341	1
1525598498	20436	63.548	12.513	341	7
1525598498	20493	63.651	12.513	341	1
1525598498	20344	63.548	12.557	341	13
1525598498	20540	63.656	12.513	341	11
1525598498	20590	63.656	12.519	341	1
1525598498	20640	63.656	12.651	341	1
1525598498	20692	63.656	12.645	341	11
1525598498	20744	63.762	12.658	341	3
1525598498	20795	63.762	12.557	341	7
1525598499	19956	63.87	11.622	341	5
1525598499	19996	63.87	11.622	341	9
1525598499	19916	63.87	11.661	341	8
1525598499	20037	63.87	11.622	341	11
1525598499	20080	63.87	11.628	341	6
1525598499	20125	63.87	11.667	341	10
1525598499	20174	63.87	11.661	341	1
1525598499	20260	63.87	11.711	341	9
1525598499	20217	63.87	11.717	341	7
1525598499	20310	63.87	11.711	341	1
1525598499	20351	63.87	11.711	341	1
1525598499	20397	63.87	11.667	341	1
1525598499	20446	63.87	11.711	341	1
1525598499	20553	63.974	11.768	341	5
1525598499	20603	63.977	11.818	341	1
1525598499	20502	63.87	11.711	341	7
1525598499	20648	63.979	11.857	341	5
1525598499	20701	63.979	11.857	341	1
1525598499	20754	63.979	11.863	341	1
1525598499	20802	63.979	11.863	341	12
1525598500	19924	63.659	12.456	341	1
1525598500	19884	63.659	12.456	341	3
1525598500	19964	63.659	12.5	341	1
1525598500	20045	63.659	12.456	341	7
1525598500	20005	63.659	12.5	341	7
1525598500	20090	63.659	12.506	341	14
1525598500	20135	63.659	12.456	341	7
1525598500	20182	63.659	12.412	341	4
1525598500	20227	63.659	12.456	341	9
1525598500	20272	63.659	12.412	341	9
1525598500	20319	63.659	12.412	341	1
1525598500	20358	63.659	12.405	341	12
1525598500	20560	63.765	12.607	341	1
1525598500	20511	63.659	12.462	341	10
1525598500	20404	63.659	12.456	341	5
1525598500	20453	63.753	12.607	341	1
1525598500	20613	63.765	12.5	341	12
1525598500	20659	63.765	12.544	341	5
1525598500	20709	63.765	12.494	341	8
1525598500	20764	63.872	12.399	341	5
1525598501	19932	63.981	12.242	341	3
1525598501	19892	63.981	12.191	341	1
1525598501	20013	63.981	12.185	341	5
1525598501	19972	63.981	12.153	341	8
1525598501	20056	63.981	12.286	341	1
1525598501	20098	63.981	12.286	341	5
1525598501	20142	63.981	12.242	341	3
1525598501	20193	63.994	12.248	341	10
1525598501	20236	63.994	12.28	341	7
1525598501	20279	63.994	12.286	341	10
1525598501	20330	63.994	12.292	341	1
1525598501	20465	63.994	12.28	341	1
1525598501	20520	64.098	12.274	341	5
1525598501	20366	64.098	12.28	341	3
1525598501	20416	64.098	12.286	341	7
1525598501	20570	64.098	12.33	341	3
1525598501	20625	64.098	12.38	341	1
1525598501	20673	64.098	12.38	341	1
1525598501	20719	64.205	12.336	341	1
1525598501	20773	64.207	12.242	341	1
1525598502	19899	63.57	12.695	341	1
1525598502	19938	63.57	12.651	341	9
1525598502	19981	63.57	12.695	341	1
1525598502	20020	63.57	12.689	341	7
1525598502	20064	63.57	12.651	341	1
1525598502	20110	63.57	12.645	341	1
1525598502	20153	63.57	12.733	341	1
1525598502	20201	63.57	12.702	341	1
1525598502	20243	63.57	12.746	341	1
1525598502	20289	63.57	12.746	341	10
1525598502	20336	63.57	12.702	341	5
1525598502	20483	63.664	12.746	341	1
1525598502	20425	63.673	12.746	341	13
1525598502	20380	63.673	12.695	341	1
1525598502	20531	63.673	12.689	341	3
1525598502	20578	63.673	12.695	341	9
1525598502	20681	63.673	12.594	341	1
1525598502	20633	63.673	12.494	341	4
1525598502	20735	63.673	12.645	341	1
1525598502	20785	63.78	12.658	341	1
1525598503	19908	63.889	12.292	341	4
1525598503	19949	63.889	12.292	341	3
1525598503	19989	63.889	12.292	341	1
1525598503	20072	63.889	12.292	341	1
1525598503	20028	63.889	12.298	341	1
1525598503	20119	63.889	12.336	341	1
1525598503	20165	63.889	12.336	341	1
1525598503	20251	63.889	12.393	341	9
1525598503	20210	63.889	12.538	341	1
1525598503	20299	63.889	12.487	341	1
1525598503	20388	63.889	12.55	341	1
1525598503	20344	63.889	12.55	341	13
1525598503	20436	63.889	12.676	341	1
1525598503	20493	63.959	12.588	341	1
1525598503	20540	63.995	12.689	341	11
1525598503	20590	63.995	12.682	341	1
1525598503	20692	63.995	12.645	341	11
1525598503	20744	63.995	12.739	341	3
1525598503	20640	63.995	12.645	341	1
1525598503	20795	64.101	12.928	341	7
1525598504	19916	63.665	13.437	341	8
1525598504	19956	63.665	13.474	341	1
1525598504	19996	63.665	13.474	341	9
1525598504	20037	63.665	13.424	341	11
1525598504	20080	63.665	13.424	341	6
1525598504	20125	63.665	13.424	341	10
1525598504	20174	63.665	13.467	341	1
1525598504	20260	63.665	13.424	341	9
1525598504	20217	63.665	13.424	341	7
1525598504	20310	63.665	13.431	341	1
1525598504	20351	63.665	13.424	341	1
1525598504	20397	63.665	13.431	341	1
1525598504	20446	63.77	13.431	341	1
1525598504	20502	63.77	13.431	341	7
1525598504	20553	63.773	13.323	341	5
1525598504	20603	63.773	13.28	341	1
1525598504	20648	63.773	13.078	341	5
1525598504	20701	63.773	13.078	341	1
1525598504	20754	63.88	12.978	341	1
1525598504	20802	63.88	12.978	341	12
1525598505	19884	63.989	12.217	341	3
1525598505	19924	63.989	12.217	341	1
1525598505	20045	63.989	12.211	341	1
1525598505	19964	63.989	12.217	341	1
1525598505	20005	63.989	12.173	341	7
1525598505	20090	63.989	12.211	341	1
1525598505	20135	63.989	12.211	341	7
1525598505	20227	63.989	12.255	341	1
1525598505	20182	63.989	12.261	341	4
1525598505	20272	63.989	12.261	341	9
1525598505	20319	63.989	12.255	341	1
1525598505	20358	63.989	12.261	341	12
1525598505	20404	63.989	12.261	341	5
1525598505	20511	63.989	12.261	341	10
1525598505	20453	64.096	12.167	341	1
1525598505	20560	64.096	12.167	341	1
1525598505	20613	64.096	12.173	341	12
1525598505	20659	64.096	12.167	341	5
1525598505	20709	64.096	12.205	341	1
1525598505	20764	64.206	12.255	341	5
1525598506	19972	63.564	12.475	341	1
1525598506	19892	63.564	12.481	341	1
1525598506	19932	63.564	12.475	341	1
1525598506	20013	63.564	12.487	341	5
1525598506	20056	63.564	12.475	341	1
1525598506	20098	63.564	12.475	341	5
1525598506	20142	63.564	12.475	341	3
1525598506	20193	63.564	12.475	341	1
1525598506	20236	63.564	12.475	341	7
1525598506	20279	63.564	12.431	341	10
1525598506	20330	63.564	12.513	341	1
1525598506	20465	63.564	12.563	341	1
1525598506	20520	63.669	12.525	341	1
1525598506	20366	63.669	12.519	341	3
1525598506	20416	63.669	12.513	341	7
1525598506	20570	63.669	12.475	341	1
1525598506	20625	63.669	12.418	341	1
1525598506	20673	63.669	12.425	341	1
1525598506	20719	63.775	12.425	341	1
1525598506	20773	63.775	12.418	341	1
1525598507	19899	63.885	11.916	341	1
1525598507	19938	63.885	11.916	341	9
1525598507	19981	63.885	11.871	341	1
1525598507	20020	63.885	11.916	341	7
1525598507	20064	63.889	11.916	341	3
1525598507	20110	63.889	11.916	341	1
1525598507	20153	63.889	11.871	341	1
1525598507	20201	63.889	11.865	341	1
1525598507	20289	63.889	11.821	341	10
1525598507	20243	63.889	11.821	341	1
1525598507	20483	63.889	11.928	341	1
1525598507	20425	63.889	11.972	341	13
1525598507	20336	63.889	11.821	341	5
1525598507	20380	63.924	12.066	341	1
1525598507	20578	63.996	12.066	341	9
1525598507	20531	63.998	12.072	341	3
1525598507	20681	63.998	12.167	341	1
1525598507	20633	63.998	12.223	341	4
1525598507	20735	63.998	12.117	341	1
1525598507	20785	64.105	12.054	341	1
1525598508	19908	63.573	12.569	341	4
1525598508	19989	63.573	12.613	341	1
1525598508	19949	63.573	12.613	341	3
1525598508	20072	63.573	12.613	341	1
1525598508	20028	63.573	12.569	341	1
1525598508	20119	63.573	12.613	341	1
1525598508	20165	63.573	12.563	341	1
1525598508	20251	63.573	12.506	341	9
1525598508	20299	63.573	12.368	341	1
1525598508	20210	63.573	12.318	341	1
1525598508	20388	63.573	12.305	341	1
1525598508	20436	63.573	12.185	341	1
1525598508	20344	63.573	12.267	341	13
1525598508	20493	63.573	12.223	341	1
1525598508	20540	63.679	12.123	341	11
1525598508	20590	63.679	12.123	341	1
1525598508	20640	63.679	12.123	341	1
1525598508	20692	63.679	12.129	341	11
1525598508	20744	63.679	12.123	341	3
1525598508	20795	63.783	12.079	341	7
1525598509	19916	63.891	11.703	341	8
1525598509	19956	63.891	11.703	341	1
1525598509	19996	63.891	11.709	341	9
1525598509	20037	63.891	11.759	341	11
1525598509	20080	63.891	11.759	341	6
1525598509	20125	63.891	11.709	341	10
1525598509	20174	63.891	11.714	341	1
1525598509	20260	63.891	11.714	341	9
1525598509	20217	63.891	11.714	341	7
1525598509	20310	63.891	11.664	341	1
1525598509	20351	63.891	11.714	341	1
1525598509	20397	63.891	11.703	341	1
1525598509	20446	63.891	11.658	341	1
1525598509	20502	63.901	11.658	341	7
1525598509	20603	64.001	11.753	341	1
1525598509	20553	64.001	11.709	341	5
1525598509	20701	64.001	11.859	341	1
1525598509	20648	64.001	11.859	341	5
1525598509	20754	64.107	12.004	341	1
1525598509	20802	64.107	12.004	341	12
1525598510	19884	63.578	12.33	341	3
1525598510	19964	63.577	12.324	341	1
1525598510	20045	63.577	12.374	341	1
1525598510	19924	63.578	12.324	341	1
1525598510	20005	63.577	12.374	341	7
1525598510	20090	63.577	12.33	341	1
1525598510	20135	63.577	12.33	341	7
1525598510	20227	63.577	12.286	341	1
1525598510	20182	63.577	12.324	341	4
1525598510	20272	63.577	12.318	341	9
1525598510	20358	63.577	12.324	341	12
1525598510	20319	63.577	12.324	341	1
1525598510	20404	63.577	12.229	341	5
1525598510	20511	63.685	12.229	341	10
1525598510	20453	63.685	12.123	341	1
1525598510	20560	63.685	12.117	341	1
1525598510	20613	63.685	12.028	341	12
1525598510	20659	63.685	12.079	341	5
1525598510	20709	63.685	12.079	341	1
1525598510	20764	63.792	12.028	341	5
1525598511	19892	63.9	11.368	341	1
1525598511	19932	63.9	11.419	341	1
1525598511	19972	63.9	11.419	341	1
1525598511	20013	63.9	11.368	341	5
1525598511	20056	63.9	11.329	341	1
1525598511	20098	63.9	11.368	341	5
1525598511	20193	63.9	11.368	341	1
1525598511	20142	63.9	11.368	341	3
1525598511	20236	63.9	11.374	341	7
1525598511	20279	63.9	11.475	341	10
1525598511	20330	63.9	11.38	341	1
1525598511	20465	63.958	11.341	341	1
1525598511	20520	64.004	11.38	341	1
1525598511	20416	64.006	11.436	341	7
1525598511	20366	64.006	11.436	341	3
1525598511	20570	64.006	11.48	341	1
1525598511	20673	64.006	11.537	341	1
1525598511	20625	64.006	11.537	341	1
1525598511	20719	64.006	11.631	341	1
1525598511	20773	64.113	11.682	341	1
1525598512	19899	63.582	11.946	341	1
1525598512	19938	63.582	11.946	341	9
1525598512	19981	63.582	11.946	341	1
1525598512	20020	63.582	11.907	341	7
1525598512	20064	63.582	11.946	341	3
1525598512	20110	63.582	11.952	341	1
1525598512	20153	63.582	11.996	341	1
1525598512	20201	63.582	11.996	341	1
1525598512	20243	63.582	11.99	341	1
1525598512	20289	63.582	11.99	341	10
1525598512	20336	63.582	11.996	341	5
1525598512	20380	63.583	11.901	341	1
1525598512	20425	63.582	11.946	341	13
1525598512	20483	63.582	11.99	341	1
1525598512	20578	63.689	11.946	341	9
1525598512	20531	63.689	11.946	341	3
1525598512	20681	63.689	11.895	341	1
1525598512	20633	63.689	11.845	341	1
1525598512	20735	63.689	11.996	341	1
1525598512	20785	63.798	12.002	341	1
1525598513	19908	63.906	11.403	341	4
1525598513	19949	63.906	11.358	341	3
1525598513	19989	63.906	11.358	341	1
1525598513	20072	63.906	11.403	341	1
1525598513	20119	63.906	11.358	341	1
1525598513	20028	63.906	11.442	341	1
1525598513	20165	63.906	11.408	341	1
1525598513	20251	63.906	11.447	341	9
1525598513	20299	63.906	11.447	341	1
1525598513	20210	63.906	11.447	341	1
1525598513	20388	63.906	11.408	341	1
1525598513	20436	63.906	11.447	341	1
1525598513	20344	63.906	11.447	341	13
1525598513	20493	63.992	11.453	341	1
1525598513	20540	64.008	11.498	341	11
1525598513	20590	64.008	11.504	341	1
1525598513	20640	64.008	11.504	341	1
1525598513	20692	64.008	11.504	341	11
1525598513	20744	64.008	11.414	341	3
1525598513	20795	64.115	11.408	341	7
1525598514	19916	63.58	11.729	341	8
1525598514	19996	63.58	11.768	341	9
1525598514	19956	63.58	11.729	341	1
1525598514	20037	63.58	11.729	341	11
1525598514	20080	63.58	11.723	341	6
1525598514	20125	63.58	11.735	341	10
1525598514	20174	63.58	11.729	341	1
1525598514	20260	63.58	11.684	341	9
1525598514	20217	63.58	11.678	341	7
1525598514	20310	63.58	11.729	341	1
1525598514	20397	63.58	11.684	341	1
1525598514	20446	63.58	11.78	341	1
1525598514	20502	63.58	11.774	341	7
1525598514	20351	63.58	11.678	341	1
1525598514	20553	63.638	11.836	341	5
1525598514	20603	63.678	11.836	341	1
1525598514	20701	63.685	11.925	341	1
1525598514	20648	63.685	11.97	341	5
1525598514	20754	63.685	11.824	341	1
1525598514	20802	63.685	11.818	341	12
1525598515	19924	63.895	11.723	341	1
1525598515	19964	63.895	11.684	341	1
1525598515	19884	63.895	11.684	341	3
1525598515	20045	63.895	11.64	341	1
1525598515	20090	63.895	11.735	341	1
1525598515	20135	63.895	11.78	341	7
1525598515	20005	63.895	11.64	341	7
1525598515	20182	63.895	11.83	341	4
1525598515	20227	63.895	11.875	341	1
1525598515	20272	63.895	11.887	341	9
1525598515	20404	63.895	11.836	341	1
1525598515	20358	63.895	11.83	341	1
1525598515	20319	63.895	11.842	341	1
1525598515	20511	63.895	11.836	341	10
1525598515	20453	63.897	11.988	341	1
1525598515	20560	63.993	11.988	341	1
1525598515	20613	64.004	12.089	341	12
1525598515	20659	64.004	12.089	341	5
1525598515	20709	64.004	12.051	341	1
1525598515	20764	64.004	12.146	341	5
1525598516	19892	63.682	12.614	341	1
1525598516	19932	63.682	12.57	341	1
1525598516	19972	63.682	12.57	341	1
1525598516	20013	63.682	12.57	341	5
1525598516	20056	63.682	12.652	341	1
1525598516	20098	63.682	12.608	341	1
1525598516	20142	63.682	12.665	341	3
1525598516	20193	63.682	12.658	341	1
1525598516	20236	63.682	12.658	341	1
1525598516	20279	63.682	12.608	341	10
1525598516	20330	63.682	12.563	341	1
1525598516	20465	63.682	12.601	341	1
1525598516	20520	63.774	12.608	341	1
1525598516	20416	63.786	12.601	341	7
1525598516	20366	63.786	12.601	341	1
1525598516	20570	63.786	12.551	341	1
1525598516	20625	63.786	12.5	341	1
1525598516	20673	63.786	12.494	341	1
1525598516	20719	63.894	12.354	341	1
1525598516	20773	63.894	12.304	341	1
1525598517	19899	64.003	11.759	341	1
1525598517	19981	64.003	11.797	341	1
1525598517	20020	64.003	11.842	341	7
1525598517	19938	64.003	11.797	341	9
1525598517	20064	64.003	11.842	341	3
1525598517	20110	64.003	11.842	341	1
1525598517	20153	64.003	11.842	341	1
1525598517	20201	64.003	11.842	341	1
1525598517	20289	64.003	11.848	341	10
1525598517	20243	64.003	11.842	341	1
1525598517	20336	64.003	11.887	341	5
1525598517	20483	64.003	11.836	341	1
1525598517	20425	64.003	11.881	341	13
1525598517	20380	64.1	11.836	341	1
1525598517	20578	64.109	11.786	341	9
1525598517	20531	64.109	11.741	341	3
1525598517	20633	64.109	11.741	341	1
1525598517	20681	64.109	11.696	341	1
1525598517	20735	64.109	11.634	341	1
1525598517	20785	64.217	11.646	341	1
1525598518	19949	63.577	14.676	341	3
1525598518	20119	63.577	14.742	341	1
1525598518	20072	63.577	14.734	341	1
1525598518	19989	63.577	14.676	341	1
1525598518	19908	63.577	14.626	341	4
1525598518	20251	63.577	14.937	341	9
1525598518	20299	63.577	14.995	341	1
1525598518	20165	63.577	14.879	341	1
1525598518	20028	63.577	14.742	341	1
1525598518	20210	63.577	15.053	341	1
1525598518	20344	63.577	15.19	341	13
1525598518	20388	63.577	15.139	341	1
1525598518	20493	63.577	15.147	341	1
1525598518	20436	63.577	15.147	341	1
1525598518	20540	63.577	15.248	341	11
1525598518	20590	63.679	15.326	341	1
1525598518	20692	63.685	15.377	341	11
1525598518	20640	63.685	15.377	341	1
1525598518	20744	63.685	15.369	341	3
1525598518	20795	63.685	15.385	341	7
1525598519	19956	63.901	18.37	341	1
1525598519	20037	63.903	18.412	341	11
1525598519	20080	63.903	18.421	341	6
1525598519	20125	63.903	18.472	341	10
1525598519	19996	63.901	18.38	341	9
1525598519	20174	63.903	18.614	341	1
1525598519	19916	63.901	18.37	341	8
1525598519	20217	63.903	18.797	341	7
1525598519	20260	63.903	18.706	341	9
1525598519	20310	63.903	18.766	341	1
1525598519	20351	63.903	18.826	341	1
1525598519	20397	63.903	18.867	341	1
1525598519	20502	63.903	18.826	341	7
1525598519	20446	63.903	18.816	341	1
1525598519	20553	63.904	18.766	341	5
1525598519	20603	63.908	18.715	341	1
1525598519	20648	64.008	18.633	341	5
1525598519	20701	64.008	18.674	341	1
1525598519	20754	64.008	18.744	341	1
1525598519	20802	64.01	18.826	341	12
1525598520	19884	63.679	20.827	341	3
1525598520	19924	63.679	20.808	341	1
1525598520	19964	63.679	20.848	341	1
1525598520	20090	63.68	20.798	341	1
1525598520	20005	63.68	20.877	341	7
1525598520	20135	63.68	20.859	341	7
1525598520	20045	63.68	20.798	341	1
1525598520	20227	63.68	20.819	341	1
1525598520	20182	63.68	20.869	341	4
1525598520	20272	63.681	20.848	341	9
1525598520	20358	63.681	20.96	341	1
1525598520	20319	63.681	20.938	341	1
1525598520	20404	63.681	20.949	341	1
1525598520	20511	63.681	20.899	341	10
1525598520	20560	63.78	20.899	341	1
1525598520	20453	63.78	20.888	341	1
1525598520	20613	63.782	20.848	341	12
1525598520	20659	63.782	20.798	341	5
1525598520	20709	63.782	20.798	341	1
1525598520	20764	63.782	20.808	341	5
1525598521	19892	64.001	21.374	341	1
1525598521	19972	64.001	21.403	341	1
1525598521	19932	64.001	21.374	341	1
1525598521	20013	64.001	21.414	341	5
1525598521	20056	64.001	21.436	341	1
1525598521	20098	64.001	21.436	341	1
1525598521	20142	64.001	21.436	341	3
1525598521	20193	64.001	21.436	341	1
1525598521	20236	64.001	21.396	341	1
1525598521	20279	64.001	21.396	341	10
1525598521	20330	64.001	21.475	341	1
1525598521	20465	64.1	21.486	341	1
1525598521	20520	64.109	21.447	341	1
1525598521	20416	64.109	21.396	341	7
1525598521	20366	64.109	21.396	341	1
1525598521	20570	64.109	21.407	341	1
1525598521	20625	64.109	21.396	341	1
1525598521	20673	64.109	21.367	341	1
1525598521	20719	64.111	21.598	341	1
1525598521	20773	64.218	21.649	341	1
1525598522	19899	63.582	22.245	341	1
1525598522	19938	63.582	22.256	341	9
1525598522	19981	63.582	22.256	341	1
1525598522	20020	63.582	22.205	341	7
1525598522	20064	63.582	22.205	341	3
1525598522	20110	63.582	22.205	341	1
1525598522	20153	63.582	22.166	341	1
1525598522	20201	63.582	22.166	341	1
1525598522	20289	63.582	22.166	341	10
1525598522	20243	63.582	22.166	341	1
1525598522	20336	63.582	22.127	341	5
1525598522	20380	63.685	22.076	341	1
1525598522	20483	63.614	22.076	341	1
1525598522	20425	63.685	22.036	341	13
1525598522	20578	63.687	22.127	341	9
1525598522	20531	63.687	22.155	341	3
1525598522	20681	63.687	22.115	341	1
1525598522	20633	63.687	22.115	341	1
1525598522	20735	63.794	22.087	341	1
1525598522	20785	63.794	21.924	341	1
1525598523	19908	63.899	18.924	341	4
1525598523	19949	63.899	18.883	341	3
1525598523	19989	63.899	18.874	341	1
1525598523	20028	63.899	18.731	341	1
1525598523	20165	63.899	18.629	341	1
1525598523	20072	63.899	18.782	341	1
1525598523	20251	63.899	18.721	341	9
1525598523	20299	63.899	18.671	341	1
1525598523	20119	63.899	18.763	341	1
1525598523	20210	63.899	18.702	341	1
1525598523	20388	63.899	18.712	341	1
1525598523	20344	63.899	18.62	341	13
1525598523	20493	63.899	18.652	341	1
1525598523	20436	63.899	18.661	341	1
1525598523	20540	64.006	18.56	341	11
1525598523	20590	64.008	18.477	341	1
1525598523	20640	64.008	18.426	341	3
1525598523	20692	64.008	18.426	341	11
1525598523	20744	64.008	18.426	341	3
1525598523	20795	64.106	18.334	341	7
1525598524	19916	63.583	15.33	341	8
1525598524	19996	63.583	15.236	341	9
1525598524	19956	63.583	15.287	341	1
1525598524	20037	63.583	15.193	341	11
1525598524	20080	63.583	15.185	341	6
1525598524	20125	63.583	15.135	341	10
1525598524	20174	63.583	15.033	341	1
1525598524	20260	63.583	14.982	341	9
1525598524	20217	63.583	14.896	341	7
1525598524	20310	63.583	14.881	341	1
1525598524	20351	63.583	14.787	341	1
1525598524	20446	63.583	14.743	341	1
1525598524	20397	63.583	14.779	341	1
1525598524	20553	63.684	14.837	341	5
1525598524	20502	63.583	14.743	341	7
1525598524	20603	63.684	14.888	341	1
1525598524	20701	63.691	14.751	341	1
1525598524	20648	63.691	14.751	341	5
1525598524	20754	63.791	14.685	341	1
1525598524	20802	63.798	14.606	341	12
1525598525	19884	63.907	12.462	341	3
1525598525	19924	63.907	12.456	341	1
1525598525	19964	63.907	12.449	341	1
1525598525	20045	63.907	12.5	341	1
1525598525	20005	63.907	12.36	341	7
1525598525	20090	63.907	12.405	341	1
1525598525	20135	63.907	12.252	341	7
1525598525	20227	63.907	12.246	341	1
1525598525	20182	63.907	12.195	341	4
1525598525	20272	63.907	12.208	341	9
1525598525	20358	63.907	12.106	341	1
1525598525	20319	63.907	12.106	341	1
1525598525	20404	63.907	12.201	341	1
1525598525	20511	64.01	12.201	341	10
1525598525	20453	64.014	12.15	341	1
1525598525	20560	64.014	12.144	341	1
1525598525	20613	64.014	12.183	341	12
1525598525	20659	64.014	12.15	341	5
1525598525	20709	64.014	12.195	341	1
1525598525	20764	64.123	12.195	341	5
1525598526	19892	63.584	11.657	341	1
1525598526	19932	63.584	11.651	341	1
1525598526	19972	63.584	11.613	341	1
1525598526	20013	63.584	11.657	341	5
1525598526	20056	63.584	11.556	341	1
1525598526	20098	63.584	11.562	341	1
1525598526	20193	63.584	11.595	341	1
1525598526	20142	63.584	11.55	341	1
1525598526	20236	63.584	11.595	341	1
1525598526	20279	63.584	11.544	341	10
1525598526	20330	63.584	11.55	341	1
1525598526	20465	63.584	11.55	341	1
1525598526	20520	63.69	11.55	341	1
1525598526	20416	63.69	11.511	341	7
1525598526	20366	63.69	11.511	341	1
1525598526	20570	63.69	11.55	341	1
1525598526	20625	63.69	11.505	341	1
1525598526	20673	63.69	11.55	341	1
1525598526	20719	63.69	11.398	341	1
1525598526	20773	63.789	11.443	341	1
1525598527	19899	63.898	11.196	341	1
1525598527	19981	63.898	11.196	341	1
1525598527	19938	63.898	11.19	341	9
1525598527	20020	63.898	11.196	341	7
1525598527	20064	63.898	11.156	341	3
1525598527	20110	63.898	11.151	341	1
1525598527	20153	63.898	11.151	341	1
1525598527	20201	63.898	11.151	341	1
1525598527	20289	63.898	11.19	341	10
1525598527	20243	63.898	11.196	341	3
1525598527	20336	63.898	11.145	341	5
1525598527	20578	64.003	11.196	341	9
1525598527	20483	63.898	11.145	341	1
1525598527	20531	64.003	11.246	341	3
1525598527	20380	63.898	11.196	341	1
1525598527	20425	63.898	11.196	341	13
1525598527	20681	64.004	11.494	341	1
1525598527	20633	64.004	11.449	341	1
1525598527	20735	64.004	11.449	341	1
1525598527	20785	64.004	11.595	341	1
1525598528	19949	63.576	12.026	341	3
1525598528	19908	63.576	12.026	341	4
1525598528	19989	63.576	12.071	341	1
1525598528	20072	63.575	12.115	341	1
1525598528	20028	63.575	12.115	341	1
1525598528	20119	63.575	12.077	341	1
1525598528	20165	63.575	12.121	341	1
1525598528	20251	63.575	11.931	341	9
1525598528	20299	63.575	11.925	341	1
1525598528	20210	63.575	11.786	341	1
1525598528	20344	63.575	11.729	341	13
1525598528	20436	63.575	11.774	341	1
1525598528	20388	63.575	11.729	341	1
1525598528	20493	63.575	11.729	341	1
1525598528	20540	63.68	11.729	341	11
1525598528	20590	63.68	11.768	341	1
1525598528	20640	63.68	11.774	341	3
1525598528	20692	63.68	11.774	341	11
1525598528	20744	63.781	11.857	341	1
1525598528	20795	63.784	11.857	341	7
1525598529	19916	63.894	11.352	341	8
1525598529	19956	63.894	11.352	341	1
1525598529	19996	63.894	11.352	341	9
1525598529	20037	63.894	11.403	341	11
1525598529	20080	63.894	11.403	341	6
1525598529	20125	63.894	11.442	341	10
1525598529	20174	63.894	11.358	341	1
1525598529	20260	63.894	11.397	341	9
1525598529	20217	63.894	11.397	341	7
1525598529	20310	63.894	11.397	341	1
1525598529	20351	63.894	11.436	341	1
1525598529	20397	63.894	11.447	341	1
1525598529	20553	64.002	11.442	341	5
1525598529	20603	64.002	11.486	341	1
1525598529	20446	63.894	11.486	341	1
1525598529	20502	63.894	11.575	341	7
1525598529	20648	64.004	11.626	341	5
1525598529	20701	64.004	11.626	341	1
1525598529	20754	64.004	11.732	341	1
1525598529	20802	64.004	11.726	341	9
1525598530	19884	63.683	12.103	341	1
1525598530	20045	63.683	12.059	341	1
1525598530	20005	63.683	12.153	341	1
1525598530	19924	63.683	12.103	341	1
1525598530	20090	63.683	12.147	341	1
1525598530	19964	63.683	12.059	341	1
1525598530	20135	63.683	12.204	341	7
1525598530	20227	63.683	12.248	341	1
1525598530	20182	63.683	12.242	341	1
1525598530	20272	63.683	12.198	341	9
1525598530	20319	63.683	12.204	341	1
1525598530	20358	63.683	12.198	341	1
1525598530	20404	63.683	12.147	341	1
1525598530	20511	63.686	12.191	341	1
1525598530	20453	63.79	12.147	341	1
1525598530	20560	63.79	12.153	341	1
1525598530	20613	63.79	12.248	341	1
1525598530	20659	63.79	12.242	341	1
1525598530	20709	63.79	12.198	341	1
1525598530	20764	63.899	12.147	341	5
1525598531	19932	63.582	12.367	341	1
1525598531	19972	63.582	12.367	341	1
1525598531	19892	63.582	12.317	341	1
1525598531	20013	63.581	12.355	341	1
1525598531	20056	63.581	12.317	341	1
1525598531	20142	63.581	12.361	341	1
1525598531	20098	63.581	12.355	341	1
1525598531	20193	63.581	12.323	341	1
1525598531	20236	63.581	12.374	341	1
1525598531	20279	63.581	12.519	341	1
1525598531	20330	63.581	12.569	341	1
1525598531	20465	63.581	12.569	341	1
1525598531	20520	63.686	12.607	341	1
1525598531	20366	63.686	12.614	341	1
1525598531	20416	63.686	12.614	341	1
1525598531	20570	63.688	12.62	341	1
1525598531	20625	63.688	12.664	341	1
1525598531	20673	63.688	12.62	341	1
1525598531	20719	63.798	12.62	341	1
1525598531	20773	63.792	12.525	341	1
1525598532	19899	63.899	12.109	341	1
1525598532	19938	63.899	12.065	341	1
1525598532	19981	63.899	12.065	341	1
1525598532	20020	63.899	12.115	341	1
1525598532	20064	63.899	12.147	341	3
1525598532	20110	63.899	12.153	341	1
1525598532	20153	63.899	12.109	341	1
1525598532	20201	63.899	12.153	341	1
1525598532	20289	63.899	12.109	341	1
1525598532	20243	63.899	12.109	341	3
1525598532	20336	63.899	12.109	341	1
1525598532	20483	63.994	12.153	341	1
1525598532	20425	63.997	12.059	341	1
1525598532	20380	63.998	12.103	341	1
1525598532	20578	64	12.052	341	9
1525598532	20531	64	12.002	341	3
1525598532	20681	64	11.901	341	1
1525598532	20633	64	11.946	341	1
1525598532	20735	64	11.946	341	1
1525598532	20785	64.107	11.895	341	5
1525598533	19908	63.68	11.806	341	1
1525598533	19949	63.68	11.8	341	3
1525598533	19989	63.68	11.717	341	1
1525598533	20072	63.68	11.8	341	1
1525598533	20028	63.68	11.806	341	1
1525598533	20119	63.68	11.845	341	1
1525598533	20165	63.68	11.75	341	5
1525598533	20251	63.68	11.705	341	1
1525598533	20299	63.68	11.75	341	1
1525598533	20210	63.68	11.794	341	1
1525598533	20388	63.68	11.794	341	1
1525598533	20344	63.68	11.794	341	1
1525598533	20436	63.68	11.705	341	1
1525598533	20493	63.68	11.75	341	1
1525598533	20540	63.788	11.699	341	1
1525598533	20590	63.788	11.61	341	1
1525598533	20640	63.788	11.554	341	3
1525598533	20692	63.788	11.548	341	1
1525598533	20744	63.788	11.459	341	1
1525598533	20795	63.875	11.554	341	7
1525598534	19956	64.004	11.515	341	1
1525598534	19996	64.004	11.515	341	1
1525598534	19916	64.004	11.47	341	1
1525598534	20037	64.004	11.459	341	1
1525598534	20080	64.004	11.465	341	1
1525598534	20125	64.004	11.465	341	1
1525598534	20174	64.004	11.459	341	1
1525598534	20260	64.004	11.42	341	1
1525598534	20217	64.004	11.42	341	1
1525598534	20310	64.004	11.465	341	1
1525598534	20351	64.004	11.42	341	1
1525598534	20397	64.004	11.369	341	1
1525598534	20502	64.102	11.274	341	7
1525598534	20446	64.005	11.369	341	1
1525598534	20603	64.112	11.212	341	1
1525598534	20553	64.112	11.223	341	5
1525598534	20701	64.112	11.173	341	1
1525598534	20648	64.112	11.173	341	1
1525598534	20802	64.22	11.122	341	1
1525598534	20754	64.22	11.122	341	1
1525598535	19924	63.579	10.982	341	1
1525598535	19964	63.579	11.027	341	1
1525598535	19884	63.579	10.982	341	1
1525598535	20045	63.579	11.027	341	1
1525598535	20005	63.579	11.021	341	1
1525598535	20090	63.579	10.976	341	1
1525598535	20135	63.579	10.965	341	7
1525598535	20227	63.579	10.92	341	1
1525598535	20182	63.579	10.931	341	1
1525598535	20272	63.579	10.875	341	9
1525598535	20319	63.579	10.965	341	1
1525598535	20358	63.579	10.971	341	1
1525598535	20404	63.579	10.982	341	1
1525598535	20511	63.579	11.077	341	1
1525598535	20453	63.684	11.083	341	1
1525598535	20560	63.684	11.077	341	1
1525598535	20613	63.684	10.937	341	1
1525598535	20659	63.684	10.976	341	1
1525598535	20709	63.684	10.937	341	1
1525598535	20764	63.791	10.926	341	5
1525598536	19892	63.9	10.359	341	1
1525598536	19972	63.9	10.308	341	1
1525598536	19932	63.9	10.308	341	1
1525598536	20013	63.9	10.359	341	1
1525598536	20056	63.9	10.354	341	1
1525598536	20098	63.9	10.359	341	1
1525598536	20142	63.9	10.308	341	1
1525598536	20193	63.9	10.308	341	1
1525598536	20236	63.9	10.258	341	1
1525598536	20279	63.9	10.111	341	1
1525598536	20330	63.9	10.061	341	5
1525598536	20465	63.998	10.01	341	1
1525598536	20520	64.007	10.015	341	1
1525598536	20366	64.009	10.056	341	1
1525598536	20416	64.009	10.056	341	1
1525598536	20625	64.009	10.066	341	1
1525598536	20570	64.009	10.005	341	1
1525598536	20673	64.009	10.157	341	1
1525598536	20719	64.009	10.202	341	1
1525598536	20773	64.117	10.258	341	1
1525598537	19899	63.688	10.606	341	1
1525598537	19981	63.688	10.606	341	1
1525598537	19938	63.688	10.606	341	1
1525598537	20020	63.688	10.606	341	1
1525598537	20064	63.688	10.611	341	3
1525598537	20110	63.688	10.611	341	1
1525598537	20153	63.688	10.702	341	1
1525598537	20201	63.688	10.651	341	1
1525598537	20243	63.688	10.657	341	3
1525598537	20289	63.688	10.657	341	1
1525598537	20336	63.688	10.696	341	1
1525598537	20425	63.794	10.651	341	1
1525598537	20483	63.786	10.651	341	1
1525598537	20380	63.794	10.606	341	1
1525598537	20578	63.794	10.601	341	9
1525598537	20531	63.794	10.556	341	3
1525598537	20681	63.794	10.55	341	1
1525598537	20633	63.797	10.55	341	1
1525598537	20735	63.892	10.5	341	1
1525598537	20785	63.904	10.494	341	5
1525598538	19949	64.013	9.985	341	3
1525598538	19908	64.013	9.985	341	1
1525598538	19989	64.013	10.03	341	1
1525598538	20072	64.013	9.934	341	1
1525598538	20028	64.013	9.934	341	1
1525598538	20119	64.013	9.889	341	1
1525598538	20165	64.013	9.889	341	5
1525598538	20251	64.013	9.98	341	1
1525598538	20299	64.013	9.934	341	1
1525598538	20210	64.013	9.889	341	1
1525598538	20388	64.013	9.889	341	1
1525598538	20344	64.013	9.894	341	1
1525598538	20436	64.013	9.985	341	1
1525598538	20493	64.013	9.98	341	1
1525598538	20540	64.12	10.03	341	1
1525598538	20590	64.12	10.035	341	1
1525598538	20640	64.12	10.086	341	3
1525598538	20692	64.12	10.091	341	1
1525598538	20744	64.228	10.181	341	1
1525598538	20795	64.229	10.136	341	7
1525598539	19916	63.586	10.921	341	1
1525598539	19956	63.586	10.921	341	1
1525598539	19996	63.586	10.971	341	1
1525598539	20080	63.586	11.022	341	1
1525598539	20037	63.586	11.022	341	1
1525598539	20125	63.586	11.022	341	1
1525598539	20174	63.586	11.066	341	1
1525598539	20260	63.586	11.022	341	1
1525598539	20217	63.586	11.016	341	1
1525598539	20310	63.586	10.977	341	1
1525598539	20351	63.586	11.027	341	1
1525598539	20446	63.586	11.117	341	1
1525598539	20502	63.586	11.161	341	7
1525598539	20603	63.646	11.229	341	1
1525598539	20553	63.594	11.217	341	5
1525598539	20397	63.586	11.022	341	3
1525598539	20701	63.691	11.324	341	3
1525598539	20648	63.691	11.324	341	1
1525598539	20754	63.691	11.128	341	1
1525598539	20802	63.691	11.217	341	1
1525598540	19964	63.907	11.039	341	3
1525598540	20045	63.907	10.994	341	1
1525598540	19884	63.907	11.033	341	1
1525598540	19924	63.907	11.033	341	1
1525598540	20090	63.907	10.994	341	1
1525598540	20005	63.907	10.994	341	1
1525598540	20135	63.907	11.044	341	7
1525598540	20227	63.907	10.994	341	1
1525598540	20182	63.907	11.039	341	1
1525598540	20272	63.907	11.083	341	9
1525598540	20358	63.907	10.988	341	1
1525598540	20404	63.907	10.983	341	1
1525598540	20511	63.907	10.933	341	1
1525598540	20319	63.907	10.994	341	1
1525598540	20453	63.913	11.033	341	1
1525598540	20560	64.008	11.039	341	1
1525598540	20613	64.017	11.184	341	1
1525598540	20659	64.017	11.145	341	1
1525598540	20709	64.017	11.222	341	1
1525598540	20764	64.017	11.2	341	5
1525598541	19892	63.591	11.546	341	1
1525598541	19932	63.591	11.585	341	1
1525598541	20013	63.591	11.502	341	1
1525598541	19972	63.591	11.546	341	1
1525598541	20056	63.591	11.558	341	1
1525598541	20098	63.591	11.508	341	1
1525598541	20142	63.591	11.552	341	1
1525598541	20193	63.591	11.552	341	1
1525598541	20236	63.591	11.596	341	1
1525598541	20279	63.591	11.591	341	1
1525598541	20330	63.591	11.502	341	5
1525598541	20465	63.591	11.552	341	1
1525598541	20520	63.698	11.502	341	1
1525598541	20366	63.698	11.496	341	1
1525598541	20416	63.698	11.496	341	1
1525598541	20570	63.698	11.502	341	1
1525598541	20673	63.698	11.546	341	1
1525598541	20625	63.698	11.546	341	1
1525598541	20719	63.806	11.558	341	1
1525598541	20773	63.806	11.502	341	1
1525598542	19899	63.91	11.111	341	1
1525598542	19938	63.91	11.156	341	1
1525598542	19981	63.91	11.2	341	1
1525598542	20020	63.91	11.15	341	1
1525598542	20064	63.91	11.106	341	3
1525598542	20110	63.91	11.1	341	1
1525598542	20153	63.91	11.061	341	1
1525598542	20201	63.91	11.066	341	1
1525598542	20289	63.91	11.061	341	1
1525598542	20243	63.91	11.061	341	3
1525598542	20336	63.91	11.022	341	1
1525598542	20483	63.91	11.066	341	1
1525598542	20380	63.91	11.111	341	3
1525598542	20425	63.91	11.111	341	1
1525598542	20578	63.91	11.167	341	9
1525598542	20531	63.919	11.173	341	3
1525598542	20681	64.019	11.268	341	1
1525598542	20633	64.019	11.268	341	1
1525598542	20735	64.02	11.318	341	1
1525598542	20785	64.02	11.374	341	5
1525598543	19908	63.591	11.984	341	1
1525598543	19949	63.591	11.978	341	3
1525598543	19989	63.591	11.984	341	1
1525598543	20028	63.591	12.028	341	1
1525598543	20072	63.591	11.94	341	1
1525598543	20119	63.591	12.028	341	1
1525598543	20165	63.591	12.034	341	5
1525598543	20251	63.591	12.034	341	1
1525598543	20299	63.591	12.072	341	1
1525598543	20210	63.591	12.079	341	1
1525598543	20344	63.591	12.072	341	1
1525598543	20388	63.591	12.079	341	1
1525598543	20436	63.591	12.028	341	1
1525598543	20493	63.697	12.04	341	1
1525598543	20540	63.697	11.99	341	1
1525598543	20590	63.697	12.028	341	1
1525598543	20692	63.697	12.072	341	1
1525598543	20640	63.697	12.072	341	3
1525598543	20744	63.806	12.097	341	1
1525598543	20795	63.806	12.085	341	7
1525598544	19916	63.91	11.296	341	1
1525598544	19956	63.91	11.251	341	1
1525598544	19996	63.91	11.201	341	1
1525598544	20037	63.91	11.156	341	1
1525598544	20080	63.91	11.15	341	1
1525598544	20125	63.91	11.106	341	1
1525598544	20174	63.91	11.15	341	1
1525598544	20260	63.91	11.15	341	1
1525598544	20217	63.91	11.15	341	1
1525598544	20310	63.91	11.195	341	1
1525598544	20351	63.91	11.145	341	1
1525598544	20397	63.91	11.195	341	3
1525598544	20446	63.969	11.055	341	1
1525598544	20502	64.016	11.01	341	7
1525598544	20553	64.018	10.999	341	5
1525598544	20603	64.018	10.954	341	1
1525598544	20648	64.018	10.898	341	1
1525598544	20701	64.018	10.898	341	3
1525598544	20754	64.124	11.145	341	1
1525598544	20802	64.124	11.055	341	1
1525598545	19884	63.693	11.426	341	1
1525598545	20045	63.693	11.47	341	1
1525598545	19964	63.693	11.426	341	3
1525598545	19924	63.693	11.431	341	1
1525598545	20005	63.693	11.47	341	1
1525598545	20090	63.693	11.47	341	1
1525598545	20135	63.693	11.426	341	7
1525598545	20227	63.693	11.482	341	1
1525598545	20182	63.693	11.431	341	1
1525598545	20272	63.693	11.437	341	9
1525598545	20319	63.693	11.431	341	1
1525598545	20358	63.693	11.437	341	1
1525598545	20404	63.693	11.431	341	1
1525598545	20511	63.693	11.336	341	1
1525598545	20453	63.8	11.229	341	4
1525598545	20560	63.8	11.229	341	1
1525598545	20659	63.8	11.381	341	1
1525598545	20613	63.8	11.33	341	1
1525598545	20709	63.8	11.449	341	1
1525598545	20764	63.91	11.482	341	5
1525598546	19892	63.592	11.595	341	3
1525598546	19972	63.592	11.595	341	1
1525598546	19932	63.592	11.556	341	1
1525598546	20013	63.592	11.646	341	1
1525598546	20056	63.592	11.544	341	5
1525598546	20236	63.592	11.601	341	1
1525598546	20098	63.592	11.55	341	1
1525598546	20193	63.592	11.601	341	1
1525598546	20142	63.592	11.601	341	1
1525598546	20279	63.592	11.753	341	1
1525598546	20330	63.592	11.943	341	5
1525598546	20465	63.694	11.943	341	7
1525598546	20520	63.694	11.994	341	1
1525598546	20416	63.694	12.045	341	1
1525598546	20366	63.694	12.038	341	1
1525598546	20570	63.694	12.032	341	1
1525598546	20625	63.694	11.931	341	1
1525598546	20673	63.694	11.887	341	1
1525598546	20719	63.803	11.741	341	1
1525598546	20773	63.803	11.786	341	1
1525598547	19899	63.913	11.875	341	11
1525598547	19938	63.913	11.836	341	1
1525598547	19981	63.913	11.791	341	1
1525598547	20020	63.913	11.836	341	1
1525598547	20110	63.913	11.842	341	1
1525598547	20064	63.913	11.842	341	3
1525598547	20153	63.913	11.791	341	1
1525598547	20201	63.913	11.887	341	5
1525598547	20289	63.913	11.887	341	1
1525598547	20243	63.913	11.887	341	3
1525598547	20336	63.913	11.931	341	1
1525598547	20425	64.014	11.791	341	1
1525598547	20483	63.913	11.836	341	1
1525598547	20380	64.02	11.836	341	3
1525598547	20578	64.022	11.747	341	9
1525598547	20531	64.022	11.786	341	3
1525598547	20633	64.022	11.741	341	1
1525598547	20681	64.022	11.741	341	1
1525598547	20735	64.022	11.69	341	1
1525598547	20785	64.022	11.69	341	5
1525598548	19908	63.705	11.595	341	1
1525598548	19949	63.705	11.684	341	3
1525598548	19989	63.705	11.64	341	1
1525598548	20072	63.705	11.69	341	7
1525598548	20028	63.705	11.595	341	1
1525598548	20119	63.705	11.601	341	1
1525598548	20165	63.705	11.64	341	5
1525598548	20251	63.705	11.589	341	1
1525598548	20299	63.705	11.55	341	1
1525598548	20210	63.705	11.589	341	7
1525598548	20388	63.705	11.589	341	3
1525598548	20436	63.705	11.55	341	1
1525598548	20344	63.705	11.595	341	1
1525598548	20493	63.807	11.589	341	5
1525598548	20540	63.813	11.544	341	1
1525598548	20590	63.813	11.499	341	5
1525598548	20640	63.813	11.404	341	3
1525598548	20692	63.813	11.404	341	1
1525598548	20744	63.92	11.291	341	1
1525598548	20795	63.92	11.246	341	7
1525598549	19916	64.03	11.089	341	1
1525598549	19956	64.03	11.089	341	1
1525598549	19996	64.03	11.089	341	1
1525598549	20037	64.03	11.134	341	1
1525598549	20080	64.03	11.134	341	1
1525598549	20125	64.03	11.134	341	1
1525598549	20174	64.03	11.094	341	9
1525598549	20260	64.03	11.094	341	1
1525598549	20217	64.03	11.1	341	1
1525598549	20310	64.03	11.089	341	9
1525598549	20351	64.03	11.139	341	1
1525598549	20397	64.03	11.094	341	3
1525598549	20446	64.136	11.094	341	3
1525598549	20502	64.137	11.1	341	7
1525598549	20553	64.137	11.094	341	5
1525598549	20603	64.137	11.044	341	7
1525598549	20701	64.137	11.044	341	3
1525598549	20648	64.137	11.044	341	1
1525598549	20802	64.249	11.094	341	1
1525598549	20754	64.249	11.089	341	11
1525598550	19884	63.605	11.134	341	1
1525598550	19924	63.605	11.134	341	9
1525598550	19964	63.605	11.134	341	3
1525598550	20045	63.605	11.179	341	1
1525598550	20005	63.605	11.134	341	1
1525598550	20090	63.605	11.134	341	1
1525598550	20135	63.605	11.128	341	7
1525598550	20227	63.605	11.077	341	1
1525598550	20182	63.605	11.077	341	1
1525598550	20272	63.605	11.122	341	9
1525598550	20358	63.605	11.122	341	1
1525598550	20404	63.605	11.218	341	1
1525598550	20319	63.605	11.134	341	5
1525598550	20511	63.605	11.179	341	1
1525598550	20453	63.711	11.33	341	7
1525598550	20560	63.711	11.33	341	1
1525598550	20613	63.711	11.128	341	1
1525598550	20659	63.711	11.077	341	1
1525598550	20709	63.711	10.92	341	1
1525598550	20764	63.771	11.061	341	5
1525598551	19892	63.927	10.696	341	3
1525598551	19932	63.927	10.702	341	1
1525598551	19972	63.927	10.702	341	1
1525598551	20013	63.927	10.651	341	1
1525598551	20056	63.927	10.696	341	5
1525598551	20098	63.927	10.736	341	1
1525598551	20142	63.927	10.646	341	1
1525598551	20193	63.927	10.646	341	1
1525598551	20236	63.927	10.595	341	1
1525598551	20279	63.927	10.54	341	1
1525598551	20330	63.927	10.354	341	5
1525598551	20465	64.032	10.394	341	7
1525598551	20520	64.035	10.433	341	3
1525598551	20416	64.037	10.489	341	1
1525598551	20366	64.037	10.494	341	1
1525598551	20570	64.037	10.55	341	5
1525598551	20625	64.037	10.651	341	1
1525598551	20673	64.037	10.651	341	9
1525598551	20719	64.034	10.797	341	1
1525598551	20773	64.138	10.803	341	7
1525598552	19899	63.71	11.229	341	11
1525598552	19938	63.71	11.223	341	1
1525598552	19981	63.71	11.223	341	1
1525598552	20020	63.71	11.223	341	1
1525598552	20064	63.71	11.268	341	3
1525598552	20110	63.71	11.268	341	1
1525598552	20153	63.71	11.268	341	1
1525598552	20201	63.71	11.167	341	5
1525598552	20289	63.71	11.223	341	1
1525598552	20243	63.71	11.218	341	3
1525598552	20336	63.71	11.173	341	1
1525598552	20483	63.718	11.263	341	9
1525598552	20425	63.819	11.352	341	1
1525598552	20380	63.819	11.263	341	3
1525598552	20578	63.819	11.302	341	9
1525598552	20531	63.819	11.263	341	3
1525598552	20681	63.819	11.066	341	5
1525598552	20633	63.819	11.066	341	1
1525598552	20735	63.819	11.212	341	7
1525598552	20785	63.927	11.212	341	5
1525598553	19908	64.037	10.848	341	1
1525598553	19989	64.037	10.848	341	1
1525598553	19949	64.037	10.763	341	3
1525598553	20028	64.037	10.848	341	9
1525598553	20119	64.037	10.848	341	7
1525598553	20072	64.037	10.803	341	7
1525598553	20165	64.037	10.803	341	5
1525598553	20251	64.037	10.808	341	1
1525598553	20299	64.037	10.808	341	7
1525598553	20210	64.037	10.763	341	7
1525598553	20344	64.037	10.803	341	1
1525598553	20436	64.037	10.848	341	9
1525598553	20388	64.037	10.808	341	3
1525598553	20493	64.135	10.808	341	5
1525598553	20540	64.144	10.943	341	1
1525598553	20590	64.144	10.904	341	5
1525598553	20640	64.144	10.949	341	3
1525598553	20692	64.144	10.943	341	1
1525598553	20744	64.24	10.904	341	1
1525598553	20795	64.252	10.954	341	7
1525598554	19916	63.607	11.711	341	1
1525598554	19956	63.607	11.711	341	7
1525598554	19996	63.607	11.717	341	1
1525598554	20037	63.607	11.717	341	1
1525598554	20080	63.607	11.723	341	1
1525598554	20125	63.607	11.768	341	1
1525598554	20174	63.607	11.717	341	9
1525598554	20260	63.607	11.762	341	1
1525598554	20217	63.607	11.756	341	1
1525598554	20310	63.607	11.768	341	9
1525598554	20397	63.607	11.762	341	3
1525598554	20446	63.607	11.863	341	3
1525598554	20603	63.705	12.065	341	7
1525598554	20553	63.705	12.014	341	5
1525598554	20502	63.607	11.863	341	7
1525598554	20351	63.607	11.723	341	1
1525598554	20701	63.714	12.014	341	3
1525598554	20648	63.714	12.014	341	1
1525598554	20802	63.714	11.857	341	1
1525598554	20754	63.714	11.857	341	11
1525598555	19884	63.932	11.375	341	1
1525598555	19924	63.932	11.414	341	9
1525598555	20045	63.932	11.369	341	7
1525598555	20005	63.932	11.369	341	1
1525598555	19964	63.932	11.369	341	3
1525598555	20090	63.932	11.369	341	11
1525598555	20135	63.932	11.47	341	7
1525598555	20182	63.932	11.521	341	1
1525598555	20227	63.932	11.47	341	9
1525598555	20272	63.932	11.515	341	9
1525598555	20358	63.932	11.515	341	1
1525598555	20319	63.932	11.509	341	5
1525598555	20404	63.941	11.47	341	1
1525598555	20511	64.039	11.515	341	1
1525598555	20560	64.039	11.414	341	1
1525598555	20453	64.039	11.414	341	7
1525598555	20613	64.039	11.465	341	1
1525598555	20659	64.039	11.515	341	1
1525598555	20709	64.039	11.566	341	9
1525598555	20764	64.144	11.521	341	5
1525598556	19932	63.715	11.646	341	3
1525598556	19972	63.715	11.646	341	9
1525598556	20013	63.715	11.69	341	1
1525598556	19892	63.715	11.646	341	3
1525598556	20056	63.715	11.741	341	5
1525598556	20098	63.715	11.696	341	1
1525598556	20142	63.715	11.741	341	1
1525598556	20193	63.715	11.735	341	9
1525598556	20236	63.715	11.741	341	1
1525598556	20279	63.715	11.741	341	1
1525598556	20330	63.715	11.824	341	5
1525598556	20465	63.715	11.735	341	7
1525598556	20520	63.818	11.696	341	9
1525598556	20416	63.821	11.64	341	1
1525598556	20366	63.821	11.64	341	1
1525598556	20570	63.821	11.583	341	5
1525598556	20625	63.821	11.482	341	1
1525598556	20673	63.821	11.476	341	9
1525598556	20719	63.821	11.527	341	1
1525598556	20773	63.929	11.572	341	7
1525598557	19899	64.038	11.1	341	11
1525598557	19938	64.038	11.1	341	1
1525598557	19981	64.038	11.055	341	1
1525598557	20020	64.038	11.055	341	1
1525598557	20064	64.038	11.049	341	3
1525598557	20110	64.038	11.055	341	1
1525598557	20153	64.038	11.094	341	1
1525598557	20201	64.038	11.1	341	5
1525598557	20289	64.038	11.049	341	1
1525598557	20243	64.038	11.055	341	3
1525598557	20336	64.038	11.049	341	1
1525598557	20483	64.141	11.01	341	9
1525598557	20425	64.146	10.965	341	1
1525598557	20380	64.146	11.01	341	3
1525598557	20578	64.146	10.96	341	9
1525598557	20531	64.146	10.954	341	3
1525598557	20681	64.146	11.055	341	5
1525598557	20633	64.146	11.055	341	1
1525598557	20735	64.147	11.055	341	7
1525598557	20785	64.256	11.066	341	5
1525598558	20119	63.612	11.717	341	7
1525598558	20028	63.612	11.717	341	9
1525598558	20072	63.612	11.667	341	7
1525598558	19989	63.612	11.616	341	1
1525598558	19949	63.612	11.661	341	3
1525598558	19908	63.612	11.622	341	1
1525598558	20165	63.612	11.818	341	5
1525598558	20251	63.612	11.863	341	1
1525598558	20299	63.612	11.863	341	7
1525598558	20210	63.612	11.907	341	7
1525598558	20344	63.612	11.869	341	1
1525598558	20436	63.612	11.824	341	9
1525598558	20388	63.612	11.863	341	3
1525598558	20493	63.612	11.863	341	5
1525598558	20540	63.612	11.768	341	1
1525598558	20590	63.717	11.901	341	5
1525598558	20640	63.717	11.857	341	3
1525598558	20692	63.718	11.863	341	1
1525598558	20744	63.718	11.857	341	1
1525598558	20795	63.718	11.851	341	7
1525598559	19956	63.93	11.676	341	7
1525598559	19996	63.93	11.676	341	1
1525598559	19916	63.93	11.631	341	1
1525598559	20037	63.93	11.626	341	1
1525598559	20080	63.93	11.626	341	1
1525598559	20125	63.93	11.581	341	1
1525598559	20174	63.93	11.626	341	9
1525598559	20260	63.93	11.626	341	1
1525598559	20217	63.93	11.631	341	1
1525598559	20310	63.93	11.626	341	9
1525598559	20397	63.93	11.626	341	3
1525598559	20446	63.93	11.581	341	3
1525598559	20603	64.027	11.569	341	7
1525598559	20502	63.93	11.62	341	7
1525598559	20351	63.93	11.626	341	1
1525598559	20553	63.933	11.525	341	5
1525598559	20648	64.038	11.726	341	1
1525598559	20701	64.038	11.682	341	3
1525598559	20802	64.038	11.788	341	1
1525598559	20754	64.038	11.744	341	11
1525598560	19884	63.715	12.318	341	1
1525598560	19924	63.715	12.28	341	9
1525598560	19964	63.715	12.324	341	3
1525598560	20005	63.715	12.28	341	1
1525598560	20045	63.715	12.28	341	7
1525598560	20090	63.715	12.33	341	11
1525598560	20135	63.715	12.236	341	7
1525598560	20227	63.715	12.229	341	9
1525598560	20182	63.715	12.229	341	1
1525598560	20272	63.715	12.191	341	9
1525598560	20319	63.715	12.191	341	5
1525598560	20358	63.715	12.191	341	1
1525598560	20404	63.715	12.141	341	1
1525598560	20511	63.812	12.191	341	1
1525598560	20453	63.823	12.135	341	7
1525598560	20560	63.823	12.129	341	1
1525598560	20613	63.823	11.984	341	1
1525598560	20659	63.823	11.934	341	1
1525598560	20709	63.844	11.984	341	9
1525598560	20764	63.929	11.883	341	5
1525598561	19892	63.611	12.229	341	3
1525598561	20013	63.611	12.185	341	1
1525598561	19932	63.611	12.229	341	3
1525598561	19972	63.611	12.267	341	9
1525598561	20056	63.611	12.179	341	5
1525598561	20098	63.611	12.185	341	1
1525598561	20142	63.611	12.179	341	1
1525598561	20193	63.611	12.185	341	9
1525598561	20236	63.611	12.229	341	1
1525598561	20279	63.611	12.141	341	1
1525598561	20330	63.613	12.141	341	5
1525598561	20465	63.705	12.185	341	7
1525598561	20520	63.711	12.185	341	9
1525598561	20366	63.711	12.141	341	1
1525598561	20416	63.711	12.141	341	1
1525598561	20570	63.713	12.185	341	5
1525598561	20625	63.713	12.185	341	1
1525598561	20673	63.713	12.185	341	9
1525598561	20719	63.713	12.04	341	1
1525598561	20773	63.82	12.129	341	7
1525598562	19899	63.929	12.179	341	11
1525598562	19938	63.929	12.185	341	1
1525598562	20020	63.929	12.274	341	1
1525598562	19981	63.929	12.179	341	1
1525598562	20110	63.929	12.274	341	1
1525598562	20064	63.929	12.28	341	3
1525598562	20153	63.929	12.286	341	1
1525598562	20201	63.929	12.286	341	5
1525598562	20289	63.929	12.324	341	1
1525598562	20243	63.929	12.324	341	3
1525598562	20336	63.929	12.33	341	1
1525598562	20483	63.929	12.28	341	9
1525598562	20425	63.999	12.286	341	1
1525598562	20380	64.032	12.286	341	3
1525598562	20578	64.036	12.336	341	9
1525598562	20531	64.036	12.343	341	3
1525598562	20681	64.036	12.469	341	5
1525598562	20633	64.036	12.431	341	1
1525598562	20735	64.036	12.431	341	7
1525598562	20785	64.038	12.418	341	5
1525598563	19949	63.609	12.173	341	3
1525598563	19989	63.609	12.173	341	1
1525598563	19908	63.609	12.167	341	1
1525598563	20072	63.609	12.211	341	7
1525598563	20028	63.609	12.123	341	9
1525598563	20119	63.609	12.161	341	7
1525598563	20165	63.609	12.06	341	5
1525598563	20251	63.609	12.016	341	1
1525598563	20299	63.609	12.016	341	7
1525598563	20210	63.609	12.016	341	7
1525598563	20388	63.609	12.016	341	3
1525598563	20344	63.609	12.016	341	1
1525598563	20436	63.609	12.01	341	9
1525598563	20493	63.609	12.016	341	5
1525598563	20540	63.714	12.016	341	1
1525598563	20640	63.714	12.028	341	3
1525598563	20590	63.714	11.934	341	5
1525598563	20692	63.714	12.028	341	1
1525598563	20744	63.815	12.179	341	1
1525598563	20795	63.823	12.135	341	7
1525598564	19916	63.933	11.762	341	1
1525598564	19956	63.933	11.762	341	7
1525598564	19996	63.933	11.762	341	1
1525598564	20037	63.934	11.756	341	1
1525598564	20080	63.934	11.756	341	1
1525598564	20125	63.934	11.8	341	1
1525598564	20174	63.934	11.806	341	9
1525598564	20260	63.934	11.8	341	1
1525598564	20217	63.934	11.8	341	1
1525598564	20310	63.934	11.756	341	9
1525598564	20351	63.934	11.8	341	1
1525598564	20397	63.934	11.762	341	3
1525598564	20446	63.934	11.75	341	3
1525598564	20502	63.934	11.711	341	7
1525598564	20553	63.98	11.806	341	5
1525598564	20603	64.035	11.711	341	7
1525598564	20648	64.043	11.643	341	1
1525598564	20701	64.043	11.604	341	3
1525598564	20802	64.044	11.649	341	1
1525598564	20754	64.044	11.694	341	11
1525598565	19884	63.614	11.403	341	1
1525598565	19964	63.614	11.358	341	3
1525598565	20045	63.614	11.358	341	7
1525598565	19924	63.614	11.403	341	9
1525598565	20005	63.614	11.403	341	1
1525598565	20090	63.614	11.397	341	11
1525598565	20135	63.614	11.352	341	7
1525598565	20182	63.614	11.397	341	1
1525598565	20227	63.614	11.358	341	9
1525598565	20272	63.614	11.352	341	9
1525598565	20358	63.614	11.397	341	9
1525598565	20319	63.614	11.397	341	5
1525598565	20511	63.614	11.397	341	1
1525598565	20404	63.614	11.442	341	5
1525598565	20453	63.721	11.364	341	7
1525598565	20560	63.721	11.364	341	1
1525598565	20613	63.721	11.408	341	1
1525598565	20659	63.721	11.453	341	1
1525598565	20709	63.723	11.352	341	9
1525598565	20764	63.823	11.509	341	5
1525598566	19892	63.939	10.943	341	3
1525598566	19932	63.939	10.938	341	3
1525598566	19972	63.939	10.898	341	9
1525598566	20013	63.939	10.988	341	1
1525598566	20056	63.939	10.943	341	5
1525598566	20098	63.939	10.977	341	7
1525598566	20142	63.939	10.943	341	1
1525598566	20193	63.939	10.938	341	9
1525598566	20236	63.939	10.893	341	7
1525598566	20279	63.939	10.943	341	1
1525598566	20330	63.939	10.893	341	5
1525598566	20465	63.939	10.848	341	7
1525598566	20520	64.046	10.848	341	9
1525598566	20366	64.048	10.898	341	3
1525598566	20416	64.048	10.898	341	1
1525598566	20570	64.048	10.904	341	5
1525598566	20625	64.048	10.954	341	1
1525598566	20673	64.048	11.005	341	9
1525598566	20719	64.049	11.094	341	1
1525598566	20773	64.049	10.96	341	7
1525598567	19899	63.731	11.28	341	11
1525598567	19938	63.731	11.28	341	1
1525598567	19981	63.731	11.369	341	1
1525598567	20020	63.731	11.325	341	1
1525598567	20064	63.731	11.274	341	3
1525598567	20110	63.731	11.28	341	1
1525598567	20153	63.731	11.223	341	1
1525598567	20201	63.731	11.268	341	5
1525598567	20289	63.731	11.229	341	1
1525598567	20243	63.731	11.229	341	3
1525598567	20336	63.731	11.223	341	1
1525598567	20483	63.731	11.28	341	9
1525598567	20380	63.731	11.274	341	3
1525598567	20425	63.731	11.28	341	1
1525598567	20578	63.731	11.375	341	9
1525598567	20531	63.731	11.414	341	3
1525598567	20681	63.837	11.392	341	5
1525598567	20633	63.837	11.426	341	3
1525598567	20735	63.837	11.235	341	7
1525598567	20785	63.842	11.28	341	5
1525598568	19908	64.055	11.212	341	1
1525598568	19949	64.055	11.218	341	3
1525598568	19989	64.055	11.173	341	1
1525598568	20119	64.055	11.173	341	7
1525598568	20072	64.055	11.128	341	7
1525598568	20165	64.055	11.313	341	5
1525598568	20299	64.054	11.47	341	7
1525598568	20251	64.055	11.325	341	1
1525598568	20028	64.055	11.212	341	9
1525598568	20210	64.054	11.476	341	7
1525598568	20388	64.054	11.572	341	3
1525598568	20493	64.066	11.616	341	5
1525598568	20344	64.066	11.661	341	1
1525598568	20436	64.066	11.667	341	9
1525598568	20540	64.172	11.717	341	1
1525598568	20590	64.172	11.705	341	5
1525598568	20640	64.172	11.61	341	3
1525598568	20692	64.172	11.61	341	1
1525598568	20744	64.172	11.459	341	1
1525598568	20795	64.283	11.554	341	7
1525598569	19916	63.638	12.286	341	1
1525598569	19956	63.638	12.286	341	7
1525598569	19996	63.638	12.324	341	1
1525598569	20037	63.638	12.336	341	1
1525598569	20080	63.638	12.336	341	1
1525598569	20125	63.638	12.292	341	1
1525598569	20174	63.638	12.292	341	9
1525598569	20260	63.638	12.298	341	1
1525598569	20217	63.638	12.292	341	1
1525598569	20310	63.638	12.343	341	9
1525598569	20351	63.638	12.336	341	1
1525598569	20397	63.638	12.336	341	3
1525598569	20446	63.638	12.298	341	3
1525598569	20502	63.736	12.336	341	7
1525598569	20553	63.74	12.147	341	5
1525598569	20603	63.74	12.147	341	7
1525598569	20701	63.74	12.04	341	3
1525598569	20648	63.74	12.002	341	1
1525598569	20802	63.847	11.851	341	1
1525598569	20754	63.801	11.851	341	11
1525598570	19884	63.957	11.542	341	1
1525598570	19924	63.957	11.542	341	9
1525598570	20045	63.957	11.587	341	7
1525598570	19964	63.957	11.587	341	3
1525598570	20005	63.957	11.587	341	1
1525598570	20090	63.957	11.587	341	11
1525598570	20135	63.957	11.587	341	7
1525598570	20227	63.957	11.631	341	9
1525598570	20182	63.957	11.542	341	1
1525598570	20272	63.957	11.587	341	9
1525598570	20358	63.957	11.593	341	9
1525598570	20453	64.018	11.782	341	7
1525598570	20511	63.957	11.593	341	1
1525598570	20404	63.957	11.593	341	5
1525598570	20319	63.957	11.587	341	5
1525598570	20560	64.031	11.782	341	1
1525598570	20613	64.064	12.034	341	1
1525598570	20659	64.064	11.99	341	1
1525598570	20709	64.064	12.04	341	9
1525598570	20764	64.064	11.94	341	5
1525598571	19892	63.635	12.475	341	3
1525598571	19972	63.635	12.431	341	9
1525598571	19932	63.635	12.431	341	3
1525598571	20013	63.635	12.387	341	1
1525598571	20056	63.635	12.425	341	5
1525598571	20098	63.635	12.431	341	7
1525598571	20142	63.635	12.38	341	1
1525598571	20193	63.635	12.38	341	9
1525598571	20236	63.635	12.475	341	7
1525598571	20279	63.635	12.418	341	1
1525598571	20330	63.635	12.425	341	5
1525598571	20465	63.744	12.475	341	7
1525598571	20520	63.738	12.469	341	9
1525598571	20416	63.738	12.418	341	1
1525598571	20366	63.738	12.418	341	3
1525598571	20570	63.738	12.368	341	5
1525598571	20625	63.738	12.318	341	1
1525598571	20673	63.738	12.267	341	9
1525598571	20719	63.844	12.217	341	1
1525598571	20773	63.844	12.167	341	7
1525598572	19938	63.951	11.88	341	1
1525598572	20020	63.952	11.747	341	1
1525598572	19981	63.952	11.797	341	1
1525598572	19899	63.951	11.841	341	11
1525598572	20064	63.952	11.841	341	3
1525598572	20110	63.952	11.836	341	1
1525598572	20153	63.952	11.841	341	1
1525598572	20201	63.952	11.797	341	5
1525598572	20289	63.952	11.841	341	1
1525598572	20243	63.952	11.841	341	3
1525598572	20336	63.952	11.847	341	1
1525598572	20425	64.06	11.836	341	1
1525598572	20380	64.06	11.841	341	3
1525598572	20578	64.06	11.697	341	9
1525598572	20531	64.06	11.741	341	3
1525598572	20483	64.013	11.836	341	9
1525598572	20681	64.06	11.685	341	5
1525598572	20633	64.06	11.647	341	3
1525598572	20735	64.06	11.785	341	7
1525598572	20785	64.167	11.741	341	5
1525598573	19908	63.742	11.898	341	1
1525598573	19949	63.742	11.892	341	3
1525598573	19989	63.741	11.942	341	1
1525598573	20028	63.741	11.859	341	9
1525598573	20119	63.741	11.853	341	7
1525598573	20072	63.741	11.942	341	7
1525598573	20165	63.754	11.859	341	5
1525598573	20251	63.754	11.847	341	1
1525598573	20299	63.754	11.703	341	7
1525598573	20210	63.754	11.652	341	7
1525598573	20344	63.754	11.469	341	1
1525598573	20388	63.754	11.564	341	3
1525598573	20493	63.754	11.558	341	5
1525598573	20436	63.754	11.558	341	9
1525598573	20540	63.861	11.508	341	1
1525598573	20590	63.861	11.513	341	5
1525598573	20640	63.861	11.508	341	3
1525598573	20692	63.861	11.508	341	1
1525598573	20744	63.861	11.463	341	3
1525598573	20795	63.861	11.508	341	7
1525598574	19956	64.079	11.34	341	7
1525598574	19996	64.079	11.301	341	1
1525598574	19916	64.079	11.345	341	1
1525598574	20037	64.079	11.301	341	1
1525598574	20080	64.079	11.301	341	1
1525598574	20125	64.079	11.34	341	1
1525598574	20174	64.079	11.34	341	9
1525598574	20260	64.079	11.295	341	1
1525598574	20217	64.079	11.295	341	1
1525598574	20310	64.079	11.251	341	9
1525598574	20351	64.079	11.251	341	1
1525598574	20397	64.079	11.295	341	3
1525598574	20446	64.079	11.295	341	3
1525598574	20502	64.179	11.34	341	7
1525598574	20553	64.185	11.34	341	5
1525598574	20603	64.185	11.39	341	7
1525598574	20701	64.187	11.39	341	3
1525598574	20648	64.187	11.39	341	1
1525598574	20754	64.294	11.629	341	11
1525598574	20802	64.294	11.629	341	1
1525598575	19884	63.652	12.419	341	1
1525598575	19964	63.652	12.419	341	3
1525598575	19924	63.652	12.419	341	9
1525598575	20045	63.652	12.375	341	7
1525598575	20090	63.652	12.375	341	11
1525598575	20005	63.652	12.375	341	1
1525598575	20135	63.652	12.419	341	7
1525598575	20227	63.652	12.375	341	9
1525598575	20182	63.652	12.375	341	1
1525598575	20272	63.652	12.419	341	9
1525598575	20358	63.652	12.412	341	9
1525598575	20319	63.652	12.419	341	5
1525598575	20404	63.652	12.369	341	5
1525598575	20511	63.722	12.369	341	1
1525598575	20453	63.756	12.174	341	7
1525598575	20560	63.756	12.218	341	1
1525598575	20613	63.756	11.968	341	1
1525598575	20659	63.756	12.012	341	1
1525598575	20709	63.758	11.968	341	9
1525598575	20764	63.865	11.862	341	5
1525598576	19892	63.974	11.373	341	3
1525598576	19932	63.974	11.378	341	3
1525598576	19972	63.974	11.378	341	9
1525598576	20013	63.974	11.417	341	1
1525598576	20056	63.974	11.429	341	5
1525598576	20142	63.974	11.429	341	3
1525598576	20098	63.974	11.384	341	7
1525598576	20193	63.974	11.429	341	9
1525598576	20236	63.974	11.378	341	7
1525598576	20279	63.974	11.429	341	1
1525598576	20330	63.974	11.429	341	5
1525598576	20465	64.073	11.423	341	7
1525598576	20520	64.082	11.434	341	9
1525598576	20416	64.082	11.429	341	1
1525598576	20366	64.082	11.429	341	3
1525598576	20570	64.082	11.523	341	5
1525598576	20625	64.082	11.535	341	1
1525598576	20673	64.082	11.579	341	9
1525598576	20719	64.082	11.585	341	1
1525598576	20773	64.082	11.641	341	7
1525598577	19899	63.76	12.08	341	11
1525598577	19938	63.76	12.086	341	1
1525598577	19981	63.76	12.124	341	1
1525598577	20020	63.76	12.086	341	1
1525598577	20064	63.76	12.08	341	3
1525598577	20110	63.76	12.08	341	1
1525598577	20153	63.76	12.08	341	1
1525598577	20201	63.76	12.08	341	5
1525598577	20289	63.76	12.08	341	1
1525598577	20243	63.76	12.074	341	3
1525598577	20483	63.76	12.13	341	9
1525598577	20425	63.76	12.174	341	1
1525598577	20336	63.76	12.074	341	1
1525598577	20380	63.76	12.218	341	3
1525598577	20531	63.846	12.275	341	3
1525598577	20578	63.763	12.356	341	9
1525598577	20681	63.868	12.224	341	5
1525598577	20633	63.868	12.224	341	3
1525598577	20735	63.868	12.124	341	7
1525598577	20785	63.868	12.124	341	5
1525598578	19908	63.657	12.525	341	1
1525598578	19949	63.657	12.525	341	3
1525598578	19989	63.657	12.519	341	1
1525598578	20072	63.657	12.475	341	7
1525598578	20028	63.657	12.469	341	9
1525598578	20119	63.657	12.519	341	7
1525598578	20165	63.657	12.381	341	5
1525598578	20251	63.657	12.375	341	1
1525598578	20299	63.657	12.369	341	7
1525598578	20210	63.657	12.419	341	7
1525598578	20388	63.657	12.412	341	3
1525598578	20344	63.657	12.412	341	1
1525598578	20436	63.657	12.369	341	9
1525598578	20493	63.703	12.419	341	5
1525598578	20540	63.762	12.331	341	1
1525598578	20590	63.762	12.325	341	5
1525598578	20640	63.762	12.381	341	3
1525598578	20692	63.762	12.375	341	1
1525598578	20744	63.871	12.425	341	3
1525598578	20795	63.871	12.281	341	4
1525598579	19916	63.98	11.709	341	1
1525598579	19996	63.98	11.664	341	1
1525598579	19956	63.98	11.664	341	7
1525598579	20037	63.98	11.703	341	1
1525598579	20080	63.98	11.703	341	1
1525598579	20125	63.98	11.709	341	1
1525598579	20174	63.98	11.703	341	9
1525598579	20260	63.98	11.747	341	1
1525598579	20217	63.98	11.753	341	1
1525598579	20310	63.98	11.791	341	9
1525598579	20351	63.98	11.797	341	1
1525598579	20397	63.98	11.753	341	3
1525598579	20446	63.98	11.747	341	3
1525598579	20502	63.98	11.664	341	4
1525598579	20553	64.089	11.747	341	2
1525598579	20603	64.091	11.747	341	7
1525598579	20701	64.091	11.847	341	3
1525598579	20648	64.091	11.886	341	1
1525598579	20754	64.198	11.753	341	11
1525598579	20802	64.198	11.753	341	3
1525598580	19924	63.662	11.916	341	9
1525598580	19884	63.662	11.827	341	3
1525598580	19964	63.662	11.871	341	3
1525598580	20005	63.662	11.871	341	9
1525598580	20045	63.662	11.916	341	7
1525598580	20090	63.662	11.922	341	11
1525598580	20135	63.662	11.922	341	8
1525598580	20227	63.662	11.966	341	9
1525598580	20182	63.662	11.972	341	5
1525598580	20272	63.662	11.966	341	12
1525598580	20319	63.662	11.966	341	5
1525598580	20358	63.662	11.972	341	9
1525598580	20404	63.662	11.928	341	5
1525598580	20511	63.761	11.972	341	7
1525598580	20453	63.769	12.016	341	7
1525598580	20560	63.769	11.972	341	1
1525598580	20613	63.769	11.972	341	11
1525598580	20659	63.769	11.928	341	5
1525598580	20709	63.77	12.016	341	9
1525598580	20764	63.878	12.022	341	4
1525598581	19892	63.981	12.085	341	3
1525598581	19932	63.981	12.129	341	3
1525598581	19972	63.981	12.129	341	9
1525598581	20013	63.981	12.091	341	5
1525598581	20056	63.981	12.079	341	5
1525598581	20098	63.981	12.085	341	7
1525598581	20142	63.981	12.085	341	3
1525598581	20193	63.981	12.085	341	9
1525598581	20236	63.981	12.085	341	7
1525598581	20279	63.981	12.135	341	11
1525598581	20330	63.981	12.135	341	5
1525598581	20465	63.981	12.179	341	7
1525598581	20520	64.087	12.129	341	9
1525598581	20366	64.088	12.179	341	3
1525598581	20570	64.088	12.141	341	5
1525598581	20416	64.088	12.179	341	7
1525598581	20625	64.088	12.179	341	1
1525598581	20673	64.088	12.185	341	9
1525598581	20719	64.088	12.185	341	1
1525598581	20773	64.088	12.185	341	7
1525598582	19899	63.659	12.065	341	11
1525598582	19938	63.659	12.014	341	11
1525598582	19981	63.659	11.976	341	1
1525598582	20020	63.659	12.065	341	7
1525598582	20064	63.659	11.976	341	3
1525598582	20110	63.659	11.982	341	1
1525598582	20153	63.659	12.077	341	1
1525598582	20289	63.659	12.115	341	11
1525598582	20243	63.659	12.121	341	3
1525598582	20201	63.659	12.071	341	5
1525598582	20336	63.66	12.127	341	5
1525598582	20425	63.759	12.077	341	13
1525598582	20483	63.661	12.077	341	9
1525598582	20380	63.77	12.032	341	3
1525598582	20578	63.77	11.887	341	13
1525598582	20531	63.77	11.931	341	3
1525598582	20681	63.77	11.925	341	5
1525598582	20633	63.77	11.97	341	3
1525598582	20735	63.77	12.077	341	7
1525598582	20785	63.873	12.172	341	5
1525598583	19908	63.982	11.387	341	5
1525598583	19949	63.982	11.348	341	5
1525598583	19989	63.982	11.348	341	1
1525598583	20028	63.982	11.398	341	9
1525598583	20072	63.982	11.392	341	7
1525598583	20119	63.982	11.348	341	7
1525598583	20165	63.984	11.392	341	5
1525598583	20251	63.984	11.443	341	7
1525598583	20299	63.984	11.449	341	7
1525598583	20210	63.984	11.443	341	7
1525598583	20388	63.984	11.488	341	3
1525598583	20493	63.984	11.443	341	5
1525598583	20344	63.984	11.494	341	11
1525598583	20436	63.984	11.494	341	9
1525598583	20540	64.093	11.583	341	9
1525598583	20590	64.093	11.684	341	5
1525598583	20692	64.093	11.69	341	11
1525598583	20640	64.093	11.684	341	3
1525598583	20744	64.093	11.83	341	3
1525598583	20795	64.196	11.881	341	8
1525598584	19956	63.771	12.658	341	7
1525598584	19996	63.771	12.658	341	9
1525598584	19916	63.771	12.563	341	9
1525598584	20037	63.771	12.702	341	9
1525598584	20080	63.771	12.702	341	9
1525598584	20125	63.773	12.658	341	11
1525598584	20174	63.773	12.752	341	9
1525598584	20260	63.773	12.708	341	7
1525598584	20217	63.773	12.708	341	7
1525598584	20310	63.773	12.752	341	9
1525598584	20351	63.773	12.708	341	1
1525598584	20397	63.773	12.752	341	3
1525598584	20446	63.773	12.746	341	3
1525598584	20502	63.871	12.79	341	11
1525598584	20603	63.88	12.702	341	7
1525598584	20553	63.88	12.714	341	9
1525598584	20648	63.88	12.525	341	5
1525598584	20701	63.88	12.614	341	3
1525598584	20754	63.987	12.714	341	11
1525598584	20802	63.987	12.714	341	9
1525598585	19964	64.095	11.61	341	3
1525598585	20045	64.094	11.61	341	7
1525598585	20005	64.094	11.61	341	9
1525598585	19884	64.095	11.661	341	3
1525598585	19924	64.095	11.566	341	9
1525598585	20090	64.094	11.566	341	11
1525598585	20135	64.094	11.616	341	15
1525598585	20227	64.094	11.61	341	9
1525598585	20182	64.094	11.655	341	5
1525598585	20272	64.094	11.661	341	17
1525598585	20319	64.094	11.616	341	5
1525598585	20358	64.094	11.616	341	9
1525598585	20404	64.094	11.661	341	5
1525598585	20511	64.168	11.616	341	7
1525598585	20453	64.203	11.661	341	7
1525598585	20560	64.203	11.705	341	1
1525598585	20613	64.203	11.622	341	11
1525598585	20659	64.203	11.711	341	5
1525598585	20709	64.203	11.661	341	9
1525598585	20764	64.312	11.711	341	6
1525598586	19932	63.667	12.008	341	3
1525598586	19972	63.667	12.008	341	9
1525598586	20013	63.668	12.052	341	5
1525598586	19892	63.667	12.059	341	3
1525598586	20056	63.668	12.109	341	5
1525598586	20142	63.668	12.109	341	3
1525598586	20193	63.668	12.204	341	9
1525598586	20098	63.668	12.115	341	7
1525598586	20236	63.668	12.159	341	7
1525598586	20279	63.668	12.159	341	11
1525598586	20330	63.668	12.204	341	5
1525598586	20465	63.668	12.115	341	7
1525598586	20520	63.771	12.159	341	9
1525598586	20416	63.775	12.115	341	7
1525598586	20366	63.775	12.115	341	3
1525598586	20570	63.775	12.103	341	5
1525598586	20625	63.775	12.052	341	1
1525598586	20673	63.775	11.964	341	9
1525598586	20719	63.883	11.958	341	1
1525598586	20773	63.883	11.857	341	7
1525598587	19899	63.988	11.889	341	11
1525598587	19938	63.988	11.889	341	11
1525598587	19981	63.988	11.934	341	1
1525598587	20020	63.988	11.928	341	7
1525598587	20064	63.988	11.928	341	3
1525598587	20110	63.988	11.972	341	1
1525598587	20153	63.988	11.883	341	1
1525598587	20201	63.988	11.889	341	5
1525598587	20289	63.988	11.845	341	11
1525598587	20243	63.988	11.845	341	3
1525598587	20336	63.988	11.877	341	5
1525598587	20425	64.094	11.782	341	13
1525598587	20380	64.094	11.782	341	3
1525598587	20483	64.087	11.877	341	9
1525598587	20531	64.096	11.877	341	3
1525598587	20578	64.096	11.839	341	22
1525598587	20633	64.096	11.984	341	3
1525598587	20681	64.096	11.94	341	5
1525598587	20735	64.096	11.978	341	7
1525598587	20785	64.196	11.839	341	5
1525598588	19908	63.776	12.305	341	5
1525598588	19949	63.776	12.305	341	4
1525598588	19989	63.776	12.349	341	1
1525598588	20028	63.776	12.299	341	9
1525598588	20119	63.776	12.349	341	7
1525598588	20072	63.776	12.305	341	7
1525598588	20165	63.776	12.305	341	5
1525598588	20251	63.776	12.305	341	7
1525598588	20299	63.776	12.305	341	7
1525598588	20210	63.776	12.349	341	7
1525598588	20436	63.776	12.305	341	9
1525598588	20344	63.776	12.349	341	11
1525598588	20388	63.776	12.312	341	3
1525598588	20493	63.884	12.349	341	5
1525598588	20540	63.885	12.349	341	9
1525598588	20590	63.885	12.211	341	5
1525598588	20692	63.885	12.205	341	11
1525598588	20640	63.885	12.205	341	3
1525598588	20744	63.885	12.267	341	3
1525598588	20795	63.993	12.318	341	15
1525598589	19916	64.102	11.676	341	9
1525598589	19956	64.102	11.631	341	7
1525598589	19996	64.102	11.631	341	9
1525598589	20037	64.102	11.587	341	9
1525598589	20080	64.102	11.581	341	9
1525598589	20125	64.102	11.631	341	11
1525598589	20174	64.102	11.542	341	9
1525598589	20260	64.102	11.631	341	7
1525598589	20217	64.102	11.626	341	7
1525598589	20310	64.102	11.542	341	9
1525598589	20351	64.102	11.626	341	1
1525598589	20397	64.102	11.626	341	3
1525598589	20446	64.16	11.682	341	3
1525598589	20502	64.201	11.637	341	14
1525598589	20553	64.207	11.67	341	9
1525598589	20603	64.207	11.631	341	7
1525598589	20701	64.207	11.67	341	3
1525598589	20648	64.207	11.72	341	5
1525598589	20754	64.307	11.72	341	11
1525598589	20802	64.316	11.714	341	9
1525598590	19924	63.676	12.619	341	9
1525598590	19884	63.676	12.619	341	3
1525598590	20005	63.676	12.626	341	9
1525598590	20045	63.676	12.619	341	7
1525598590	19964	63.676	12.619	341	3
1525598590	20090	63.676	12.67	341	11
1525598590	20135	63.676	12.714	341	13
1525598590	20227	63.676	12.676	341	9
1525598590	20182	63.676	12.676	341	5
1525598590	20272	63.676	12.67	341	15
1525598590	20319	63.676	12.676	341	5
1525598590	20358	63.676	12.67	341	9
1525598590	20404	63.676	12.67	341	5
1525598590	20511	63.676	12.707	341	7
1525598590	20453	63.78	12.714	341	7
1525598590	20560	63.78	12.676	341	1
1525598590	20659	63.78	12.676	341	5
1525598590	20613	63.78	12.764	341	11
1525598590	20709	63.78	12.733	341	9
1525598590	20764	63.874	12.921	341	8
1525598591	19892	63.989	12.185	341	3
1525598591	19972	63.989	12.274	341	9
1525598591	19932	63.989	12.274	341	3
1525598591	20013	63.989	12.229	341	5
1525598591	20056	63.989	12.141	341	5
1525598591	20098	63.989	12.173	341	7
1525598591	20142	63.989	12.217	341	3
1525598591	20193	63.989	12.167	341	9
1525598591	20236	63.989	12.167	341	7
1525598591	20279	63.989	12.123	341	11
1525598591	20330	63.989	12.079	341	5
1525598591	20465	63.989	12.123	341	7
1525598591	20520	64.097	12.123	341	9
1525598591	20366	64.097	12.123	341	3
1525598591	20416	64.097	12.123	341	7
1525598591	20570	64.097	12.135	341	5
1525598591	20625	64.097	12.185	341	1
1525598591	20673	64.097	12.223	341	9
1525598591	20719	64.097	12.28	341	1
1525598591	20773	64.097	12.33	341	7
1525598592	19938	63.778	12.298	341	11
1525598592	19981	63.778	12.292	341	1
1525598592	19899	63.778	12.248	341	11
1525598592	20020	63.778	12.204	341	7
1525598592	20064	63.778	12.248	341	3
1525598592	20110	63.778	12.204	341	1
1525598592	20153	63.778	12.248	341	1
1525598592	20201	63.778	12.292	341	5
1525598592	20289	63.778	12.242	341	11
1525598592	20243	63.778	12.242	341	3
1525598592	20336	63.778	12.292	341	5
1525598592	20483	63.778	12.286	341	9
1525598592	20380	63.884	12.38	341	3
1525598592	20425	63.812	12.336	341	13
1525598592	20578	63.884	12.33	341	18
1525598592	20531	63.884	12.292	341	3
1525598592	20633	63.884	12.135	341	3
1525598592	20681	63.884	12.223	341	5
1525598592	20735	63.885	12.141	341	7
1525598592	20785	63.885	12.236	341	5
1525598593	19908	64.105	11.762	341	5
1525598593	19949	64.105	11.756	341	4
1525598593	19989	64.105	11.711	341	1
1525598593	20072	64.105	11.762	341	7
1525598593	20028	64.105	11.812	341	9
1525598593	20119	64.105	11.762	341	7
1525598593	20165	64.105	11.806	341	5
1525598593	20251	64.105	11.806	341	7
1525598593	20299	64.105	11.762	341	7
1525598593	20388	64.105	11.762	341	3
1525598593	20436	64.105	11.851	341	9
1525598593	20493	64.105	11.762	341	5
1525598593	20210	64.105	11.717	341	7
1525598593	20344	64.105	11.717	341	11
1525598593	20540	64.212	11.762	341	9
1525598593	20590	64.212	11.762	341	5
1525598593	20692	64.212	11.717	341	11
1525598593	20640	64.212	11.717	341	3
1525598593	20744	64.214	11.705	341	3
1525598593	20795	64.32	11.705	341	13
1525598594	19996	63.673	12.311	341	9
1525598594	19956	63.673	12.311	341	7
1525598594	19916	63.673	12.311	341	9
1525598594	20037	63.673	12.228	341	9
1525598594	20080	63.673	12.228	341	9
1525598594	20125	63.673	12.273	341	11
1525598594	20174	63.673	12.317	341	9
1525598594	20260	63.673	12.273	341	7
1525598594	20217	63.673	12.279	341	7
1525598594	20310	63.673	12.317	341	9
1525598594	20351	63.673	12.235	341	1
1525598594	20397	63.673	12.235	341	3
1525598594	20446	63.673	12.133	341	3
1525598594	20502	63.673	12.127	341	13
1525598594	20553	63.778	12.178	341	9
1525598594	20603	63.778	12.228	341	7
1525598594	20701	63.778	12.228	341	3
1525598594	20648	63.778	12.184	341	5
1525598594	20754	63.779	12.133	341	11
1525598594	20802	63.887	12.133	341	9
1525598595	19884	63.997	11.391	341	3
1525598595	19924	63.997	11.397	341	9
1525598595	20045	63.997	11.397	341	7
1525598595	19964	63.997	11.397	341	3
1525598595	20005	63.997	11.391	341	9
1525598595	20090	63.997	11.341	341	11
1525598595	20135	63.997	11.251	341	13
1525598595	20182	63.997	11.29	341	5
1525598595	20227	63.997	11.29	341	9
1525598595	20272	63.997	11.296	341	15
1525598595	20319	63.997	11.335	341	5
1525598595	20358	63.997	11.335	341	9
1525598595	20404	63.997	11.296	341	5
1525598595	20511	64.094	11.346	341	7
1525598595	20453	64.107	11.346	341	7
1525598595	20560	64.107	11.346	341	1
1525598595	20613	64.107	11.442	341	11
1525598595	20659	64.107	11.442	341	5
1525598595	20709	64.107	11.492	341	9
1525598595	20764	64.107	11.302	341	7
1525598596	19932	63.78	11.94	341	3
1525598596	19972	63.78	11.94	341	9
1525598596	20013	63.78	11.928	341	5
1525598596	19892	63.78	11.978	341	3
1525598596	20056	63.78	12.022	341	5
1525598596	20098	63.78	11.978	341	7
1525598596	20142	63.78	11.984	341	3
1525598596	20193	63.78	11.94	341	9
1525598596	20236	63.78	11.94	341	7
1525598596	20279	63.78	11.984	341	11
1525598596	20330	63.78	11.984	341	5
1525598596	20465	63.78	11.94	341	7
1525598596	20520	63.886	11.94	341	9
1525598596	20416	63.889	11.94	341	7
1525598596	20366	63.889	11.94	341	3
1525598596	20570	63.889	11.934	341	5
1525598596	20625	63.889	11.883	341	1
1525598596	20673	63.889	11.839	341	9
1525598596	20719	63.997	11.827	341	1
1525598596	20773	63.997	11.777	341	7
1525598597	19938	63.677	12.117	341	11
1525598597	19981	63.677	12.123	341	1
1525598597	19899	63.677	12.167	341	11
1525598597	20020	63.677	12.211	341	7
1525598597	20064	63.677	12.173	341	3
1525598597	20110	63.677	12.211	341	1
1525598597	20153	63.677	12.167	341	1
1525598597	20201	63.677	12.167	341	5
1525598597	20289	63.677	12.167	341	11
1525598597	20243	63.677	12.167	341	3
1525598597	20336	63.677	12.123	341	5
1525598597	20483	63.677	12.129	341	9
1525598597	20425	63.686	12.079	341	13
1525598597	20380	63.78	12.079	341	3
1525598597	20578	63.785	12.079	341	17
1525598597	20531	63.785	12.072	341	3
1525598597	20681	63.785	12.034	341	5
1525598597	20633	63.785	12.079	341	3
1525598597	20735	63.785	12.072	341	7
1525598597	20785	63.894	12.072	341	5
1525598598	19908	64.003	12.187	341	5
1525598598	19949	64.003	12.231	341	4
1525598598	19989	64.003	12.187	341	1
1525598598	20072	64.003	12.18	341	7
1525598598	20028	64.003	12.18	341	9
1525598598	20119	64.003	12.174	341	7
1525598598	20165	64.003	12.136	341	5
1525598598	20251	64.003	12.136	341	7
1525598598	20299	64.003	12.13	341	7
1525598598	20210	64.003	12.18	341	7
1525598598	20344	64.003	12.13	341	11
1525598598	20388	64.003	12.13	341	3
1525598598	20436	64.003	11.998	341	9
1525598598	20493	64.003	12.086	341	5
1525598598	20540	64.003	12.036	341	9
1525598598	20590	64.003	12.08	341	5
1525598598	20640	64.003	12.13	341	3
1525598598	20692	64.003	12.168	341	11
1525598598	20744	64.114	12.074	341	3
1525598598	20795	64.114	12.036	341	12
1525598599	19916	63.68	12.03	341	9
1525598599	19996	63.68	12.03	341	9
1525598599	19956	63.68	12.03	341	7
1525598599	20037	63.68	12.112	341	9
1525598599	20080	63.68	12.112	341	9
1525598599	20125	63.68	12.024	341	11
1525598599	20174	63.68	12.024	341	9
1525598599	20260	63.68	11.98	341	7
1525598599	20217	63.68	11.974	341	7
1525598599	20310	63.68	11.974	341	9
1525598599	20351	63.68	12.062	341	1
1525598599	20397	63.68	12.062	341	3
1525598599	20502	63.785	12.124	341	13
1525598599	20446	63.786	12.156	341	3
1525598599	20553	63.786	12.074	341	9
1525598599	20603	63.786	12.024	341	7
1525598599	20648	63.786	12.024	341	5
1525598599	20701	63.786	12.024	341	3
1525598599	20802	63.892	12.118	341	9
1525598599	20754	63.892	12.118	341	11
1525598600	19884	64.002	11.954	341	3
1525598600	19964	64.002	11.954	341	3
1525598600	20045	64.002	11.954	341	7
1525598600	19924	64.002	11.954	341	9
1525598600	20005	64.002	11.96	341	9
1525598600	20090	64.002	11.954	341	11
1525598600	20135	64.002	11.954	341	13
1525598600	20182	64.002	11.954	341	5
1525598600	20227	64.002	12.004	341	9
1525598600	20272	64.002	12.004	341	15
1525598600	20319	64.002	12.111	341	5
1525598600	20358	64.002	12.117	341	9
1525598600	20404	64.002	12.199	341	5
1525598600	20511	64.002	12.104	341	7
1525598600	20453	64.106	12.066	341	7
1525598600	20560	64.106	12.104	341	1
1525598600	20613	64.106	12.06	341	11
1525598600	20659	64.106	12.066	341	5
1525598600	20709	64.106	12.01	341	9
1525598600	20764	64.213	12.016	341	7
1525598601	19932	63.675	11.972	341	3
1525598601	19972	63.675	11.972	341	9
1525598601	19892	63.675	12.016	341	3
1525598601	20013	63.675	11.972	341	5
1525598601	20056	63.675	11.966	341	5
1525598601	20098	63.675	12.01	341	7
1525598601	20142	63.675	11.922	341	3
1525598601	20193	63.675	11.928	341	9
1525598601	20236	63.675	11.972	341	7
1525598601	20279	63.675	11.922	341	11
1525598601	20330	63.675	11.966	341	5
1525598601	20465	63.675	11.966	341	7
1525598601	20520	63.783	11.922	341	9
1525598601	20366	63.783	11.966	341	3
1525598601	20416	63.783	11.966	341	7
1525598601	20570	63.783	11.922	341	5
1525598601	20625	63.783	11.966	341	1
1525598601	20673	63.783	11.96	341	9
1525598601	20719	63.783	12.066	341	1
1525598601	20773	63.892	12.173	341	7
1525598602	19938	64.001	11.502	341	11
1525598602	19981	64.001	11.546	341	1
1525598602	19899	64.001	11.452	341	11
1525598602	20020	64.001	11.502	341	7
1525598602	20064	64.001	11.591	341	3
1525598602	20110	64.001	11.552	341	1
1525598602	20153	64.001	11.552	341	1
1525598602	20201	64.001	11.552	341	5
1525598602	20289	64.001	11.602	341	11
1525598602	20243	64.001	11.596	341	3
1525598602	20336	64.001	11.596	341	5
1525598602	20483	64.001	11.596	341	9
1525598602	20380	64.001	11.596	341	3
1525598602	20425	64.001	11.685	341	13
1525598602	20531	64.107	11.652	341	3
1525598602	20578	64.107	11.697	341	17
1525598602	20681	64.109	11.841	341	5
1525598602	20633	64.109	11.803	341	3
1525598602	20735	64.109	11.753	341	7
1525598602	20785	64.109	11.658	341	5
1525598603	19908	63.788	11.996	341	5
1525598603	19949	63.788	11.996	341	4
1525598603	19989	63.788	12.04	341	1
1525598603	20072	63.788	12.046	341	7
1525598603	20028	63.788	12.046	341	9
1525598603	20119	63.788	12.052	341	7
1525598603	20165	63.788	12.129	341	5
1525598603	20251	63.788	12.085	341	7
1525598603	20299	63.788	12.135	341	7
1525598603	20388	63.788	12.091	341	3
1525598603	20436	63.788	12.135	341	9
1525598603	20344	63.788	12.091	341	11
1525598603	20210	63.788	12.04	341	7
1525598603	20493	63.788	12.091	341	5
1525598603	20540	63.895	12.097	341	9
1525598603	20590	63.895	12.046	341	5
1525598603	20692	63.895	12.052	341	11
1525598603	20640	63.895	12.091	341	3
1525598603	20744	63.897	12.052	341	3
1525598603	20795	64.003	12.085	341	12
1525598604	19916	64.117	11.649	341	9
1525598604	19996	64.117	11.682	341	9
1525598604	19956	64.117	11.599	341	7
1525598604	20037	64.117	11.599	341	9
1525598604	20080	64.117	11.604	341	9
1525598604	20125	64.117	11.649	341	11
1525598604	20174	64.117	11.599	341	9
1525598604	20260	64.117	11.688	341	7
1525598604	20217	64.117	11.694	341	7
1525598604	20310	64.117	11.649	341	9
1525598604	20351	64.117	11.649	341	1
1525598604	20397	64.117	11.604	341	3
1525598604	20502	64.117	11.599	341	13
1525598604	20446	64.117	11.56	341	3
1525598604	20603	64.225	11.649	341	7
1525598604	20553	64.225	11.599	341	9
1525598604	20648	64.225	11.649	341	5
1525598604	20701	64.225	11.649	341	3
1525598604	20754	64.333	11.56	341	11
1525598604	20802	64.333	11.566	341	9
1525598605	20005	63.686	12.399	341	9
1525598605	20135	63.686	12.544	341	13
1525598605	19884	63.686	12.45	341	3
1525598605	19924	63.686	12.443	341	9
1525598605	20090	63.686	12.405	341	11
1525598605	20182	63.686	12.563	341	5
1525598605	19964	63.686	12.399	341	3
1525598605	20227	63.686	12.557	341	9
1525598605	20045	63.686	12.399	341	7
1525598605	20272	63.686	12.506	341	15
1525598605	20358	63.686	12.494	341	9
1525598605	20319	63.686	12.494	341	5
1525598605	20404	63.686	12.412	341	5
1525598605	20511	63.686	12.456	341	7
1525598605	20453	63.686	12.393	341	7
1525598605	20560	63.686	12.393	341	1
1525598605	20613	63.793	12.349	341	11
1525598605	20659	63.793	12.387	341	5
1525598605	20709	63.793	12.305	341	9
1525598605	20764	63.793	12.191	341	7
1525598606	19892	64.01	12.097	341	3
1525598606	19932	64.01	12.135	341	3
1525598606	20013	64.01	12.141	341	5
1525598606	19972	64.01	12.135	341	9
1525598606	20056	64.01	12.147	341	5
1525598606	20098	64.01	12.153	341	7
1525598606	20193	64.01	12.191	341	9
1525598606	20142	64.01	12.191	341	3
1525598606	20236	64.01	12.191	341	7
1525598606	20279	64.01	12.198	341	11
1525598606	20330	64.01	12.153	341	5
1525598606	20465	64.01	12.153	341	7
1525598606	20520	64.118	12.198	341	9
1525598606	20366	64.121	12.198	341	3
1525598606	20416	64.121	12.198	341	7
1525598606	20570	64.121	12.248	341	5
1525598606	20625	64.121	12.298	341	1
1525598606	20673	64.121	12.305	341	9
1525598606	20719	64.121	12.204	341	1
1525598606	20773	64.121	12.153	341	7
1525598607	19899	63.689	12.67	341	11
1525598607	19981	63.689	12.576	341	1
1525598607	20020	63.689	12.576	341	7
1525598607	20064	63.689	12.532	341	3
1525598607	19938	63.689	12.67	341	11
1525598607	20110	63.689	12.532	341	1
1525598607	20201	63.689	12.614	341	5
1525598607	20153	63.689	12.62	341	1
1525598607	20289	63.689	12.569	341	11
1525598607	20243	63.689	12.576	341	3
1525598607	20336	63.689	12.576	341	5
1525598607	20483	63.689	12.532	341	9
1525598607	20380	63.793	12.525	341	3
1525598607	20425	63.749	12.487	341	13
1525598607	20578	63.796	12.475	341	17
1525598607	20531	63.796	12.519	341	3
1525598607	20681	63.796	12.329	341	5
1525598607	20633	63.796	12.317	341	3
1525598607	20735	63.905	12.279	341	7
1525598607	20785	63.905	12.222	341	5
1525598608	19908	64.015	11.577	341	5
1525598608	19989	64.015	11.577	341	1
1525598608	19949	64.015	11.577	341	4
1525598608	20072	64.015	11.533	341	7
1525598608	20028	64.015	11.482	341	9
1525598608	20119	64.015	11.527	341	7
1525598608	20165	64.015	11.488	341	5
1525598608	20251	64.015	11.533	341	7
1525598608	20299	64.015	11.527	341	7
1525598608	20210	64.015	11.533	341	7
1525598608	20388	64.015	11.482	341	3
1525598608	20436	64.015	11.437	341	9
1525598608	20493	64.015	11.533	341	5
1525598608	20344	64.015	11.482	341	11
1525598608	20540	64.126	11.538	341	9
1525598608	20590	64.126	11.64	341	5
1525598608	20692	64.126	11.64	341	11
1525598608	20640	64.126	11.646	341	3
1525598608	20744	64.126	11.595	341	3
1525598608	20795	64.126	11.601	341	12
1525598609	19916	63.805	11.893	341	9
1525598609	19996	63.805	11.815	341	9
1525598609	19956	63.805	11.899	341	7
1525598609	20080	63.805	12.026	341	9
1525598609	20037	63.805	11.949	341	9
1525598609	20125	63.805	11.976	341	11
1525598609	20174	63.805	11.943	341	9
1525598609	20217	63.805	11.937	341	7
1525598609	20260	63.805	11.943	341	7
1525598609	20310	63.805	11.988	341	9
1525598609	20351	63.805	11.943	341	1
1525598609	20397	63.805	11.943	341	3
1525598609	20446	63.911	11.982	341	3
1525598609	20502	63.904	11.988	341	13
1525598609	20553	63.911	11.988	341	9
1525598609	20603	63.911	11.982	341	7
1525598609	20701	63.911	11.893	341	3
1525598609	20648	63.911	11.893	341	5
1525598609	20754	64.02	11.774	341	11
1525598609	20802	64.02	11.774	341	9
1525598610	19924	64.123	11.134	341	9
1525598610	19884	64.123	11.134	341	3
1525598610	20045	64.123	11.218	341	7
1525598610	19964	64.123	11.134	341	3
1525598610	20005	64.123	11.173	341	9
1525598610	20090	64.123	11.173	341	11
1525598610	20135	64.123	11.027	341	13
1525598610	20358	64.123	10.937	341	9
1525598610	20182	64.123	11.016	341	5
1525598610	20319	64.123	10.937	341	5
1525598610	20227	64.123	10.971	341	9
1525598610	20272	64.123	10.931	341	15
1525598610	20404	64.224	11.111	341	5
1525598610	20511	64.181	11.027	341	7
1525598610	20453	64.224	11.134	341	7
1525598610	20560	64.224	11.089	341	1
1525598610	20659	64.224	11.083	341	5
1525598610	20613	64.224	11.128	341	11
1525598610	20709	64.224	11.173	341	9
1525598610	20764	64.334	11.431	341	7
1525598611	19892	63.69	11.925	341	3
1525598611	19932	63.69	11.925	341	3
1525598611	19972	63.69	11.925	341	9
1525598611	20013	63.69	11.931	341	5
1525598611	20056	63.69	11.919	341	5
1525598611	20098	63.69	11.875	341	7
1525598611	20142	63.69	11.875	341	3
1525598611	20193	63.69	11.875	341	9
1525598611	20236	63.69	11.869	341	7
1525598611	20279	63.69	11.824	341	11
1525598611	20330	63.69	11.818	341	5
1525598611	20465	63.785	11.863	341	7
1525598611	20520	63.79	11.869	341	9
1525598611	20416	63.79	11.824	341	7
1525598611	20366	63.79	11.824	341	3
1525598611	20570	63.791	11.774	341	5
1525598611	20673	63.791	11.774	341	9
1525598611	20625	63.791	11.774	341	1
1525598611	20719	63.791	11.83	341	1
1525598611	20773	63.901	11.958	341	7
1525598612	19938	64.009	11.325	341	11
1525598612	19981	64.009	11.369	341	1
1525598612	19899	64.009	11.33	341	11
1525598612	20020	64.009	11.42	341	7
1525598612	20110	64.009	11.375	341	1
1525598612	20064	64.009	11.375	341	3
1525598612	20153	64.009	11.325	341	1
1525598612	20201	64.009	11.285	341	5
1525598612	20289	64.009	11.33	341	11
1525598612	20243	64.009	11.325	341	3
1525598612	20336	64.009	11.375	341	5
1525598612	20425	64.009	11.325	341	13
1525598612	20483	64.009	11.325	341	9
1525598612	20380	64.013	11.375	341	3
1525598612	20531	64.119	11.381	341	3
1525598612	20578	64.119	11.375	341	17
1525598612	20681	64.119	11.527	341	5
1525598612	20633	64.119	11.622	341	3
1525598612	20735	64.119	11.667	341	7
1525598612	20785	64.119	11.723	341	5
1525598613	19908	63.801	12.317	341	5
1525598613	19949	63.801	12.311	341	4
1525598613	19989	63.801	12.273	341	1
1525598613	20028	63.801	12.317	341	9
1525598613	20072	63.801	12.311	341	7
1525598613	20119	63.801	12.317	341	7
1525598613	20165	63.801	12.317	341	5
1525598613	20251	63.801	12.273	341	7
1525598613	20299	63.801	12.279	341	7
1525598613	20210	63.801	12.317	341	7
1525598613	20388	63.801	12.317	341	3
1525598613	20436	63.801	12.361	341	9
1525598613	20344	63.808	12.405	341	11
1525598613	20493	63.908	12.311	341	5
1525598613	20540	63.908	12.216	341	9
1525598613	20590	63.908	12.21	341	5
1525598613	20640	63.908	12.065	341	3
1525598613	20692	63.908	12.065	341	11
1525598613	20744	64.016	12.103	341	3
1525598613	20795	64.016	12.008	341	12
1525598614	19916	64.126	11.637	341	9
1525598614	19956	64.126	11.643	341	7
1525598614	19996	64.126	11.637	341	9
1525598614	20037	64.126	11.593	341	9
1525598614	20080	64.126	11.509	341	9
1525598614	20125	64.126	11.56	341	11
1525598614	20174	64.126	11.548	341	9
1525598614	20260	64.126	11.504	341	7
1525598614	20217	64.126	11.509	341	7
1525598614	20310	64.126	11.504	341	9
1525598614	20397	64.126	11.504	341	3
1525598614	20351	64.126	11.459	341	1
1525598614	20446	64.126	11.509	341	3
1525598614	20502	64.129	11.504	341	13
1525598614	20553	64.233	11.504	341	9
1525598614	20603	64.233	11.465	341	7
1525598614	20648	64.233	11.744	341	5
1525598614	20701	64.233	11.699	341	3
1525598614	20754	64.344	11.711	341	11
1525598614	20802	64.344	11.75	341	9
1525598615	19924	63.695	12.298	341	9
1525598615	20045	63.695	12.216	341	7
1525598615	19964	63.695	12.298	341	3
1525598615	19884	63.695	12.298	341	3
1525598615	20005	63.695	12.254	341	9
1525598615	20090	63.695	12.26	341	11
1525598615	20135	63.695	12.305	341	13
1525598615	20227	63.695	12.305	341	9
1525598615	20182	63.695	12.305	341	5
1525598615	20272	63.695	12.349	341	15
1525598615	20319	63.695	12.248	341	5
1525598615	20358	63.695	12.242	341	9
1525598615	20404	63.697	12.115	341	5
1525598615	20511	63.697	12.153	341	7
1525598615	20560	63.803	12.103	341	1
1525598615	20453	63.803	12.097	341	7
1525598615	20659	63.803	12.248	341	5
1525598615	20613	63.803	12.204	341	11
1525598615	20709	63.803	12.248	341	9
1525598615	20764	63.911	12.085	341	7
1525598616	19892	64.021	11.111	341	3
1525598616	19972	64.021	11.072	341	9
1525598616	19932	64.021	11.072	341	3
1525598616	20013	64.021	11.072	341	5
1525598616	20056	64.021	11.027	341	5
1525598616	20098	64.021	11.021	341	7
1525598616	20142	64.021	11.077	341	3
1525598616	20193	64.021	11.072	341	9
1525598616	20236	64.021	11.122	341	7
1525598616	20279	64.021	11.167	341	11
1525598616	20330	64.021	11.218	341	5
1525598616	20465	64.124	11.173	341	7
1525598616	20520	64.13	11.167	341	9
1525598616	20366	64.132	11.212	341	3
1525598616	20416	64.132	11.212	341	7
1525598616	20570	64.132	11.263	341	5
1525598616	20625	64.132	11.218	341	1
1525598616	20673	64.132	11.263	341	9
1525598616	20719	64.132	11.167	341	1
1525598616	20773	64.24	11.122	341	7
1525598617	19899	63.806	11.56	341	11
1525598617	19938	63.806	11.56	341	11
1525598617	19981	63.806	11.566	341	1
1525598617	20020	63.806	11.476	341	7
1525598617	20064	63.806	11.515	341	3
1525598617	20110	63.806	11.515	341	1
1525598617	20153	63.806	11.515	341	1
1525598617	20201	63.806	11.604	341	5
1525598617	20289	63.806	11.509	341	11
1525598617	20243	63.806	11.515	341	3
1525598617	20336	63.806	11.465	341	5
1525598617	20483	63.806	11.56	341	9
1525598617	20380	63.911	11.515	341	3
1525598617	20425	63.876	11.521	341	13
1525598617	20578	63.912	11.465	341	17
1525598617	20531	63.912	11.465	341	3
1525598617	20681	63.911	11.369	341	5
1525598617	20633	63.911	11.325	341	3
1525598617	20735	64.022	11.319	341	7
1525598617	20785	64.022	11.268	341	6
1525598618	19908	64.133	10.758	341	5
1525598618	19949	64.133	10.718	341	4
1525598618	19989	64.133	10.758	341	1
1525598618	20072	64.133	10.758	341	7
1525598618	20028	64.133	10.752	341	9
1525598618	20119	64.133	10.758	341	7
1525598618	20165	64.133	10.797	341	7
1525598618	20251	64.133	10.752	341	7
1525598618	20299	64.133	10.752	341	7
1525598618	20210	64.133	10.752	341	7
1525598618	20436	64.133	10.803	341	9
1525598618	20344	64.133	10.712	341	11
1525598618	20493	64.142	10.758	341	5
1525598618	20388	64.133	10.803	341	3
1525598618	20540	64.241	10.898	341	9
1525598618	20590	64.241	10.842	341	5
1525598618	20640	64.241	10.938	341	3
1525598618	20692	64.241	10.938	341	11
1525598618	20795	64.241	10.893	341	12
1525598618	20744	64.241	10.797	341	3
1525598619	19916	63.708	11.806	341	9
1525598619	19956	63.708	11.839	341	7
1525598619	19996	63.708	11.845	341	9
1525598619	20037	63.708	11.845	341	9
1525598619	20080	63.708	11.845	341	9
1525598619	20125	63.708	11.839	341	11
1525598619	20174	63.708	11.889	341	9
1525598619	20260	63.708	11.889	341	7
1525598619	20217	63.708	11.889	341	7
1525598619	20310	63.708	11.851	341	9
1525598619	20351	63.708	11.94	341	1
1525598619	20397	63.708	11.889	341	3
1525598619	20446	63.711	11.934	341	3
1525598619	20502	63.78	11.934	341	13
1525598619	20553	63.808	11.946	341	9
1525598619	20603	63.808	11.94	341	7
1525598619	20648	63.81	11.8	341	5
1525598619	20701	63.81	11.845	341	3
1525598619	20754	63.918	11.788	341	11
1525598619	20802	63.918	11.75	341	9
1525598620	19924	64.026	11.279	341	9
1525598620	19884	64.026	11.279	341	3
1525598620	19964	64.026	11.279	341	3
1525598620	20045	64.026	11.324	341	7
1525598620	20005	64.026	11.324	341	9
1525598620	20090	64.026	11.318	341	11
1525598620	20135	64.026	11.234	341	13
1525598620	20227	64.026	11.19	341	9
1525598620	20182	64.026	11.229	341	5
1525598620	20272	64.026	11.273	341	15
1525598620	20319	64.026	11.229	341	5
1525598620	20358	64.026	11.234	341	9
1525598620	20404	64.026	11.324	341	5
1525598620	20511	64.123	11.368	341	7
1525598620	20560	64.134	11.457	341	1
1525598620	20453	64.134	11.413	341	7
1525598620	20613	64.134	11.407	341	11
1525598620	20659	64.134	11.368	341	5
1525598620	20709	64.134	11.362	341	9
1525598620	20764	64.134	11.38	341	7
1525598621	19932	63.812	12.142	341	3
1525598621	19972	63.812	12.142	341	9
1525598621	20013	63.812	12.136	341	5
1525598621	19892	63.812	12.06	341	3
1525598621	20056	63.812	12.149	341	5
1525598621	20098	63.812	12.193	341	7
1525598621	20142	63.812	12.136	341	3
1525598621	20193	63.812	12.142	341	9
1525598621	20236	63.812	12.098	341	7
1525598621	20279	63.812	12.092	341	11
1525598621	20330	63.812	12.048	341	7
1525598621	20465	63.91	12.092	341	7
1525598621	20520	63.918	12.048	341	9
1525598621	20416	63.918	12.098	341	7
1525598621	20366	63.918	12.098	341	3
1525598621	20570	63.918	12.086	341	5
1525598621	20625	63.918	12.036	341	1
1525598621	20673	63.918	12.042	341	9
1525598621	20719	63.979	12.068	341	1
1525598621	20773	64.025	11.936	341	7
1525598622	19899	64.139	11.747	341	11
1525598622	19938	64.139	11.747	341	11
1525598622	19981	64.139	11.747	341	1
1525598622	20020	64.139	11.836	341	7
1525598622	20064	64.139	11.841	341	3
1525598622	20110	64.139	11.836	341	1
1525598622	20153	64.139	11.791	341	1
1525598622	20201	64.139	11.747	341	5
1525598622	20289	64.139	11.797	341	11
1525598622	20243	64.139	11.791	341	3
1525598622	20336	64.139	11.797	341	5
1525598622	20380	64.245	11.747	341	3
1525598622	20425	64.24	11.785	341	13
1525598622	20483	64.139	11.747	341	9
1525598622	20578	64.245	11.791	341	17
1525598622	20531	64.245	11.741	341	3
1525598622	20633	64.245	11.647	341	3
1525598622	20681	64.245	11.691	341	5
1525598622	20735	64.245	11.741	341	7
1525598622	20785	64.245	11.936	341	9
1525598623	19908	63.706	12.682	341	5
1525598623	19949	63.706	12.682	341	4
1525598623	19989	63.706	12.638	341	1
1525598623	20072	63.706	12.688	341	7
1525598623	20028	63.706	12.694	341	9
1525598623	20119	63.706	12.644	341	7
1525598623	20165	63.706	12.644	341	9
1525598623	20251	63.706	12.644	341	7
1525598623	20299	63.706	12.688	341	7
1525598623	20210	63.706	12.688	341	7
1525598623	20388	63.706	12.638	341	3
1525598623	20344	63.706	12.644	341	11
1525598623	20436	63.706	12.682	341	9
1525598623	20493	63.809	12.732	341	5
1525598623	20540	63.812	12.594	341	9
1525598623	20590	63.812	12.644	341	5
1525598623	20692	63.812	12.6	341	11
1525598623	20640	63.812	12.594	341	3
1525598623	20744	63.812	12.845	341	3
1525598623	20795	63.92	12.952	341	12
1525598624	19956	64.026	11.827	341	7
1525598624	19916	64.026	11.821	341	9
1525598624	19996	64.026	11.865	341	9
1525598624	20037	64.026	11.782	341	9
1525598624	20080	64.026	11.782	341	9
1525598624	20125	64.026	11.827	341	11
1525598624	20174	64.026	11.782	341	9
1525598624	20260	64.026	11.782	341	7
1525598624	20217	64.026	11.777	341	7
1525598624	20310	64.026	11.777	341	9
1525598624	20351	64.026	11.771	341	1
1525598624	20397	64.026	11.782	341	3
1525598624	20502	64.026	11.682	341	13
1525598624	20446	64.026	11.682	341	3
1525598624	20553	64.137	11.726	341	9
1525598624	20603	64.137	11.771	341	7
1525598624	20648	64.137	11.922	341	5
1525598624	20701	64.137	11.922	341	3
1525598624	20754	64.236	11.978	341	11
1525598624	20802	64.247	11.978	341	9
1525598625	19884	63.702	12.336	341	3
1525598625	19924	63.702	12.336	341	9
1525598625	19964	63.702	12.431	341	3
1525598625	20045	63.702	12.425	341	7
1525598625	20005	63.702	12.387	341	9
1525598625	20090	63.702	12.387	341	11
1525598625	20135	63.702	12.425	341	13
1525598625	20182	63.702	12.387	341	5
1525598625	20227	63.702	12.469	341	9
1525598625	20272	63.702	12.336	341	15
1525598625	20319	63.702	12.387	341	5
1525598625	20358	63.702	12.387	341	9
1525598625	20404	63.702	12.298	341	5
1525598625	20511	63.801	12.343	341	7
1525598625	20560	63.811	12.248	341	1
1525598625	20453	63.811	12.298	341	7
1525598625	20659	63.811	12.153	341	5
1525598625	20709	63.811	12.109	341	9
1525598625	20613	63.811	12.115	341	11
1525598625	20764	63.919	12.254	341	7
1525598626	19892	64.029	11.907	341	3
1525598626	19972	64.029	11.869	341	9
1525598626	20013	64.029	11.869	341	5
1525598626	19932	64.029	11.869	341	3
1525598626	20056	64.029	11.958	341	5
1525598626	20098	64.029	11.913	341	7
1525598626	20142	64.029	11.919	341	3
1525598626	20193	64.029	11.919	341	9
1525598626	20236	64.029	11.919	341	7
1525598626	20279	64.029	11.919	341	11
1525598626	20330	64.029	11.919	341	7
1525598626	20465	64.029	11.875	341	7
1525598626	20520	64.039	11.919	341	9
1525598626	20366	64.139	11.869	341	3
1525598626	20416	64.139	11.869	341	7
1525598626	20570	64.14	11.836	341	5
1525598626	20673	64.14	11.964	341	9
1525598626	20625	64.14	11.925	341	1
1525598626	20719	64.14	11.899	341	1
1525598626	20773	64.14	12.077	341	7
1525598627	19899	63.709	12.55	341	11
1525598627	19938	63.709	12.55	341	11
1525598627	19981	63.709	12.506	341	1
1525598627	20020	63.709	12.456	341	7
1525598627	20064	63.709	12.412	341	3
1525598627	20110	63.709	12.412	341	1
1525598627	20153	63.709	12.412	341	1
1525598627	20201	63.709	12.412	341	5
1525598627	20289	63.709	12.412	341	11
1525598627	20243	63.709	12.412	341	3
1525598627	20336	63.709	12.412	341	5
1525598627	20483	63.709	12.412	341	9
1525598627	20380	63.818	12.412	341	3
1525598627	20425	63.77	12.418	341	13
1525598627	20531	63.818	12.367	341	3
1525598627	20578	63.818	12.367	341	17
1525598627	20681	63.818	12.506	341	5
1525598627	20633	63.818	12.506	341	3
1525598627	20735	63.927	12.412	341	7
1525598627	20785	63.927	12.21	341	8
1525598628	19908	64.038	11.649	341	5
1525598628	19949	64.038	11.649	341	4
1525598628	19989	64.038	11.738	341	1
1525598628	20072	64.038	11.694	341	7
1525598628	20028	64.038	11.688	341	9
1525598628	20119	64.038	11.738	341	7
1525598628	20165	64.038	11.694	341	8
1525598628	20251	64.038	11.738	341	7
1525598628	20299	64.038	11.649	341	7
1525598628	20210	64.038	11.649	341	7
1525598628	20388	64.038	11.699	341	3
1525598628	20344	64.038	11.694	341	11
1525598628	20493	64.038	11.56	341	5
1525598628	20436	64.038	11.649	341	9
1525598628	20540	64.147	11.744	341	9
1525598628	20590	64.147	11.756	341	5
1525598628	20640	64.147	11.806	341	3
1525598628	20692	64.147	11.8	341	11
1525598628	20744	64.147	11.649	341	3
1525598628	20795	64.147	11.542	341	12
1525598629	19956	63.817	12.097	341	7
1525598629	19916	63.817	12.141	341	9
1525598629	19996	63.817	12.052	341	9
1525598629	20037	63.817	12.135	341	9
1525598629	20080	63.817	12.141	341	9
1525598629	20125	63.817	12.141	341	11
1525598629	20174	63.817	12.185	341	9
1525598629	20217	63.817	12.191	341	7
1525598629	20260	63.817	12.185	341	7
1525598629	20310	63.817	12.28	341	9
1525598629	20351	63.817	12.198	341	1
1525598629	20397	63.817	12.236	341	3
1525598629	20502	63.817	12.242	341	13
1525598629	20446	63.817	12.248	341	3
1525598629	20553	63.926	12.191	341	9
1525598629	20603	63.926	12.153	341	7
1525598629	20701	63.926	11.952	341	3
1525598629	20648	63.926	12.034	341	5
1525598629	20802	64.032	12.236	341	9
1525598629	20754	64.027	12.236	341	11
1525598630	19884	64.137	11.643	341	3
1525598630	19924	64.137	11.649	341	9
1525598630	19964	64.137	11.599	341	3
1525598630	20045	64.137	11.56	341	7
1525598630	20005	64.137	11.643	341	9
1525598630	20090	64.137	11.643	341	11
1525598630	20135	64.137	11.649	341	13
1525598630	20182	64.137	11.649	341	5
1525598630	20227	64.137	11.649	341	9
1525598630	20272	64.137	11.738	341	15
1525598630	20319	64.137	11.738	341	5
1525598630	20358	64.137	11.738	341	9
1525598630	20404	64.137	11.688	341	5
1525598630	20511	64.24	11.643	341	7
1525598630	20453	64.246	11.604	341	7
1525598630	20560	64.246	11.604	341	1
1525598630	20659	64.246	11.637	341	5
1525598630	20613	64.246	11.643	341	11
1525598630	20709	64.246	11.688	341	9
1525598630	20764	64.354	11.643	341	7
1525598631	19892	63.712	12.097	341	3
1525598631	19932	63.712	12.052	341	3
1525598631	20013	63.712	12.046	341	5
1525598631	19972	63.712	12.052	341	9
1525598631	20056	63.711	12.002	341	5
1525598631	20098	63.711	11.996	341	7
1525598631	20142	63.711	12.04	341	3
1525598631	20193	63.711	12.034	341	9
1525598631	20236	63.711	11.99	341	7
1525598631	20279	63.711	11.996	341	11
1525598631	20330	63.711	12.04	341	7
1525598631	20465	63.711	11.99	341	7
1525598631	20520	63.711	11.996	341	9
1525598631	20366	63.817	11.99	341	3
1525598631	20416	63.817	11.99	341	7
1525598631	20570	63.817	12.028	341	5
1525598631	20625	63.817	11.946	341	1
1525598631	20673	63.818	11.901	341	9
1525598631	20719	63.925	11.984	341	1
1525598631	20773	63.927	11.845	341	7
1525598632	19899	64.036	11.397	341	11
1525598632	19938	64.036	11.352	341	11
1525598632	20020	64.036	11.447	341	7
1525598632	19981	64.036	11.397	341	1
1525598632	20064	64.036	11.486	341	3
1525598632	20110	64.036	11.492	341	1
1525598632	20153	64.036	11.537	341	1
1525598632	20201	64.036	11.537	341	5
1525598632	20289	64.036	11.537	341	11
1525598632	20243	64.036	11.542	341	3
1525598632	20336	64.036	11.537	341	5
1525598632	20483	64.036	11.537	341	9
1525598632	20425	64.137	11.531	341	13
1525598632	20380	64.144	11.492	341	3
1525598632	20531	64.145	11.626	341	3
1525598632	20578	64.145	11.587	341	17
1525598632	20633	64.145	11.682	341	3
1525598632	20681	64.145	11.587	341	5
1525598632	20735	64.145	11.643	341	7
1525598632	20785	64.145	11.794	341	8
1525598633	19949	63.821	12.103	341	4
1525598633	19908	63.821	12.097	341	5
1525598633	19989	63.821	12.059	341	1
1525598633	20072	63.821	12.097	341	7
1525598633	20119	63.821	12.097	341	7
1525598633	20028	63.821	12.103	341	9
1525598633	20165	63.821	12.059	341	8
1525598633	20251	63.821	12.103	341	7
1525598633	20299	63.821	12.191	341	7
1525598633	20210	63.821	12.147	341	7
1525598633	20388	63.821	12.103	341	3
1525598633	20436	63.821	12.153	341	9
1525598633	20344	63.821	12.103	341	11
1525598633	20493	63.821	12.198	341	5
1525598633	20540	63.929	12.097	341	9
1525598633	20590	63.929	12.052	341	5
1525598633	20692	63.929	12.052	341	11
1525598633	20640	63.929	12.046	341	3
1525598633	20744	63.931	12.254	341	3
1525598633	20795	64.038	12.21	341	12
1525598634	19916	64.149	11.839	341	9
1525598634	19996	64.15	11.883	341	9
1525598634	20037	64.15	11.883	341	9
1525598634	19956	64.149	11.883	341	7
1525598634	20080	64.15	11.883	341	9
1525598634	20125	64.15	11.794	341	11
1525598634	20174	64.15	11.794	341	9
1525598634	20260	64.15	11.788	341	7
1525598634	20217	64.15	11.788	341	7
1525598634	20310	64.15	11.699	341	9
1525598634	20351	64.15	11.744	341	1
1525598634	20397	64.15	11.699	341	3
1525598634	20502	64.186	11.699	341	13
1525598634	20446	64.15	11.694	341	3
1525598634	20553	64.259	11.694	341	9
1525598634	20603	64.259	11.694	341	7
1525598634	20648	64.259	11.61	341	5
1525598634	20701	64.259	11.694	341	3
1525598634	20754	64.37	11.403	341	11
1525598634	20802	64.37	11.403	341	9
1525598635	19884	63.722	12.166	341	3
1525598635	20045	63.722	12.204	341	7
1525598635	20005	63.722	12.115	341	9
1525598635	19964	63.722	12.166	341	3
1525598635	20090	63.722	12.166	341	11
1525598635	19924	63.722	12.166	341	15
1525598635	20135	63.722	12.166	341	13
1525598635	20227	63.722	12.121	341	9
1525598635	20182	63.722	12.159	341	5
1525598635	20272	63.722	12.121	341	15
1525598635	20319	63.722	12.115	341	6
1525598635	20358	63.722	12.115	341	9
1525598635	20404	63.722	12.115	341	5
1525598635	20511	63.722	12.121	341	7
1525598635	20453	63.828	12.166	341	10
1525598635	20560	63.828	12.159	341	1
1525598635	20659	63.828	12.127	341	5
1525598635	20613	63.828	12.166	341	11
1525598635	20709	63.828	12.172	341	9
1525598635	20764	63.937	12.172	341	7
1525598636	19892	64.042	11.806	341	3
1525598636	19932	64.042	11.851	341	3
1525598636	19972	64.042	11.889	341	9
1525598636	20013	64.042	11.857	341	5
1525598636	20056	64.042	11.806	341	10
1525598636	20098	64.042	11.812	341	7
1525598636	20142	64.042	11.768	341	3
1525598636	20193	64.042	11.768	341	9
1525598636	20236	64.042	11.857	341	7
1525598636	20279	64.042	11.857	341	11
1525598636	20330	64.042	11.812	341	7
1525598636	20520	64.149	11.857	341	9
1525598636	20465	64.101	11.907	341	10
1525598636	20416	64.151	11.913	341	7
1525598636	20366	64.151	11.913	341	3
1525598636	20570	64.151	11.958	341	5
1525598636	20625	64.151	12.052	341	1
1525598636	20673	64.151	12.008	341	9
1525598636	20719	64.151	11.958	341	1
1525598636	20773	64.151	12.052	341	7
1525598637	19899	63.829	12.323	341	20
1525598637	19981	63.829	12.374	341	1
1525598637	19938	63.829	12.329	341	11
1525598637	20020	63.829	12.323	341	7
1525598637	20064	63.829	12.279	341	3
1525598637	20110	63.829	12.279	341	1
1525598637	20153	63.829	12.235	341	1
1525598637	20201	63.829	12.235	341	4
1525598637	20289	63.829	12.317	341	11
1525598637	20243	63.829	12.317	341	3
1525598637	20336	63.829	12.323	341	5
1525598637	20483	63.928	12.412	341	9
1525598637	20380	63.937	12.412	341	3
1525598637	20425	63.937	12.367	341	13
1525598637	20578	63.937	12.361	341	17
1525598637	20531	63.937	12.374	341	3
1525598637	20681	63.937	12.323	341	5
1525598637	20633	63.937	12.267	341	3
1525598637	20735	64.043	12.311	341	7
1525598637	20785	64.043	12.153	341	8
1525598638	19949	63.721	12.475	341	4
1525598638	19908	63.721	12.437	341	5
1525598638	19989	63.721	12.431	341	1
1525598638	20028	63.721	12.386	341	9
1525598638	20119	63.721	12.386	341	8
1525598638	20072	63.721	12.386	341	12
1525598638	20165	63.721	12.431	341	8
1525598638	20251	63.721	12.437	341	7
1525598638	20299	63.721	12.481	341	7
1525598638	20210	63.722	12.569	341	6
1525598638	20388	63.722	12.614	341	2
1525598638	20344	63.722	12.62	341	11
1525598638	20436	63.722	12.532	341	11
1525598638	20493	63.722	12.664	341	6
1525598638	20540	63.828	12.626	341	9
1525598638	20590	63.828	12.569	341	4
1525598638	20692	63.828	12.563	341	11
1525598638	20640	63.828	12.569	341	3
1525598638	20744	63.828	12.468	341	3
1525598638	20795	63.925	12.525	341	12
1525598639	19916	64.034	12.5	341	9
1525598639	19956	64.034	12.494	341	7
1525598639	19996	64.034	12.5	341	9
1525598639	20037	64.034	12.5	341	9
1525598639	20080	64.034	12.5	341	9
1525598639	20125	64.034	12.538	341	11
1525598639	20174	64.034	12.538	341	6
1525598639	20260	64.034	12.551	341	7
1525598639	20217	64.034	12.544	341	7
1525598639	20310	64.034	12.588	341	7
1525598639	20351	64.034	12.588	341	1
1525598639	20397	64.034	12.588	341	3
1525598639	20446	64.042	12.645	341	3
1525598639	20502	64.13	12.639	341	13
1525598639	20553	64.141	12.784	341	9
1525598639	20603	64.142	12.822	341	6
1525598639	20701	64.142	12.879	341	3
1525598639	20648	64.142	12.967	341	5
1525598639	20754	64.245	12.929	341	15
1525598639	20802	64.253	13.017	341	9
1525598640	19884	63.716	12.784	341	3
1525598640	19924	63.716	12.828	341	16
1525598640	20045	63.716	12.74	341	7
1525598640	19964	63.716	12.828	341	3
1525598640	20090	63.716	12.74	341	12
1525598640	20005	63.716	12.835	341	9
1525598640	20135	63.716	12.828	341	13
1525598640	20227	63.716	12.828	341	9
1525598640	20182	63.716	12.791	341	5
1525598640	20272	63.718	12.828	341	15
1525598640	20319	63.718	12.784	341	6
1525598640	20358	63.718	12.784	341	9
1525598640	20404	63.718	12.828	341	5
1525598640	20511	63.738	12.828	341	7
1525598640	20453	63.824	12.822	341	14
1525598640	20560	63.824	12.828	341	1
1525598640	20613	63.824	12.778	341	11
1525598640	20659	63.824	12.866	341	5
1525598640	20709	63.824	12.771	341	12
1525598640	20764	63.933	12.607	341	7
1525598641	19892	64.041	12.424	341	3
1525598641	19972	64.041	12.386	341	9
1525598641	19932	64.041	12.424	341	3
1525598641	20013	64.041	12.424	341	5
1525598641	20056	64.041	12.424	341	11
1525598641	20142	64.041	12.563	341	3
1525598641	20193	64.041	12.607	341	10
1525598641	20098	64.041	12.468	341	7
1525598641	20236	64.041	12.519	341	7
1525598641	20279	64.041	12.563	341	11
1525598641	20330	64.04	12.614	341	7
1525598641	20465	64.04	12.614	341	15
1525598641	20520	64.148	12.614	341	11
1525598641	20416	64.149	12.614	341	7
1525598641	20366	64.149	12.651	341	3
1525598641	20625	64.149	12.532	341	1
1525598641	20570	64.149	12.525	341	3
1525598641	20673	64.149	12.62	341	7
1525598641	20719	64.149	12.714	341	1
1525598641	20773	64.149	12.626	341	6
1525598642	19981	63.83	12.897	341	1
1525598642	20020	63.83	12.947	341	7
1525598642	19938	63.83	12.947	341	11
1525598642	19899	63.83	12.903	341	28
1525598642	20064	63.83	13.004	341	3
1525598642	20110	63.83	13.041	341	1
1525598642	20153	63.83	13.092	341	1
1525598642	20201	63.83	13.048	341	4
1525598642	20289	63.83	13.011	341	11
1525598642	20243	63.83	13.004	341	3
1525598642	20336	63.83	12.96	341	5
1525598642	20425	63.83	12.91	341	13
1525598642	20483	63.83	12.872	341	7
1525598642	20380	63.83	12.866	341	3
1525598642	20578	63.936	12.916	341	17
1525598642	20531	63.936	12.91	341	3
1525598642	20681	63.936	12.815	341	4
1525598642	20633	63.936	12.828	341	3
1525598642	20735	63.936	12.815	341	5
1525598642	20785	63.936	12.936	341	8
1525598643	19908	64.157	12.532	341	5
1525598643	19949	64.157	12.532	341	4
1525598643	19989	64.157	12.576	341	1
1525598643	20028	64.157	12.525	341	10
1525598643	20119	64.157	12.576	341	13
1525598643	20072	64.157	12.532	341	16
1525598643	20165	64.157	12.614	341	8
1525598643	20251	64.157	12.519	341	7
1525598643	20299	64.157	12.431	341	5
1525598643	20210	64.157	12.386	341	7
1525598643	20388	64.157	12.291	341	2
1525598643	20344	64.157	12.291	341	11
1525598643	20493	64.259	12.291	341	6
1525598643	20436	64.157	12.38	341	14
1525598643	20540	64.271	12.291	341	9
1525598643	20640	64.273	12.494	341	3
1525598643	20590	64.273	12.443	341	8
1525598643	20692	64.273	12.5	341	11
1525598643	20744	64.38	12.494	341	3
1525598643	20795	64.383	12.538	341	12
1525598644	19916	63.827	15.675	341	9
1525598644	19956	63.827	15.683	341	6
1525598644	19996	63.827	15.683	341	9
1525598644	20037	63.828	15.633	341	9
1525598644	20080	63.828	15.633	341	9
1525598644	20125	63.828	15.691	341	11
1525598644	20174	63.828	15.691	341	8
1525598644	20260	63.828	15.734	341	7
1525598644	20217	63.828	15.742	341	7
1525598644	20310	63.828	15.784	341	9
1525598644	20397	63.828	15.877	341	3
1525598644	20446	63.837	15.877	341	3
1525598644	20502	63.928	15.885	341	13
1525598644	20351	63.828	15.835	341	1
1525598644	20603	63.937	15.851	341	9
1525598644	20553	63.937	15.851	341	9
1525598644	20648	63.937	15.901	341	5
1525598644	20701	63.937	15.943	341	3
1525598644	20754	64.046	16.044	341	20
1525598644	20802	64.046	15.96	341	9
1525598645	19884	64.06	15.954	341	3
1525598645	20045	64.06	15.954	341	7
1525598645	19964	64.06	15.903	341	3
1525598645	19924	64.06	15.903	341	18
1525598645	20005	64.06	15.903	341	9
1525598645	20090	64.06	15.954	341	12
1525598645	20135	64.06	15.954	341	13
1525598645	20227	64.06	15.954	341	7
1525598645	20182	64.06	15.996	341	5
1525598645	20272	64.06	15.954	341	15
1525598645	20319	64.059	16.046	341	8
1525598645	20358	64.059	16.046	341	9
1525598645	20404	64.059	16.054	341	5
1525598645	20511	64.119	16.046	341	7
1525598645	20659	64.169	16.256	341	5
1525598645	20613	64.169	16.29	341	11
1525598645	20560	64.169	16.189	341	1
1525598645	20453	64.169	16.097	341	15
1525598645	20709	64.169	16.356	341	18
1525598645	20764	64.277	16.507	341	7
1525598646	19892	63.847	16.976	341	3
1525598646	19932	63.847	16.935	341	2
1525598646	19972	63.847	16.935	341	7
1525598646	20013	63.847	16.935	341	5
1525598646	20056	63.847	17.027	341	9
1525598646	20142	63.847	16.884	341	3
1525598646	20098	63.847	16.985	341	7
1525598646	20193	63.847	16.851	341	19
1525598646	20236	63.847	16.901	341	7
1525598646	20279	63.847	16.893	341	11
1525598646	20330	63.847	16.843	341	7
1525598646	20465	63.847	16.843	341	12
1525598646	20520	63.953	16.843	341	17
1525598646	20366	63.953	16.717	341	3
1525598646	20416	63.953	16.751	341	7
1525598646	20570	63.953	16.834	341	3
1525598646	20625	63.953	16.725	341	1
1525598646	20673	63.953	16.642	341	8
1525598646	20719	63.953	16.457	341	1
1525598646	20773	64.062	16.499	341	6
1525598647	19938	64.172	16.205	341	11
1525598647	19981	64.172	16.205	341	1
1525598647	20020	64.172	16.155	341	7
1525598647	20064	64.172	16.189	341	3
1525598647	20110	64.172	16.155	341	1
1525598647	19899	64.172	16.247	341	21
1525598647	20153	64.172	16.147	341	1
1525598647	20201	64.172	16.147	341	7
1525598647	20289	64.172	16.189	341	11
1525598647	20243	64.172	16.197	341	3
1525598647	20336	64.172	16.155	341	5
1525598647	20483	64.172	16.197	341	8
1525598647	20380	64.175	16.247	341	3
1525598647	20425	64.172	16.205	341	13
1525598647	20578	64.28	16.197	341	17
1525598647	20531	64.28	16.239	341	3
1525598647	20681	64.281	16.382	341	6
1525598647	20633	64.281	16.34	341	3
1525598647	20735	64.281	16.432	341	5
1525598647	20785	64.38	16.39	341	8
1525598648	19908	63.745	16.683	341	5
1525598648	19949	63.745	16.725	341	4
1525598648	19989	63.745	16.725	341	1
1525598648	20028	63.745	16.775	341	17
1525598648	20072	63.745	16.767	341	13
1525598648	20119	63.745	16.725	341	13
1525598648	20165	63.745	16.65	341	8
1525598648	20251	63.745	16.742	341	7
1525598648	20299	63.745	16.826	341	7
1525598648	20210	63.745	16.884	341	11
1525598648	20344	63.746	16.968	341	11
1525598648	20493	63.738	16.884	341	7
1525598648	20436	63.746	16.926	341	16
1525598648	20388	63.745	16.976	341	2
1525598648	20540	63.846	17.018	341	9
1525598648	20590	63.846	16.909	341	8
1525598648	20692	63.846	16.817	341	11
1525598648	20640	63.846	16.826	341	3
1525598648	20744	63.846	16.867	341	3
1525598648	20795	63.955	16.817	341	12
1525598649	19916	64.061	13.632	341	9
1525598649	19956	64.061	13.632	341	16
1525598649	19996	64.061	13.632	341	9
1525598649	20037	64.061	13.682	341	9
1525598649	20080	64.061	13.682	341	9
1525598649	20125	64.061	13.632	341	11
1525598649	20174	64.061	13.625	341	17
1525598649	20260	64.061	13.531	341	7
1525598649	20217	64.061	13.531	341	7
1525598649	20310	64.061	13.488	341	11
1525598649	20351	64.061	13.437	341	1
1525598649	20397	64.061	13.437	341	3
1525598649	20446	64.067	13.394	341	3
1525598649	20502	64.147	13.387	341	13
1525598649	20553	64.172	13.33	341	9
1525598649	20603	64.172	13.337	341	10
1525598649	20701	64.172	13.337	341	3
1525598649	20648	64.172	13.293	341	5
1525598649	20802	64.281	13.236	341	9
1525598649	20754	64.172	13.199	341	20
1525598650	19884	63.848	13.343	341	3
1525598650	19924	63.848	13.343	341	17
1525598650	19964	63.848	13.3	341	3
1525598650	20045	63.848	13.3	341	14
1525598650	20005	63.848	13.394	341	9
1525598650	20090	63.848	13.394	341	22
1525598650	20135	63.848	13.256	341	13
1525598650	20272	63.848	13.256	341	15
1525598650	20227	63.848	13.256	341	9
1525598650	20182	63.848	13.337	341	5
1525598650	20358	63.848	13.263	341	9
1525598650	20319	63.848	13.269	341	8
1525598650	20404	63.849	13.306	341	5
1525598650	20511	63.849	13.263	341	7
1525598650	20560	63.955	13.125	341	1
1525598650	20453	63.955	13.212	341	13
1525598650	20613	63.955	13.118	341	11
1525598650	20659	63.955	13.105	341	5
1525598650	20709	63.955	12.96	341	17
1525598650	20764	64.062	12.866	341	7
1525598651	19932	64.15	12.329	341	2
1525598651	19892	64.15	12.285	341	3
1525598651	19972	64.15	12.329	341	8
1525598651	20013	64.15	12.374	341	5
1525598651	20056	64.15	12.235	341	9
1525598651	20098	64.15	12.279	341	9
1525598651	20142	64.15	12.329	341	3
1525598651	20193	64.15	12.329	341	17
1525598651	20236	64.15	12.279	341	10
1525598651	20279	64.152	12.285	341	11
1525598651	20330	64.152	12.279	341	7
1525598651	20465	64.152	12.235	341	12
1525598651	20416	64.259	12.285	341	7
1525598651	20366	64.259	12.323	341	3
1525598651	20570	64.259	12.235	341	3
1525598651	20520	64.25	12.285	341	16
1525598651	20625	64.259	12.336	341	1
1525598651	20673	64.259	12.386	341	15
1525598651	20719	64.259	12.431	341	1
1525598651	20773	64.259	12.437	341	7
1525598652	19981	63.725	13.131	341	1
1525598652	19899	63.725	13.131	341	21
1525598652	19938	63.725	13.125	341	11
1525598652	20020	63.725	13.131	341	7
1525598652	20064	63.725	13.138	341	3
1525598652	20110	63.725	13.131	341	1
1525598652	20153	63.725	13.094	341	1
1525598652	20201	63.725	13.182	341	9
1525598652	20243	63.725	13.182	341	3
1525598652	20289	63.725	13.182	341	11
1525598652	20336	63.725	13.219	341	5
1525598652	20483	63.725	13.175	341	19
1525598652	20380	63.725	13.175	341	3
1525598652	20425	63.725	13.138	341	13
1525598652	20531	63.831	13.188	341	3
1525598652	20578	63.831	13.182	341	17
1525598652	20681	63.831	13.131	341	8
1525598652	20633	63.831	13.131	341	3
1525598652	20735	63.831	13.037	341	5
1525598652	20785	63.831	13.118	341	8
1525598653	19908	64.05	12.708	341	5
1525598653	19949	64.05	12.664	341	4
1525598653	19989	64.05	12.664	341	1
1525598653	20072	64.05	12.62	341	13
1525598653	20119	64.05	12.664	341	13
1525598653	20028	64.05	12.658	341	20
1525598653	20165	64.05	12.658	341	8
1525598653	20251	64.05	12.658	341	7
1525598653	20299	64.05	12.563	341	7
1525598653	20210	64.05	12.513	341	11
1525598653	20388	64.05	12.468	341	5
1525598653	20344	64.05	12.513	341	11
1525598653	20436	64.05	12.468	341	16
1525598653	20493	64.051	12.55	341	7
1525598653	20540	64.157	12.462	341	9
1525598653	20590	64.157	12.563	341	8
1525598653	20640	64.157	12.607	341	3
1525598653	20692	64.157	12.614	341	11
1525598653	20744	64.157	12.513	341	3
1525598653	20795	64.262	12.557	341	12
1525598654	19916	63.726	13.074	341	9
1525598654	19996	63.726	13.118	341	9
1525598654	19956	63.726	13.03	341	18
1525598654	20080	63.726	13.074	341	9
1525598654	20037	63.726	13.074	341	9
1525598654	20125	63.726	13.125	341	11
1525598654	20174	63.726	13.087	341	18
1525598654	20260	63.726	13.219	341	7
1525598654	20217	63.726	13.219	341	7
1525598654	20310	63.726	13.169	341	16
1525598654	20351	63.726	13.212	341	1
1525598654	20397	63.726	13.212	341	3
1525598654	20502	63.726	13.212	341	13
1525598654	20446	63.726	13.206	341	3
1525598654	20553	63.832	13.3	341	9
1525598654	20603	63.832	13.256	341	12
1525598654	20701	63.832	13.098	341	3
1525598654	20648	63.832	13.098	341	5
1525598654	20754	63.937	13.343	341	20
1525598654	20802	63.937	13.306	341	9
1525598655	19964	64.051	12.626	341	3
1525598655	19924	64.051	12.582	341	17
1525598655	19884	64.051	12.576	341	3
1525598655	20045	64.051	12.67	341	19
1525598655	20005	64.051	12.576	341	9
1525598655	20090	64.051	12.62	341	31
1525598655	20135	64.051	12.708	341	13
1525598655	20227	64.051	12.714	341	9
1525598655	20182	64.051	12.626	341	5
1525598655	20272	64.051	12.67	341	15
1525598655	20319	64.051	12.614	341	8
1525598655	20358	64.051	12.614	341	19
1525598655	20404	64.051	12.563	341	7
1525598655	20511	64.051	12.563	341	7
1525598655	20453	64.159	12.525	341	13
1525598655	20560	64.159	12.519	341	1
1525598655	20613	64.16	12.569	341	11
1525598655	20659	64.16	12.626	341	5
1525598655	20709	64.16	12.721	341	17
1525598655	20764	64.16	12.765	341	7
1525598656	19932	63.729	13.212	341	3
1525598656	19892	63.729	13.169	341	3
1525598656	20013	63.729	13.118	341	5
1525598656	19972	63.729	13.212	341	9
1525598656	20056	63.729	13.169	341	9
1525598656	20098	63.729	13.175	341	17
1525598656	20142	63.729	13.125	341	3
1525598656	20193	63.729	13.125	341	17
1525598656	20236	63.729	13.169	341	13
1525598656	20279	63.729	13.118	341	11
1525598656	20330	63.729	13.131	341	7
1525598656	20465	63.729	13.169	341	12
1525598656	20520	63.834	13.162	341	16
1525598656	20416	63.83	13.169	341	7
1525598656	20366	63.83	13.131	341	5
1525598656	20570	63.83	13.175	341	5
1525598656	20625	63.83	13.074	341	1
1525598656	20673	63.83	13.074	341	17
1525598656	20719	63.841	13.074	341	1
1525598656	20773	63.941	13.068	341	7
1525598657	19899	64.053	12.26	341	21
1525598657	19981	64.053	12.26	341	1
1525598657	20020	64.053	12.267	341	7
1525598657	19938	64.053	12.26	341	11
1525598657	20110	64.053	12.222	341	1
1525598657	20064	64.053	12.216	341	3
1525598657	20153	64.053	12.305	341	1
1525598657	20201	64.053	12.267	341	9
1525598657	20243	64.053	12.222	341	3
1525598657	20289	64.053	12.222	341	11
1525598657	20336	64.053	12.267	341	5
1525598657	20425	64.053	12.355	341	13
1525598657	20483	64.053	12.317	341	21
1525598657	20380	64.153	12.317	341	3
1525598657	20531	64.164	12.317	341	3
1525598657	20578	64.164	12.317	341	17
1525598657	20681	64.164	12.468	341	8
1525598657	20633	64.164	12.5	341	3
1525598657	20735	64.164	12.519	341	8
1525598657	20785	64.164	12.424	341	8
1525598658	19949	63.833	12.721	341	4
1525598658	19908	63.833	12.765	341	5
1525598658	19989	63.833	12.677	341	1
1525598658	20072	63.833	12.765	341	13
1525598658	20028	63.833	12.727	341	16
1525598658	20119	63.833	12.683	341	13
1525598658	20165	63.833	12.771	341	8
1525598658	20251	63.833	12.721	341	7
1525598658	20299	63.833	12.727	341	8
1525598658	20210	63.833	12.721	341	11
1525598658	20388	63.833	12.758	341	5
1525598658	20344	63.833	12.721	341	11
1525598658	20493	63.833	12.633	341	7
1525598658	20436	63.833	12.721	341	16
1525598658	20540	63.939	12.677	341	9
1525598658	20590	63.939	12.62	341	8
1525598658	20640	63.939	12.67	341	3
1525598658	20692	63.939	12.67	341	11
1525598658	20744	63.959	12.67	341	3
1525598658	20795	64.06	12.62	341	12
1525598659	19996	64.169	12.21	341	9
1525598659	19956	64.169	12.298	341	14
1525598659	19916	64.169	12.254	341	9
1525598659	20037	64.169	12.254	341	9
1525598659	20080	64.169	12.254	341	9
1525598659	20125	64.169	12.159	341	11
1525598659	20174	64.169	12.248	341	17
1525598659	20217	64.169	12.204	341	7
1525598659	20260	64.169	12.204	341	7
1525598659	20310	64.169	12.204	341	16
1525598659	20351	64.169	12.21	341	1
1525598659	20397	64.169	12.166	341	3
1525598659	20446	64.169	12.216	341	3
1525598659	20502	64.169	12.21	341	13
1525598659	20553	64.28	12.166	341	9
1525598659	20603	64.28	12.166	341	12
1525598659	20648	64.28	12.222	341	5
1525598659	20701	64.28	12.222	341	3
1525598659	20802	64.391	12.065	341	9
1525598659	20754	64.389	12.071	341	20
1525598660	19924	63.588	13.522	341	17
1525598660	19964	63.588	13.478	341	3
1525598660	19884	63.588	13.492	341	3
1525598660	20045	63.588	13.478	341	13
1525598660	20005	63.588	13.478	341	9
1525598660	20090	63.588	13.434	341	24
1525598660	20135	63.588	13.441	341	13
1525598660	20182	63.588	13.434	341	5
1525598660	20227	63.588	13.434	341	14
1525598660	20272	63.588	13.434	341	15
1525598660	20319	63.588	13.478	341	8
1525598660	20358	63.588	13.478	341	23
1525598660	20404	63.588	13.522	341	13
1525598660	20511	63.683	13.485	341	7
1525598660	20453	63.694	13.616	341	13
1525598660	20560	63.694	13.616	341	1
1525598660	20659	63.694	13.377	341	5
1525598660	20613	63.694	13.471	341	11
1525598660	20709	63.694	13.377	341	17
1525598660	20764	63.798	13.529	341	7
1525598661	19972	63.908	13.219	341	13
1525598661	19932	63.908	13.219	341	5
1525598661	19892	63.908	13.269	341	3
1525598661	20013	63.908	13.313	341	5
1525598661	20056	63.908	13.306	341	9
1525598661	20098	63.908	13.306	341	13
1525598661	20142	63.908	13.263	341	3
1525598661	20193	63.908	13.263	341	17
1525598661	20236	63.908	13.306	341	14
1525598661	20279	63.908	13.313	341	11
1525598661	20330	63.908	13.35	341	7
1525598661	20465	63.908	13.313	341	12
1525598661	20520	64.017	13.357	341	16
1525598661	20416	64.019	13.357	341	7
1525598661	20366	64.019	13.444	341	6
1525598661	20625	64.019	13.552	341	1
1525598661	20673	64.019	13.552	341	17
1525598661	20570	64.019	13.401	341	9
1525598661	20719	64.019	13.652	341	1
1525598661	20773	64.019	13.703	341	8
1525598662	19899	63.697	13.976	341	21
1525598662	19981	63.697	13.976	341	1
1525598662	19938	63.697	14.019	341	11
1525598662	20020	63.697	14.019	341	7
1525598662	20064	63.697	14.063	341	3
1525598662	20110	63.697	14.063	341	1
1525598662	20153	63.697	14.026	341	1
1525598662	20243	63.697	14.019	341	3
1525598662	20289	63.697	14.019	341	11
1525598662	20201	63.697	14.019	341	9
1525598662	20336	63.698	14.07	341	5
1525598662	20425	63.698	14.07	341	13
1525598662	20483	63.698	14.063	341	17
1525598662	20380	63.756	14.07	341	3
1525598662	20578	63.804	14.106	341	17
1525598662	20531	63.804	14.019	341	3
1525598662	20681	63.804	13.868	341	8
1525598662	20633	63.804	13.875	341	6
1525598662	20735	63.804	13.817	341	12
1525598662	20785	63.912	13.81	341	8
1525598663	19989	64.008	14.099	341	1
1525598663	20072	64.008	14.106	341	13
1525598663	19908	64.008	14.099	341	5
1525598663	20119	64.008	14.149	341	13
1525598663	19949	64.008	14.106	341	4
1525598663	20028	64.008	14.149	341	16
1525598663	20165	64.008	14.163	341	8
1525598663	20251	64.008	14.264	341	7
1525598663	20299	64.008	14.307	341	10
1525598663	20210	64.008	14.264	341	11
1525598663	20388	64.008	14.271	341	5
1525598663	20493	64.008	14.315	341	7
1525598663	20436	64.008	14.315	341	16
1525598663	20344	64.008	14.271	341	11
1525598663	20540	64.008	14.307	341	9
1525598663	20590	64.117	14.365	341	8
1525598663	20640	64.117	14.264	341	3
1525598663	20692	64.117	14.257	341	11
1525598663	20744	64.117	14.257	341	3
1525598663	20795	64.117	14.156	341	12
1525598664	19916	63.578	14.861	341	10
1525598664	19996	63.578	14.811	341	10
1525598664	19956	63.578	14.811	341	13
1525598664	20037	63.578	14.811	341	9
1525598664	20080	63.578	14.804	341	9
1525598664	20125	63.578	14.811	341	11
1525598664	20174	63.578	14.854	341	17
1525598664	20260	63.579	14.768	341	7
1525598664	20217	63.579	14.768	341	7
1525598664	20310	63.579	14.854	341	16
1525598664	20351	63.579	14.804	341	1
1525598664	20397	63.579	14.854	341	3
1525598664	20446	63.579	14.804	341	3
1525598664	20502	63.585	14.811	341	13
1525598664	20553	63.688	14.718	341	9
1525598664	20603	63.688	14.804	341	12
1525598664	20701	63.688	14.796	341	3
1525598664	20648	63.688	14.796	341	5
1525598664	20754	63.796	14.847	341	20
1525598664	20802	63.796	14.847	341	9
1525598665	19924	63.904	13.387	341	17
1525598665	19964	63.904	13.437	341	3
1525598665	20045	63.904	13.387	341	13
1525598665	19884	63.904	13.424	341	3
1525598665	20005	63.904	13.394	341	9
1525598665	20090	63.904	13.387	341	21
1525598665	20135	63.904	13.387	341	13
1525598665	20227	63.904	13.387	341	16
1525598665	20182	63.904	13.394	341	5
1525598665	20272	63.904	13.481	341	15
1525598665	20319	63.904	13.431	341	8
1525598665	20358	63.904	13.431	341	17
1525598665	20404	63.904	13.306	341	10
1525598665	20511	63.904	13.431	341	7
1525598665	20453	64.014	13.343	341	13
1525598665	20560	64.014	13.35	341	1
1525598665	20613	64.014	13.494	341	11
1525598665	20659	64.014	13.538	341	5
1525598665	20709	64.014	13.494	341	17
1525598665	20764	64.014	13.401	341	7
1525598666	19932	63.687	13.609	341	5
1525598666	19972	63.687	13.609	341	20
1525598666	20013	63.687	13.616	341	5
1525598666	19892	63.687	13.609	341	3
1525598666	20098	63.701	13.659	341	13
1525598666	20142	63.701	13.71	341	3
1525598666	20056	63.701	13.71	341	9
1525598666	20193	63.701	13.71	341	17
1525598666	20236	63.701	13.666	341	13
1525598666	20279	63.701	13.753	341	11
1525598666	20330	63.702	13.71	341	7
1525598666	20465	63.702	13.76	341	12
1525598666	20520	63.804	13.71	341	16
1525598666	20416	63.807	13.703	341	7
1525598666	20366	63.807	13.616	341	5
1525598666	20570	63.807	13.616	341	9
1525598666	20625	63.807	13.508	341	1
1525598666	20673	63.807	13.464	341	17
1525598666	20719	63.808	13.32	341	1
1525598666	20773	63.917	13.313	341	14
1525598667	19899	64.027	12.576	341	21
1525598667	19938	64.027	12.582	341	11
1525598667	19981	64.027	12.576	341	1
1525598667	20020	64.027	12.532	341	7
1525598667	20064	64.027	12.481	341	3
1525598667	20110	64.027	12.481	341	1
1525598667	20153	64.027	12.431	341	1
1525598667	20201	64.027	12.481	341	9
1525598667	20289	64.027	12.481	341	11
1525598667	20243	64.027	12.481	341	3
1525598667	20336	64.027	12.431	341	5
1525598667	20483	64.027	12.348	341	17
1525598667	20380	64.134	12.38	341	3
1525598667	20425	64.129	12.386	341	13
1525598667	20578	64.134	12.298	341	17
1525598667	20531	64.134	12.336	341	3
1525598667	20681	64.134	12.386	341	8
1525598667	20735	64.134	12.449	341	13
1525598667	20633	64.134	12.342	341	4
1525598667	20785	64.242	12.601	341	8
1525598668	19949	63.591	12.449	341	4
1525598668	19908	63.591	12.449	341	5
1525598668	19989	63.591	12.449	341	1
1525598668	20072	63.591	12.449	341	13
1525598668	20028	63.591	12.405	341	16
1525598668	20119	63.59	12.443	341	13
1525598668	20165	63.59	12.393	341	8
1525598668	20251	63.59	12.291	341	7
1525598668	20210	63.59	12.336	341	11
1525598668	20388	63.59	12.291	341	5
1525598668	20299	63.59	12.247	341	13
1525598668	20436	63.59	12.241	341	16
1525598668	20344	63.59	12.285	341	11
1525598668	20493	63.59	12.285	341	7
1525598668	20540	63.699	12.247	341	10
1525598668	20590	63.699	12.19	341	8
1525598668	20640	63.699	12.146	341	3
1525598668	20692	63.699	12.152	341	11
1525598668	20744	63.809	12.19	341	3
1525598668	20795	63.809	12.196	341	12
1525598669	19916	63.916	11.387	341	15
1525598669	19956	63.916	11.437	341	13
1525598669	19996	63.916	11.437	341	15
1525598669	20037	63.916	11.392	341	9
1525598669	20080	63.916	11.392	341	9
1525598669	20125	63.916	11.431	341	11
1525598669	20174	63.916	11.387	341	17
1525598669	20260	63.916	11.431	341	7
1525598669	20217	63.916	11.431	341	12
1525598669	20310	63.916	11.348	341	16
1525598669	20351	63.916	11.392	341	1
1525598669	20397	63.916	11.387	341	3
1525598669	20502	63.916	11.392	341	13
1525598669	20446	63.916	11.392	341	3
1525598669	20553	64.024	11.437	341	9
1525598669	20603	64.024	11.387	341	12
1525598669	20701	64.024	11.499	341	3
1525598669	20648	64.024	11.499	341	5
1525598669	20754	64.11	11.398	341	20
1525598669	20802	64.124	11.404	341	9
1525598670	19964	63.59	11.854	341	3
1525598670	19924	63.59	11.905	341	17
1525598670	20045	63.591	11.949	341	13
1525598670	19884	63.59	11.905	341	1
1525598670	20005	63.591	11.949	341	1
1525598670	20090	63.591	12	341	21
1525598670	20135	63.591	12	341	13
1525598670	20182	63.591	12.045	341	1
1525598670	20227	63.591	12.045	341	16
1525598670	20272	63.591	12	341	14
1525598670	20319	63.591	12.006	341	8
1525598670	20358	63.591	12	341	17
1525598670	20404	63.591	12.133	341	10
1525598670	20511	63.591	12.045	341	4
1525598670	20560	63.696	12.133	341	1
1525598670	20453	63.696	12.089	341	13
1525598670	20613	63.696	11.982	341	1
1525598670	20659	63.696	11.982	341	1
1525598670	20709	63.696	12.032	341	17
1525598670	20764	63.805	12.032	341	7
1525598671	19892	63.915	12.127	341	3
1525598671	19932	63.915	12.133	341	5
1525598671	19972	63.915	12.133	341	17
1525598671	20013	63.915	12.083	341	1
1525598671	20056	63.915	12.038	341	9
1525598671	20098	63.915	12.032	341	13
1525598671	20142	63.915	12.032	341	3
1525598671	20193	63.915	12.026	341	17
1525598671	20236	63.915	12.026	341	13
1525598671	20279	63.915	11.937	341	1
1525598671	20330	63.915	11.982	341	7
1525598671	20465	64.017	11.937	341	12
1525598671	20520	64.024	11.988	341	16
1525598671	20416	64.028	12.038	341	1
1525598671	20366	64.028	12.038	341	5
1525598671	20570	64.028	12.127	341	9
1525598671	20625	64.028	12.14	341	1
1525598671	20673	64.028	12.184	341	17
1525598671	20719	64.028	12.323	341	1
1525598671	20773	64.028	12.241	341	13
1525598672	19981	63.702	12.942	341	1
1525598672	19899	63.702	12.942	341	21
1525598672	19938	63.702	12.892	341	2
1525598672	20064	63.704	12.942	341	3
1525598672	20020	63.704	12.936	341	1
1525598672	20110	63.704	12.936	341	1
1525598672	20153	63.704	13.03	341	1
1525598672	20201	63.704	12.929	341	9
1525598672	20289	63.704	12.885	341	3
1525598672	20243	63.704	12.885	341	3
1525598672	20336	63.704	12.936	341	1
1525598672	20380	63.704	12.841	341	3
1525598672	20578	63.704	12.936	341	17
1525598672	20425	63.704	12.885	341	2
1525598672	20483	63.704	12.929	341	17
1525598672	20531	63.81	13.111	341	3
1525598672	20681	63.81	13.05	341	8
1525598672	20633	63.81	13.087	341	4
1525598672	20735	63.81	12.98	341	13
1525598672	20785	63.81	12.828	341	8
1525598673	19908	63.6	12.942	341	1
1525598673	19949	63.599	12.942	341	3
1525598673	20072	63.599	12.936	341	13
1525598673	20028	63.599	12.936	341	16
1525598673	20119	63.599	12.892	341	13
1525598673	20165	63.599	12.936	341	8
1525598673	19989	63.599	13.03	341	1
1525598673	20251	63.599	12.936	341	4
1525598673	20299	63.599	12.98	341	12
1525598673	20210	63.599	12.936	341	11
1525598673	20344	63.599	12.936	341	3
1525598673	20388	63.599	12.936	341	5
1525598673	20436	63.599	13.017	341	16
1525598673	20493	63.599	12.973	341	7
1525598673	20540	63.708	13.03	341	10
1525598673	20590	63.708	13.182	341	8
1525598673	20640	63.708	13.269	341	3
1525598673	20692	63.707	13.269	341	10
1525598673	20744	63.707	13.188	341	3
1525598673	20795	63.816	13.276	341	12
1525598674	19956	63.927	13.428	341	13
1525598674	19916	63.927	13.471	341	20
1525598674	19996	63.927	13.421	341	18
1525598674	20037	63.927	13.552	341	6
1525598674	20080	63.927	13.558	341	7
1525598674	20125	63.927	13.522	341	9
1525598674	20174	63.927	13.522	341	17
1525598674	20260	63.927	13.478	341	4
1525598674	20217	63.927	13.471	341	12
1525598674	20310	63.927	13.609	341	16
1525598674	20351	63.927	13.515	341	1
1525598674	20397	63.927	13.515	341	3
1525598674	20446	63.927	13.515	341	3
1525598674	20502	63.927	13.515	341	11
1525598674	20553	64.035	13.522	341	8
1525598674	20603	64.035	13.522	341	12
1525598674	20701	64.035	13.471	341	3
1525598674	20648	64.035	13.508	341	4
1525598674	20754	64.035	13.464	341	20
1525598674	20802	64.035	13.464	341	16
1525598675	19884	63.712	13.616	341	2
1525598675	19924	63.712	13.616	341	17
1525598675	20045	63.712	13.572	341	13
1525598675	19964	63.712	13.659	341	3
1525598675	20005	63.712	13.572	341	7
1525598675	20090	63.712	13.522	341	21
1525598675	20135	63.712	13.522	341	10
1525598675	20182	63.712	13.478	341	4
1525598675	20227	63.712	13.478	341	16
1525598675	20272	63.712	13.428	341	13
1525598675	20319	63.712	13.421	341	8
1525598675	20358	63.712	13.434	341	17
1525598675	20404	63.712	13.428	341	10
1525598675	20511	63.712	13.428	341	8
1525598675	20453	63.821	13.428	341	13
1525598675	20560	63.821	13.384	341	1
1525598675	20659	63.821	13.384	341	4
1525598675	20613	63.821	13.384	341	9
1525598675	20709	63.821	13.377	341	17
1525598675	20764	63.93	13.478	341	7
1525598676	19932	64.04	13.364	341	5
1525598676	20013	64.04	13.364	341	4
1525598676	19972	64.04	13.364	341	17
1525598676	19892	64.04	13.364	341	3
1525598676	20056	64.04	13.458	341	9
1525598676	20193	64.04	13.508	341	17
1525598676	20098	64.04	13.464	341	13
1525598676	20236	64.04	13.508	341	13
1525598676	20142	64.04	13.508	341	3
1525598676	20279	64.04	13.515	341	10
1525598676	20330	64.04	13.558	341	7
1525598676	20465	64.04	13.552	341	12
1525598676	20366	64.149	13.464	341	5
1525598676	20520	64.063	13.508	341	16
1525598676	20570	64.149	13.37	341	9
1525598676	20416	64.149	13.464	341	9
1525598676	20625	64.149	13.414	341	1
1525598676	20673	64.149	13.364	341	17
1525598676	20719	64.149	13.313	341	1
1525598676	20773	64.258	13.357	341	13
1525598677	19899	63.599	13.581	341	21
1525598677	19981	63.599	13.588	341	1
1525598677	19938	63.599	13.588	341	12
1525598677	20020	63.599	13.588	341	4
1525598677	20064	63.599	13.639	341	3
1525598677	20153	63.599	13.552	341	1
1525598677	20110	63.599	13.646	341	1
1525598677	20201	63.599	13.602	341	9
1525598677	20289	63.599	13.696	341	10
1525598677	20243	63.599	13.689	341	3
1525598677	20336	63.599	13.595	341	4
1525598677	20483	63.599	13.689	341	17
1525598677	20425	63.599	13.689	341	13
1525598677	20380	63.698	13.739	341	3
1525598677	20578	63.705	13.689	341	15
1525598677	20531	63.705	13.515	341	3
1525598677	20681	63.705	13.568	341	8
1525598677	20633	63.705	13.538	341	4
1525598677	20735	63.705	13.632	341	13
1525598677	20785	63.815	13.776	341	8
1525598678	19949	63.926	13.166	341	3
1525598678	19908	63.926	13.122	341	4
1525598678	19989	63.926	13.122	341	1
1525598678	20119	63.926	13.172	341	13
1525598678	20072	63.926	13.172	341	13
1525598678	20028	63.926	13.172	341	16
1525598678	20165	63.926	13.129	341	8
1525598678	20251	63.926	13.223	341	10
1525598678	20299	63.926	13.216	341	12
1525598678	20388	63.927	13.179	341	5
1525598678	20210	63.926	13.179	341	11
1525598678	20344	63.927	13.179	341	12
1525598678	20493	63.927	13.192	341	7
1525598678	20436	63.927	13.142	341	16
1525598678	20540	64.037	13.179	341	17
1525598678	20590	64.038	13.129	341	8
1525598678	20640	64.038	13.186	341	3
1525598678	20692	64.038	13.179	341	10
1525598678	20744	64.038	13.273	341	3
1525598678	20795	64.04	13.28	341	9
1525598679	19956	63.719	13.625	341	13
1525598679	19916	63.719	13.625	341	18
1525598679	19996	63.719	13.632	341	18
1525598679	20037	63.719	13.588	341	6
1525598679	20080	63.719	13.588	341	11
1525598679	20125	63.719	13.581	341	11
1525598679	20174	63.719	13.575	341	17
1525598679	20260	63.719	13.625	341	4
1525598679	20217	63.719	13.625	341	14
1525598679	20310	63.719	13.538	341	16
1525598679	20397	63.719	13.545	341	3
1525598679	20351	63.719	13.588	341	1
1525598679	20446	63.719	13.625	341	3
1525598679	20502	63.821	13.625	341	7
1525598679	20553	63.825	13.581	341	5
1525598679	20603	63.825	13.588	341	12
1525598679	20701	63.825	13.437	341	3
1525598679	20648	63.825	13.401	341	4
1525598679	20754	63.934	13.343	341	20
1525598679	20802	63.934	13.38	341	18
1525598680	19924	64.044	13.129	341	17
1525598680	19884	64.044	13.122	341	6
1525598680	20045	64.044	13.172	341	13
1525598680	20005	64.044	13.172	341	14
1525598680	19964	64.044	13.129	341	3
1525598680	20090	64.044	13.172	341	21
1525598680	20135	64.044	13.129	341	9
1525598680	20227	64.044	13.166	341	16
1525598680	20272	64.044	13.172	341	8
1525598680	20182	64.044	13.166	341	12
1525598680	20358	64.044	13.216	341	17
1525598680	20319	64.044	13.223	341	8
1525598680	20404	64.044	13.135	341	10
1525598680	20511	64.044	13.186	341	12
1525598680	20453	64.153	13.229	341	13
1525598680	20560	64.153	13.229	341	1
1525598680	20659	64.153	13.273	341	4
1525598680	20613	64.153	13.273	341	11
1525598680	20709	64.153	13.28	341	17
1525598680	20764	64.265	13.122	341	6
1525598681	19972	63.617	13.401	341	17
1525598681	19932	63.617	13.401	341	5
1525598681	20013	63.617	13.401	341	6
1525598681	19892	63.617	13.444	341	3
1525598681	20056	63.617	13.343	341	9
1525598681	20142	63.617	13.343	341	3
1525598681	20098	63.617	13.343	341	13
1525598681	20193	63.617	13.343	341	17
1525598681	20236	63.617	13.343	341	13
1525598681	20279	63.617	13.3	341	15
1525598681	20330	63.617	13.3	341	7
1525598681	20465	63.617	13.256	341	12
1525598681	20520	63.715	13.3	341	16
1525598681	20366	63.718	13.293	341	5
1525598681	20416	63.718	13.293	341	17
1525598681	20625	63.718	13.35	341	1
1525598681	20570	63.718	13.343	341	9
1525598681	20673	63.718	13.437	341	17
1525598681	20719	63.717	13.501	341	1
1525598681	20773	63.828	13.531	341	13
1525598682	19899	63.938	13.028	341	21
1525598682	19938	63.938	13.065	341	21
1525598682	19981	63.938	13.022	341	1
1525598682	20020	63.939	13.022	341	7
1525598682	20064	63.939	13.015	341	3
1525598682	20110	63.939	13.015	341	1
1525598682	20153	63.939	13.015	341	1
1525598682	20201	63.939	13.059	341	9
1525598682	20243	63.939	12.971	341	3
1525598682	20289	63.939	12.965	341	17
1525598682	20336	63.939	13.022	341	5
1525598682	20380	64.045	13.065	341	3
1525598682	20425	64.045	13.022	341	20
1525598682	20483	63.94	13.022	341	17
1525598682	20578	64.051	13.116	341	10
1525598682	20531	64.051	13.122	341	3
1525598682	20681	64.051	13.135	341	8
1525598682	20633	64.051	13.216	341	4
1525598682	20735	64.051	13.223	341	13
1525598682	20785	64.051	13.085	341	8
1525598683	19908	63.724	13.575	341	4
1525598683	19949	63.724	13.568	341	3
1525598683	19989	63.724	13.531	341	1
1525598683	20028	63.724	13.518	341	16
1525598683	20072	63.724	13.524	341	13
1525598683	20119	63.724	13.568	341	13
1525598683	20165	63.724	13.568	341	8
1525598683	20251	63.724	13.474	341	12
1525598683	20299	63.724	13.481	341	12
1525598683	20210	63.724	13.518	341	11
1525598683	20388	63.724	13.518	341	5
1525598683	20436	63.724	13.518	341	16
1525598683	20344	63.724	13.524	341	19
1525598683	20493	63.724	13.467	341	7
1525598683	20540	63.829	13.467	341	19
1525598683	20590	63.829	13.374	341	8
1525598683	20640	63.829	13.367	341	3
1525598683	20692	63.829	13.374	341	12
1525598683	20744	63.938	13.28	341	3
1525598683	20795	63.938	13.179	341	7
1525598684	19916	64.054	12.978	341	17
1525598684	19956	64.054	12.978	341	13
1525598684	19996	64.054	12.971	341	17
1525598684	20080	64.054	12.978	341	17
1525598684	20037	64.054	12.978	341	7
1525598684	20125	64.054	12.978	341	20
1525598684	20174	64.054	12.941	341	17
1525598684	20217	64.054	12.941	341	13
1525598684	20260	64.054	12.941	341	7
1525598684	20310	64.054	12.884	341	16
1525598684	20351	64.054	12.934	341	1
1525598684	20397	64.054	12.941	341	3
1525598684	20446	64.054	12.897	341	3
1525598684	20502	64.054	12.897	341	5
1525598684	20553	64.162	12.89	341	5
1525598684	20603	64.162	12.846	341	12
1525598684	20701	64.162	12.934	341	3
1525598684	20648	64.162	12.934	341	5
1525598684	20802	64.275	12.984	341	17
1525598684	20754	64.275	13.022	341	20
1525598685	19924	63.62	13.404	341	17
1525598685	19964	63.62	13.36	341	3
1525598685	20045	63.62	13.36	341	13
1525598685	20005	63.62	13.404	341	23
1525598685	20090	63.62	13.404	341	21
1525598685	20135	63.62	13.497	341	9
1525598685	19884	63.62	13.41	341	5
1525598685	20182	63.62	13.504	341	9
1525598685	20227	63.62	13.461	341	16
1525598685	20272	63.62	13.554	341	8
1525598685	20319	63.62	13.554	341	8
1525598685	20358	63.62	13.561	341	17
1525598685	20404	63.62	13.598	341	10
1525598685	20511	63.726	13.584	341	13
1525598685	20453	63.729	13.497	341	13
1525598685	20560	63.729	13.497	341	1
1525598685	20613	63.729	13.511	341	18
1525598685	20659	63.729	13.554	341	6
1525598685	20709	63.729	13.547	341	17
1525598685	20764	63.838	13.504	341	5
1525598686	19932	63.949	12.876	341	5
1525598686	19972	63.949	12.876	341	17
1525598686	19892	63.949	12.839	341	3
1525598686	20013	63.949	12.882	341	7
1525598686	20056	63.949	12.882	341	9
1525598686	20098	63.949	12.926	341	13
1525598686	20142	63.949	12.839	341	3
1525598686	20193	63.949	12.839	341	17
1525598686	20236	63.949	12.889	341	13
1525598686	20279	63.949	12.926	341	20
1525598686	20330	63.949	12.839	341	7
1525598686	20465	63.949	12.882	341	12
1525598686	20520	64.057	12.839	341	16
1525598686	20416	64.06	12.845	341	13
1525598686	20366	64.06	12.926	341	5
1525598686	20673	64.06	12.889	341	17
1525598686	20625	64.06	12.882	341	1
1525598686	20570	64.06	12.845	341	9
1525598686	20719	64.054	12.839	341	1
1525598686	20773	64.054	12.889	341	13
1525598687	19899	63.731	13.203	341	21
1525598687	19981	63.731	13.253	341	1
1525598687	19938	63.731	13.209	341	21
1525598687	20020	63.731	13.209	341	12
1525598687	20064	63.731	13.203	341	3
1525598687	20153	63.731	13.253	341	1
1525598687	20110	63.731	13.203	341	1
1525598687	20201	63.731	13.166	341	9
1525598687	20243	63.731	13.209	341	3
1525598687	20289	63.731	13.209	341	18
1525598687	20336	63.731	13.209	341	5
1525598687	20425	63.731	13.116	341	22
1525598687	20483	63.731	13.159	341	17
1525598687	20380	63.826	13.072	341	3
1525598687	20578	63.837	13.022	341	10
1525598687	20531	63.837	13.015	341	3
1525598687	20681	63.837	13.009	341	8
1525598687	20633	63.837	12.921	341	4
1525598687	20735	63.837	12.814	341	13
1525598687	20785	63.837	12.808	341	8
1525598688	19908	64.057	12.469	341	4
1525598688	19949	64.057	12.425	341	3
1525598688	19989	64.057	12.469	341	1
1525598688	20072	64.057	12.475	341	13
1525598688	20028	64.057	12.481	341	16
1525598688	20119	64.057	12.475	341	13
1525598688	20165	64.057	12.475	341	8
1525598688	20251	64.057	12.563	341	14
1525598688	20299	64.057	12.519	341	12
1525598688	20210	64.057	12.519	341	11
1525598688	20344	64.057	12.513	341	21
1525598688	20493	64.057	12.525	341	7
1525598688	20388	64.057	12.519	341	5
1525598688	20436	64.057	12.519	341	16
1525598688	20540	64.166	12.563	341	17
1525598688	20590	64.166	12.563	341	8
1525598688	20640	64.166	12.469	341	3
1525598688	20692	64.166	12.469	341	18
1525598688	20744	64.166	12.462	341	3
1525598688	20795	64.166	12.607	341	7
1525598689	19916	63.63	13.028	341	17
1525598689	19996	63.63	13.072	341	17
1525598689	20037	63.63	12.934	341	8
1525598689	19956	63.63	13.028	341	13
1525598689	20080	63.63	12.934	341	17
1525598689	20125	63.63	12.984	341	19
1525598689	20174	63.63	13.022	341	17
1525598689	20260	63.63	13.109	341	9
1525598689	20217	63.63	13.116	341	13
1525598689	20310	63.63	13.122	341	16
1525598689	20351	63.63	13.116	341	1
1525598689	20397	63.63	13.109	341	3
1525598689	20446	63.63	13.109	341	3
1525598689	20502	63.63	13.109	341	5
1525598689	20553	63.737	13.209	341	5
1525598689	20603	63.737	13.209	341	12
1525598689	20701	63.737	13.166	341	3
1525598689	20648	63.737	13.166	341	5
1525598689	20754	63.846	13.072	341	20
1525598689	20802	63.846	13.072	341	17
1525598690	19884	63.957	12.702	341	5
1525598690	20045	63.957	12.708	341	13
1525598690	19924	63.957	12.708	341	17
1525598690	19964	63.957	12.752	341	3
1525598690	20090	63.957	12.664	341	21
1525598690	20005	63.957	12.658	341	18
1525598690	20182	63.957	12.563	341	9
1525598690	20135	63.957	12.607	341	9
1525598690	20227	63.957	12.614	341	16
1525598690	20272	63.957	12.557	341	8
1525598690	20358	63.957	12.506	341	17
1525598690	20319	63.957	12.513	341	8
1525598690	20511	63.957	12.431	341	13
1525598690	20404	63.957	12.506	341	10
1525598690	20453	64.066	12.525	341	13
1525598690	20560	64.066	12.563	341	1
1525598690	20613	64.066	12.563	341	20
1525598690	20659	64.066	12.519	341	8
1525598690	20709	64.067	12.614	341	17
1525598690	20764	64.077	12.664	341	5
1525598691	19892	63.633	13.219	341	3
1525598691	19932	63.633	13.226	341	5
1525598691	19972	63.633	13.226	341	17
1525598691	20013	63.633	13.219	341	7
1525598691	20056	63.633	13.276	341	9
1525598691	20098	63.633	13.29	341	13
1525598691	20193	63.633	13.421	341	17
1525598691	20142	63.633	13.377	341	3
1525598691	20236	63.633	13.377	341	13
1525598691	20279	63.633	13.421	341	22
1525598691	20330	63.633	13.471	341	7
1525598691	20465	63.633	13.515	341	12
1525598691	20520	63.633	13.508	341	16
1525598691	20416	63.633	13.508	341	13
1525598691	20366	63.633	13.428	341	5
1525598691	20570	63.73	13.558	341	9
1525598691	20625	63.738	13.515	341	1
1525598691	20673	63.738	13.464	341	17
1525598691	20719	63.738	13.364	341	1
1525598691	20773	63.738	13.327	341	13
1525598692	19938	63.958	12.879	341	24
1525598692	19981	63.958	12.879	341	1
1525598692	19899	63.958	12.885	341	21
1525598692	20064	63.958	12.929	341	3
1525598692	20020	63.958	12.96	341	13
1525598692	20110	63.958	12.967	341	1
1525598692	20153	63.958	12.973	341	1
1525598692	20201	63.958	13.024	341	9
1525598692	20243	63.958	13.024	341	3
1525598692	20289	63.958	13.024	341	26
1525598692	20336	63.958	13.024	341	7
1525598692	20483	63.958	13.068	341	17
1525598692	20425	63.958	13.118	341	29
1525598692	20380	64.067	13.155	341	3
1525598692	20531	64.067	13.162	341	3
1525598692	20578	64.067	13.111	341	10
1525598692	20735	64.069	13.37	341	13
1525598692	20681	64.069	13.263	341	8
1525598692	20633	64.069	13.313	341	4
1525598692	20785	64.178	13.471	341	8
1525598693	19908	63.746	13.824	341	7
1525598693	19989	63.746	13.817	341	1
1525598693	19949	63.746	13.817	341	3
1525598693	20072	63.746	13.81	341	13
1525598693	20119	63.746	13.817	341	13
1525598693	20028	63.746	13.81	341	16
1525598693	20165	63.746	13.817	341	8
1525598693	20251	63.746	13.774	341	17
1525598693	20299	63.746	13.774	341	12
1525598693	20210	63.746	13.824	341	11
1525598693	20388	63.746	13.774	341	5
1525598693	20344	63.746	13.781	341	20
1525598693	20493	63.746	13.817	341	7
1525598693	20436	63.851	13.948	341	16
1525598693	20540	63.854	13.781	341	17
1525598693	20590	63.854	13.788	341	8
1525598693	20692	63.854	13.824	341	21
1525598693	20640	63.854	13.824	341	3
1525598693	20744	63.965	13.781	341	3
1525598693	20795	63.965	13.73	341	7
1525598694	19916	63.64	13.868	341	18
1525598694	19956	63.64	13.955	341	13
1525598694	19996	63.64	13.918	341	17
1525598694	20037	63.64	13.998	341	16
1525598694	20080	63.64	13.998	341	18
1525598694	20125	63.64	13.948	341	20
1525598694	20260	63.64	13.868	341	13
1525598694	20217	63.64	13.861	341	13
1525598694	20174	63.64	13.911	341	17
1525598694	20310	63.64	13.861	341	16
1525598694	20351	63.64	13.911	341	1
1525598694	20397	63.64	13.955	341	3
1525598694	20446	63.64	13.955	341	3
1525598694	20502	63.743	13.948	341	5
1525598694	20553	63.746	13.861	341	5
1525598694	20603	63.746	13.861	341	12
1525598694	20701	63.746	13.861	341	3
1525598694	20648	63.746	13.861	341	6
1525598694	20754	63.849	14.163	341	20
1525598694	20802	63.855	14.156	341	18
1525598695	19884	63.966	13.854	341	5
1525598695	19964	63.966	13.897	341	3
1525598695	20045	63.966	13.89	341	13
1525598695	19924	63.966	13.854	341	17
1525598695	20005	63.966	13.941	341	16
1525598695	20090	63.966	13.941	341	21
1525598695	20135	63.966	13.941	341	9
1525598695	20227	63.966	13.984	341	16
1525598695	20182	63.966	13.984	341	9
1525598695	20272	63.966	13.948	341	8
1525598695	20319	63.966	14.027	341	8
1525598695	20358	63.966	14.034	341	17
1525598695	20404	63.966	13.991	341	10
1525598695	20511	63.975	14.027	341	15
1525598695	20453	64.077	14.027	341	13
1525598695	20560	64.077	13.991	341	1
1525598695	20659	64.077	14.128	341	7
1525598695	20613	64.077	14.171	341	20
1525598695	20709	64.077	14.085	341	17
1525598695	20764	64.175	14.041	341	5
1525598696	19892	63.642	14.106	341	3
1525598696	20013	63.642	14.099	341	7
1525598696	19932	63.642	14.099	341	5
1525598696	19972	63.642	14.099	341	17
1525598696	20098	63.642	13.991	341	13
1525598696	20056	63.642	13.962	341	9
1525598696	20142	63.642	13.998	341	3
1525598696	20193	63.642	13.998	341	17
1525598696	20236	63.642	13.904	341	13
1525598696	20279	63.642	13.904	341	23
1525598696	20330	63.642	13.904	341	7
1525598696	20465	63.637	13.904	341	12
1525598696	20520	63.744	13.911	341	16
1525598696	20366	63.744	13.911	341	5
1525598696	20416	63.744	13.904	341	13
1525598696	20570	63.744	13.897	341	9
1525598696	20625	63.744	13.89	341	1
1525598696	20673	63.744	13.854	341	17
1525598696	20719	63.744	13.897	341	1
1525598696	20773	63.854	13.89	341	13
1525598697	19899	63.964	13.602	341	21
1525598697	19981	63.964	13.558	341	1
1525598697	19938	63.964	13.602	341	21
1525598697	20020	63.964	13.565	341	13
1525598697	20064	63.964	13.609	341	3
1525598697	20110	63.964	13.572	341	1
1525598697	20153	63.964	13.515	341	1
1525598697	20201	63.964	13.501	341	9
1525598697	20289	63.964	13.545	341	27
1525598697	20243	63.964	13.545	341	3
1525598697	20336	63.964	13.501	341	9
1525598697	20483	63.964	13.458	341	17
1525598697	20380	64.009	13.421	341	3
1525598697	20425	63.964	13.501	341	29
1525598697	20578	64.073	13.552	341	10
1525598697	20531	64.073	13.501	341	3
1525598697	20681	64.073	13.458	341	8
1525598697	20633	64.073	13.458	341	4
1525598697	20735	64.073	13.501	341	13
1525598697	20785	64.182	13.494	341	8
1525598698	19949	63.745	13.437	341	3
1525598698	19989	63.745	13.394	341	1
1525598698	19908	63.745	13.387	341	9
1525598698	20028	63.745	13.401	341	16
1525598698	20072	63.745	13.401	341	13
1525598698	20119	63.745	13.401	341	13
1525598698	20165	63.745	13.494	341	8
1525598698	20251	63.745	13.451	341	14
1525598698	20299	63.745	13.451	341	12
1525598698	20210	63.745	13.451	341	11
1525598698	20388	63.745	13.494	341	5
1525598698	20493	63.745	13.451	341	7
1525598698	20344	63.745	13.494	341	20
1525598698	20436	63.745	13.364	341	16
1525598698	20540	63.768	13.444	341	17
1525598698	20590	63.854	13.437	341	8
1525598698	20640	63.854	13.407	341	3
1525598698	20692	63.854	13.407	341	24
1525598698	20744	63.854	13.444	341	3
1525598698	20795	63.864	13.444	341	7
1525598699	19916	64.075	12.506	341	17
1525598699	19956	64.075	12.412	341	13
1525598699	20037	64.075	12.374	341	18
1525598699	20080	64.075	12.374	341	17
1525598699	19996	64.075	12.412	341	17
1525598699	20125	64.075	12.468	341	20
1525598699	20174	64.075	12.513	341	17
1525598699	20217	64.075	12.468	341	13
1525598699	20260	64.075	12.462	341	13
1525598699	20310	64.075	12.513	341	16
1525598699	20351	64.075	12.374	341	1
1525598699	20397	64.075	12.374	341	3
1525598699	20446	64.075	12.374	341	3
1525598699	20502	64.075	12.374	341	5
1525598699	20553	64.184	12.418	341	5
1525598699	20603	64.184	12.456	341	12
1525598699	20701	64.184	12.374	341	3
1525598699	20648	64.184	12.367	341	9
1525598699	20754	64.296	12.127	341	20
1525598699	20802	64.296	12.127	341	17
1525598700	19884	63.647	12.936	341	5
1525598700	19924	63.645	13.017	341	17
1525598700	19964	63.645	12.973	341	3
1525598700	20045	63.645	12.936	341	13
1525598700	20005	63.645	12.892	341	16
1525598700	20090	63.645	12.936	341	21
1525598700	20135	63.645	12.898	341	9
1525598700	20182	63.645	12.854	341	9
1525598700	20227	63.645	12.848	341	16
1525598700	20272	63.645	12.885	341	8
1525598700	20319	63.645	12.848	341	8
1525598700	20358	63.645	12.848	341	17
1525598700	20404	63.645	12.898	341	10
1525598700	20511	63.751	12.993	341	13
1525598700	20453	63.751	12.848	341	13
1525598700	20560	63.751	12.841	341	1
1525598700	20613	63.751	12.702	341	20
1525598700	20659	63.751	12.784	341	7
1525598700	20709	63.751	12.69	341	17
1525598700	20764	63.862	12.67	341	5
1525598701	19932	63.972	12.02	341	5
1525598701	19972	63.972	12.02	341	17
1525598701	19892	63.972	12.02	341	3
1525598701	20013	63.972	12.02	341	7
1525598701	20056	63.972	12.02	341	9
1525598701	20098	63.972	11.982	341	13
1525598701	20193	63.972	11.982	341	17
1525598701	20142	63.972	12.02	341	3
1525598701	20236	63.972	12.071	341	13
1525598701	20279	63.972	12.026	341	22
1525598701	20330	63.972	12.026	341	7
1525598701	20465	63.972	11.982	341	12
1525598701	20520	64.081	11.937	341	16
1525598701	20366	64.083	12.026	341	5
1525598701	20416	64.083	12.032	341	13
1525598701	20570	64.083	12.038	341	9
1525598701	20625	64.083	12.045	341	1
1525598701	20673	64.083	12.089	341	17
1525598701	20719	64.083	12.19	341	1
1525598701	20773	64.083	12.146	341	13
1525598702	19938	63.761	12.986	341	21
1525598702	19899	63.761	13.024	341	21
1525598702	19981	63.761	12.98	341	1
1525598702	20020	63.761	12.98	341	13
1525598702	20064	63.761	12.929	341	3
1525598702	20110	63.761	12.929	341	1
1525598702	20153	63.761	12.973	341	1
1525598702	20201	63.761	12.986	341	9
1525598702	20243	63.761	12.942	341	3
1525598702	20289	63.761	12.942	341	24
1525598702	20336	63.761	12.98	341	9
1525598702	20425	63.761	12.936	341	28
1525598702	20380	63.769	12.98	341	3
1525598702	20483	63.761	13.03	341	17
1525598702	20578	63.869	12.936	341	10
1525598702	20531	63.869	12.942	341	3
1525598702	20681	63.869	12.835	341	8
1525598702	20735	63.869	12.929	341	13
1525598702	20633	63.869	12.828	341	4
1525598702	20785	63.977	12.942	341	8
1525598703	19989	64.084	12.393	341	1
1525598703	20072	64.084	12.443	341	13
1525598703	19908	64.084	12.386	341	9
1525598703	20028	64.084	12.443	341	16
1525598703	20165	64.086	12.481	341	8
1525598703	20119	64.086	12.532	341	13
1525598703	20251	64.086	12.538	341	13
1525598703	19949	64.084	12.348	341	3
1525598703	20299	64.086	12.595	341	12
1525598703	20210	64.086	12.639	341	11
1525598703	20436	64.086	12.557	341	16
1525598703	20344	64.086	12.639	341	21
1525598703	20493	64.086	12.639	341	7
1525598703	20388	64.086	12.645	341	5
1525598703	20540	64.088	12.601	341	17
1525598703	20590	64.088	12.601	341	8
1525598703	20692	64.198	12.69	341	26
1525598703	20640	64.198	12.69	341	3
1525598703	20744	64.198	12.696	341	3
1525598703	20795	64.198	12.563	341	7
1525598704	19956	63.671	15.237	341	13
1525598704	19996	63.671	15.237	341	17
1525598704	20080	63.671	15.288	341	17
1525598704	19916	63.671	15.144	341	17
1525598704	20037	63.671	15.288	341	17
1525598704	20125	63.671	15.33	341	21
1525598704	20174	63.671	15.338	341	17
1525598704	20260	63.671	15.338	341	13
1525598704	20217	63.671	15.338	341	13
1525598704	20310	63.671	15.388	341	16
1525598704	20351	63.685	15.516	341	1
1525598704	20397	63.685	15.482	341	3
1525598704	20446	63.685	15.532	341	3
1525598704	20502	63.685	15.54	341	5
1525598704	20553	63.785	15.633	341	5
1525598704	20603	63.785	15.683	341	12
1525598704	20648	63.794	15.877	341	9
1525598704	20701	63.794	15.869	341	3
1525598704	20754	63.902	16.071	341	20
1525598704	20802	63.902	16.071	341	17
1525598705	20045	63.989	17.49	341	13
1525598705	19964	63.989	17.448	341	3
1525598705	20005	63.989	17.481	341	16
1525598705	19884	63.989	17.531	341	5
1525598705	19924	63.989	17.448	341	17
1525598705	20090	63.989	17.44	341	21
1525598705	20135	63.989	17.481	341	9
1525598705	20227	63.989	17.523	341	16
1525598705	20182	63.989	17.523	341	9
1525598705	20272	63.989	17.531	341	8
1525598705	20319	63.989	17.531	341	8
1525598705	20404	63.989	17.523	341	10
1525598705	20511	63.989	17.44	341	13
1525598705	20358	63.989	17.531	341	17
1525598705	20453	64.098	17.531	341	13
1525598705	20560	64.098	17.573	341	1
1525598705	20659	64.098	17.558	341	8
1525598705	20613	64.098	17.582	341	20
1525598705	20709	64.098	17.608	341	17
1525598705	20764	64.1	17.668	341	5
1525598706	19892	63.757	18.196	341	3
1525598706	19972	63.757	18.237	341	17
1525598706	19932	63.757	18.196	341	5
1525598706	20013	63.757	18.196	341	8
1525598706	20056	63.757	18.278	341	9
1525598706	20142	63.757	18.196	341	3
1525598706	20193	63.757	18.196	341	17
1525598706	20098	63.757	18.237	341	13
1525598706	20236	63.757	18.196	341	13
1525598706	20279	63.757	18.237	341	21
1525598706	20330	63.76	18.196	341	7
1525598706	20465	63.76	18.237	341	12
1525598706	20520	63.864	18.237	341	16
1525598706	20416	63.867	18.186	341	13
1525598706	20366	63.867	18.186	341	5
1525598706	20570	63.867	18.136	341	9
1525598706	20673	63.867	18.035	341	17
1525598706	20625	63.867	18.044	341	1
1525598706	20719	63.867	18.127	341	1
1525598706	20773	63.973	18.127	341	13
1525598707	19899	64.084	17.825	341	21
1525598707	19981	64.084	17.825	341	1
1525598707	19938	64.084	17.816	341	21
1525598707	20020	64.084	17.834	341	13
1525598707	20064	64.084	17.825	341	3
1525598707	20110	64.084	17.825	341	1
1525598707	20153	64.084	17.783	341	1
1525598707	20201	64.084	17.783	341	9
1525598707	20289	64.084	17.783	341	21
1525598707	20243	64.084	17.774	341	3
1525598707	20336	64.084	17.825	341	9
1525598707	20483	64.084	17.825	341	17
1525598707	20380	64.186	17.825	341	3
1525598707	20425	64.193	17.866	341	25
1525598707	20578	64.193	17.866	341	10
1525598707	20531	64.193	17.857	341	3
1525598707	20681	64.193	17.816	341	8
1525598707	20633	64.193	17.816	341	4
1525598707	20735	64.29	17.632	341	13
1525598707	20785	64.304	17.614	341	8
1525598708	19908	63.656	18.163	341	9
1525598708	19949	63.656	18.154	341	3
1525598708	20072	63.656	18.104	341	13
1525598708	19989	63.656	18.154	341	1
1525598708	20028	63.656	18.104	341	16
1525598708	20119	63.656	18.012	341	13
1525598708	20165	63.656	18.021	341	8
1525598708	20251	63.656	17.953	341	13
1525598708	20299	63.656	17.852	341	12
1525598708	20210	63.656	17.81	341	11
1525598708	20388	63.656	17.843	341	5
1525598708	20344	63.656	17.834	341	21
1525598708	20436	63.656	17.834	341	16
1525598708	20493	63.656	17.843	341	7
1525598708	20540	63.765	17.893	341	17
1525598708	20590	63.765	17.852	341	8
1525598708	20640	63.765	17.801	341	3
1525598708	20692	63.765	17.792	341	21
1525598708	20744	63.871	17.843	341	3
1525598708	20795	63.871	17.884	341	7
1525598709	19916	63.982	15.497	341	17
1525598709	19956	63.982	15.455	341	13
1525598709	19996	63.982	15.447	341	17
1525598709	20080	63.982	15.439	341	17
1525598709	20037	63.982	15.439	341	17
1525598709	20125	63.982	15.354	341	21
1525598709	20174	63.982	15.338	341	17
1525598709	20260	63.982	15.346	341	13
1525598709	20217	63.982	15.346	341	13
1525598709	20310	63.982	15.338	341	16
1525598709	20351	63.982	15.253	341	1
1525598709	20397	63.982	15.288	341	3
1525598709	20446	63.982	15.194	341	3
1525598709	20502	63.982	15.194	341	5
1525598709	20603	64.092	15.101	341	12
1525598709	20553	64.091	15.144	341	5
1525598709	20648	64.092	15.264	341	9
1525598709	20701	64.092	15.101	341	3
1525598709	20754	64.092	15.028	341	20
1525598709	20802	64.092	15.035	341	17
1525598710	20045	63.769	13.414	341	13
1525598710	19884	63.769	13.407	341	5
1525598710	19924	63.769	13.414	341	17
1525598710	19964	63.769	13.414	341	3
1525598710	20005	63.769	13.458	341	16
1525598710	20090	63.769	13.501	341	21
1525598710	20227	63.769	13.458	341	16
1525598710	20182	63.769	13.414	341	9
1525598710	20135	63.769	13.458	341	9
1525598710	20272	63.769	13.414	341	8
1525598710	20358	63.769	13.364	341	17
1525598710	20319	63.769	13.364	341	8
1525598710	20511	63.769	13.444	341	13
1525598710	20404	63.769	13.364	341	10
1525598710	20453	63.879	13.444	341	13
1525598710	20560	63.879	13.401	341	1
1525598710	20659	63.879	13.343	341	8
1525598710	20613	63.879	13.35	341	20
1525598710	20709	63.879	13.33	341	17
1525598710	20764	63.988	13.243	341	5
1525598711	19892	64.097	12.89	341	3
1525598711	19932	64.097	12.89	341	5
1525598711	19972	64.097	12.846	341	17
1525598711	20013	64.097	12.89	341	8
1525598711	20056	64.097	12.846	341	9
1525598711	20098	64.097	12.84	341	13
1525598711	20193	64.097	12.84	341	17
1525598711	20142	64.097	12.84	341	3
1525598711	20236	64.097	12.84	341	13
1525598711	20279	64.097	12.84	341	21
1525598711	20330	64.097	12.877	341	6
1525598711	20465	64.097	12.84	341	12
1525598711	20520	64.206	12.877	341	16
1525598711	20366	64.206	12.877	341	5
1525598711	20416	64.206	12.877	341	13
1525598711	20570	64.206	12.877	341	9
1525598711	20625	64.206	12.921	341	1
1525598711	20673	64.206	12.921	341	17
1525598711	20719	64.279	12.733	341	1
1525598711	20773	64.317	12.821	341	13
1525598712	19981	63.663	13.078	341	1
1525598712	19938	63.663	12.991	341	21
1525598712	19899	63.663	12.991	341	21
1525598712	20020	63.663	12.991	341	13
1525598712	20110	63.663	13.078	341	1
1525598712	20064	63.663	12.991	341	3
1525598712	20153	63.665	13.122	341	1
1525598712	20201	63.665	13.116	341	9
1525598712	20243	63.665	13.041	341	3
1525598712	20289	63.665	13.035	341	21
1525598712	20336	63.665	13.085	341	9
1525598712	20425	63.665	12.997	341	25
1525598712	20380	63.665	13.041	341	3
1525598712	20578	63.772	12.954	341	10
1525598712	20483	63.665	12.991	341	17
1525598712	20531	63.772	12.997	341	3
1525598712	20681	63.772	13.048	341	8
1525598712	20633	63.772	13.048	341	4
1525598712	20735	63.772	13.048	341	13
1525598712	20785	63.774	13.041	341	5
1525598713	19908	63.996	12.757	341	9
1525598713	19989	63.996	12.714	341	1
1525598713	19949	63.996	12.757	341	3
1525598713	20072	63.996	12.707	341	13
1525598713	20028	63.996	12.707	341	16
1525598713	20119	63.996	12.714	341	13
1525598713	20165	63.996	12.663	341	4
1525598713	20251	63.996	12.757	341	13
1525598713	20299	63.996	12.757	341	12
1525598713	20210	63.996	12.707	341	11
1525598713	20388	63.996	12.714	341	5
1525598713	20344	63.996	12.72	341	21
1525598713	20436	63.996	12.764	341	16
1525598713	20493	63.996	12.764	341	7
1525598713	20540	64.104	12.67	341	17
1525598713	20590	64.105	12.801	341	8
1525598713	20640	64.105	12.808	341	3
1525598713	20692	64.105	12.814	341	21
1525598713	20744	64.105	12.864	341	3
1525598713	20795	64.105	13.002	341	7
1525598714	19916	63.779	13.317	341	17
1525598714	19956	63.779	13.273	341	13
1525598714	19996	63.779	13.273	341	17
1525598714	20037	63.779	13.273	341	17
1525598714	20080	63.779	13.266	341	17
1525598714	20125	63.779	13.31	341	21
1525598714	20174	63.779	13.229	341	17
1525598714	20217	63.779	13.31	341	13
1525598714	20260	63.779	13.31	341	13
1525598714	20310	63.779	13.223	341	16
1525598714	20397	63.781	13.266	341	3
1525598714	20502	63.781	13.223	341	5
1525598714	20351	63.781	13.266	341	1
1525598714	20446	63.89	13.39	341	3
1525598714	20553	63.89	13.216	341	5
1525598714	20603	63.89	13.172	341	12
1525598714	20701	63.89	13.116	341	3
1525598714	20648	63.89	12.947	341	9
1525598714	20802	63.89	13.059	341	17
1525598714	20754	63.89	12.978	341	20
1525598715	19884	64.107	12.387	341	5
1525598715	19924	64.107	12.38	341	17
1525598715	20045	64.107	12.425	341	13
1525598715	19964	64.107	12.38	341	3
1525598715	20005	64.107	12.425	341	16
1525598715	20090	64.107	12.33	341	21
1525598715	20135	64.107	12.38	341	9
1525598715	20182	64.107	12.425	341	9
1525598715	20227	64.107	12.38	341	16
1525598715	20272	64.107	12.374	341	8
1525598715	20358	64.107	12.425	341	17
1525598715	20319	64.107	12.425	341	8
1525598715	20404	64.107	12.425	341	10
1525598715	20453	64.217	12.425	341	13
1525598715	20511	64.107	12.38	341	13
1525598715	20560	64.211	12.431	341	1
1525598715	20613	64.211	12.425	341	20
1525598715	20659	64.211	12.469	341	8
1525598715	20709	64.211	12.425	341	17
1525598715	20764	64.317	12.418	341	5
1525598716	19892	63.669	12.965	341	3
1525598716	19932	63.669	12.921	341	5
1525598716	20013	63.669	12.928	341	8
1525598716	19972	63.669	12.965	341	17
1525598716	20056	63.668	12.971	341	9
1525598716	20098	63.668	12.978	341	13
1525598716	20142	63.668	12.971	341	3
1525598716	20193	63.668	12.971	341	17
1525598716	20236	63.668	12.978	341	13
1525598716	20279	63.668	12.934	341	21
1525598716	20330	63.668	12.934	341	6
1525598716	20465	63.668	12.928	341	12
1525598716	20520	63.668	12.928	341	16
1525598716	20366	63.776	12.934	341	5
1525598716	20416	63.776	12.934	341	13
1525598716	20570	63.776	12.89	341	9
1525598716	20673	63.776	12.941	341	17
1525598716	20625	63.776	12.934	341	1
1525598716	20719	63.88	12.934	341	1
1525598716	20773	63.885	12.84	341	13
1525598717	19981	63.996	12.046	341	1
1525598717	19938	63.996	12.052	341	21
1525598717	20020	63.996	12.04	341	13
1525598717	19899	63.996	12.046	341	21
1525598717	20110	63.996	12.002	341	1
1525598717	20064	63.996	12.097	341	3
1525598717	20153	63.996	12.008	341	1
1525598717	20201	63.996	11.964	341	9
1525598717	20289	63.996	12.046	341	21
1525598717	20243	63.996	12.046	341	3
1525598717	20336	63.996	11.958	341	9
1525598717	20483	63.996	12.002	341	17
1525598717	20425	63.996	11.996	341	25
1525598717	20380	64.104	11.996	341	3
1525598717	20531	64.11	11.952	341	3
1525598717	20578	64.11	12.04	341	10
1525598717	20681	64.11	12.103	341	8
1525598717	20633	64.11	12.103	341	4
1525598717	20735	64.11	12.236	341	13
1525598717	20785	64.11	12.153	341	5
1525598718	19949	63.673	12.45	341	3
1525598718	19989	63.673	12.494	341	1
1525598718	19908	63.673	12.405	341	9
1525598718	20072	63.673	12.5	341	13
1525598718	20028	63.673	12.5	341	16
1525598718	20119	63.673	12.45	341	13
1525598718	20165	63.673	12.494	341	4
1525598718	20251	63.673	12.456	341	13
1525598718	20210	63.673	12.5	341	11
1525598718	20388	63.673	12.494	341	5
1525598718	20436	63.673	12.544	341	16
1525598718	20299	63.673	12.5	341	12
1525598718	20493	63.675	12.494	341	7
1525598718	20344	63.673	12.5	341	21
1525598718	20540	63.782	12.588	341	17
1525598718	20590	63.782	12.45	341	8
1525598718	20640	63.782	12.45	341	3
1525598718	20692	63.782	12.443	341	21
1525598718	20744	63.782	12.343	341	3
1525598718	20795	63.782	12.292	341	7
1525598719	19916	64.002	11.94	341	17
1525598719	19996	64.002	11.946	341	17
1525598719	19956	64.002	11.94	341	13
1525598719	20037	64.002	11.946	341	17
1525598719	20080	64.002	11.952	341	17
1525598719	20125	64.002	11.901	341	21
1525598719	20174	64.002	12.034	341	17
1525598719	20260	64.002	11.952	341	13
1525598719	20217	64.002	11.946	341	13
1525598719	20310	64.002	11.99	341	16
1525598719	20397	64.002	11.946	341	3
1525598719	20351	64.002	11.946	341	1
1525598719	20502	64.002	12.04	341	5
1525598719	20446	64.002	11.869	341	3
1525598719	20553	64.107	11.996	341	5
1525598719	20603	64.107	11.996	341	12
1525598719	20701	64.107	12.135	341	3
1525598719	20648	64.107	12.135	341	9
1525598719	20802	64.107	12.109	341	17
1525598719	20754	64.107	12.191	341	20
1525598720	19884	63.777	12.626	341	5
1525598720	19964	63.777	12.582	341	3
1525598720	20045	63.777	12.538	341	13
1525598720	19924	63.777	12.626	341	17
1525598720	20005	63.777	12.494	341	16
1525598720	20090	63.777	12.588	341	21
1525598720	20227	63.777	12.582	341	16
1525598720	20182	63.777	12.582	341	9
1525598720	20135	63.777	12.582	341	9
1525598720	20272	63.777	12.588	341	8
1525598720	20319	63.777	12.588	341	8
1525598720	20358	63.777	12.582	341	17
1525598720	20404	63.777	12.588	341	10
1525598720	20511	63.777	12.544	341	13
1525598720	20453	63.888	12.55	341	13
1525598720	20560	63.888	12.55	341	1
1525598720	20613	63.888	12.544	341	20
1525598720	20659	63.888	12.5	341	8
1525598720	20709	63.888	12.594	341	17
1525598720	20764	63.997	12.702	341	5
1525598721	19892	63.675	12.614	341	3
1525598721	19972	63.675	12.569	341	17
1525598721	19932	63.675	12.614	341	5
1525598721	20013	63.675	12.658	341	8
1525598721	20056	63.675	12.607	341	9
1525598721	20142	63.675	12.569	341	3
1525598721	20193	63.675	12.569	341	17
1525598721	20098	63.675	12.651	341	13
1525598721	20236	63.675	12.607	341	13
1525598721	20279	63.675	12.651	341	21
1525598721	20330	63.675	12.651	341	6
1525598721	20465	63.675	12.695	341	12
1525598721	20520	63.772	12.658	341	16
1525598721	20416	63.781	12.658	341	13
1525598721	20366	63.781	12.658	341	5
1525598721	20570	63.781	12.651	341	9
1525598721	20625	63.781	12.557	341	1
1525598721	20673	63.781	12.557	341	17
1525598721	20719	63.881	12.645	341	1
1525598721	20773	63.89	12.651	341	13
1525598722	19899	64.001	12.921	341	21
1525598722	19981	64.001	12.884	341	1
1525598722	19938	64.001	12.921	341	21
1525598722	20020	64.001	12.928	341	13
1525598722	20110	64.001	12.884	341	1
1525598722	20064	64.001	12.877	341	3
1525598722	20153	64.001	12.928	341	1
1525598722	20201	64.001	12.971	341	9
1525598722	20289	64.001	12.971	341	21
1525598722	20243	64.001	12.971	341	3
1525598722	20336	64.001	12.971	341	9
1525598722	20483	64.001	12.971	341	17
1525598722	20380	64.001	12.965	341	1
1525598722	20425	64.001	12.971	341	25
1525598722	20531	64.111	13.059	341	3
1525598722	20578	64.11	12.971	341	10
1525598722	20633	64.111	13.009	341	4
1525598722	20681	64.111	12.965	341	8
1525598722	20735	64.111	13.009	341	13
1525598722	20785	64.112	13.065	341	5
1525598723	19908	63.788	13.545	341	9
1525598723	19949	63.788	13.545	341	3
1525598723	19989	63.788	13.545	341	1
1525598723	20072	63.788	13.494	341	13
1525598723	20028	63.788	13.494	341	16
1525598723	20119	63.788	13.545	341	13
1525598723	20165	63.788	13.545	341	4
1525598723	20251	63.788	13.494	341	13
1525598723	20299	63.788	13.545	341	12
1525598723	20436	63.788	13.501	341	16
1525598723	20344	63.788	13.588	341	21
1525598723	20210	63.788	13.545	341	11
1525598723	20388	63.788	13.508	341	5
1525598723	20493	63.788	13.501	341	7
1525598723	20540	63.895	13.538	341	17
1525598723	20590	63.895	13.501	341	8
1525598723	20640	63.895	13.494	341	3
1525598723	20692	63.895	13.501	341	21
1525598723	20744	63.895	13.494	341	3
1525598723	20795	64.004	13.458	341	7
1525598724	19956	64.121	13.948	341	13
1525598724	20037	64.121	13.998	341	17
1525598724	20080	64.121	13.998	341	17
1525598724	19916	64.121	13.948	341	17
1525598724	19996	64.121	14.034	341	17
1525598724	20125	64.12	14.099	341	21
1525598724	20260	64.12	14.142	341	13
1525598724	20217	64.12	14.149	341	13
1525598724	20174	64.12	14.099	341	17
1525598724	20310	64.12	14.106	341	16
1525598724	20351	64.12	14.192	341	1
1525598724	20397	64.12	14.156	341	1
1525598724	20446	64.12	14.142	341	3
1525598724	20502	64.12	14.142	341	5
1525598724	20553	64.229	14.185	341	5
1525598724	20603	64.229	14.185	341	12
1525598724	20701	64.229	13.998	341	1
1525598724	20648	64.229	13.998	341	9
1525598724	20802	64.338	13.847	341	17
1525598724	20754	64.335	13.847	341	20
1525598725	19924	63.678	14.602	341	16
1525598725	19964	63.678	14.645	341	1
1525598725	19884	63.678	14.552	341	5
1525598725	20045	63.678	14.645	341	13
1525598725	20005	63.678	14.645	341	16
1525598725	20090	63.678	14.645	341	21
1525598725	20135	63.678	14.595	341	9
1525598725	20227	63.678	14.552	341	16
1525598725	20182	63.678	14.552	341	9
1525598725	20272	63.678	14.595	341	8
1525598725	20319	63.678	14.545	341	8
1525598725	20358	63.678	14.552	341	17
1525598725	20404	63.678	14.588	341	10
1525598725	20511	63.774	14.588	341	13
1525598725	20453	63.786	14.537	341	13
1525598725	20560	63.786	14.537	341	1
1525598725	20613	63.786	14.552	341	20
1525598725	20659	63.786	14.502	341	8
1525598725	20709	63.786	14.408	341	17
1525598725	20764	63.892	14.35	341	5
1525598726	19892	64.004	14.25	341	3
1525598726	19972	64.004	14.379	341	17
1525598726	19932	64.004	14.343	341	5
1525598726	20013	64.004	14.286	341	8
1525598726	20056	64.004	14.293	341	7
1525598726	20098	64.004	14.293	341	13
1525598726	20142	64.004	14.336	341	3
1525598726	20193	64.004	14.329	341	17
1525598726	20236	64.004	14.286	341	13
1525598726	20279	64.004	14.243	341	21
1525598726	20330	64.004	14.207	341	6
1525598726	20465	64.004	14.163	341	12
1525598726	20520	64.074	14.25	341	16
1525598726	20570	64.108	14.293	341	9
1525598726	20366	64.108	14.199	341	5
1525598726	20416	64.108	14.199	341	13
1525598726	20625	64.108	14.437	341	1
1525598726	20673	64.108	14.386	341	17
1525598726	20719	64.109	14.401	341	1
1525598726	20773	64.109	14.408	341	13
1525598727	19899	63.679	15.443	341	20
1525598727	19938	63.679	15.443	341	21
1525598727	19981	63.679	15.435	341	1
1525598727	20020	63.679	15.443	341	13
1525598727	20064	63.679	15.443	341	3
1525598727	20110	63.679	15.443	341	1
1525598727	20153	63.679	15.4	341	1
1525598727	20201	63.679	15.392	341	9
1525598727	20243	63.679	15.4	341	3
1525598727	20289	63.679	15.4	341	21
1525598727	20336	63.679	15.435	341	9
1525598727	20483	63.679	15.443	341	17
1525598727	20425	63.751	15.485	341	25
1525598727	20380	63.786	15.493	341	1
1525598727	20578	63.788	15.4	341	10
1525598727	20531	63.788	15.358	341	3
1525598727	20681	63.793	15.35	341	8
1525598727	20633	63.793	15.35	341	4
1525598727	20735	63.797	15.264	341	13
1525598727	20785	63.9	15.199	341	5
1525598728	19949	63.989	14.523	341	3
1525598728	19908	63.989	14.523	341	9
1525598728	19989	63.989	14.48	341	1
1525598728	20028	63.989	14.616	341	16
1525598728	20072	63.989	14.616	341	13
1525598728	20119	63.989	14.566	341	13
1525598728	20165	63.989	14.573	341	4
1525598728	20251	63.989	14.53	341	13
1525598728	20299	63.989	14.48	341	12
1525598728	20210	63.989	14.523	341	11
1525598728	20493	63.989	14.437	341	7
1525598728	20436	63.989	14.472	341	16
1525598728	20388	63.989	14.515	341	5
1525598728	20344	63.989	14.437	341	21
1525598728	20540	64.096	14.437	341	17
1525598728	20590	64.098	14.573	341	8
1525598728	20640	64.098	14.63	341	3
1525598728	20692	64.098	14.63	341	21
1525598728	20744	64.098	14.731	341	3
1525598728	20795	64.098	14.774	341	7
1525598729	19956	63.771	14.716	341	13
1525598729	19996	63.771	14.63	341	17
1525598729	19916	63.771	14.716	341	17
1525598729	20080	63.771	14.701	341	17
1525598729	20037	63.771	14.709	341	17
1525598729	20125	63.771	14.608	341	21
1525598729	20174	63.771	14.523	341	17
1525598729	20260	63.771	14.48	341	13
1525598729	20217	63.771	14.472	341	13
1525598729	20310	63.771	14.551	341	16
1525598729	20351	63.771	14.472	341	1
1525598729	20397	63.771	14.551	341	1
1525598729	20446	63.771	14.523	341	3
1525598729	20502	63.877	14.551	341	5
1525598729	20553	63.877	14.429	341	5
1525598729	20603	63.877	14.508	341	12
1525598729	20648	63.877	14.558	341	9
1525598729	20701	63.877	14.558	341	1
1525598729	20754	63.987	14.766	341	20
1525598729	20802	63.987	14.766	341	17
1525598730	19924	64.099	13.561	341	15
1525598730	19964	64.099	13.524	341	1
1525598730	20045	64.099	13.561	341	13
1525598730	19884	64.099	13.611	341	5
1525598730	20090	64.099	13.518	341	21
1525598730	20005	64.099	13.611	341	16
1525598730	20135	64.099	13.518	341	9
1525598730	20227	64.099	13.611	341	16
1525598730	20182	64.099	13.568	341	9
1525598730	20272	64.099	13.524	341	8
1525598730	20319	64.099	13.568	341	8
1525598730	20358	64.099	13.568	341	17
1525598730	20404	64.099	13.531	341	10
1525598730	20511	64.099	13.575	341	13
1525598730	20453	64.208	13.531	341	13
1525598730	20560	64.208	13.524	341	1
1525598730	20613	64.208	13.518	341	20
1525598730	20659	64.208	13.568	341	8
1525598730	20709	64.208	13.524	341	17
1525598730	20764	64.32	13.611	341	5
1525598731	19972	63.667	13.602	341	17
1525598731	19932	63.667	13.639	341	5
1525598731	19892	63.667	13.639	341	3
1525598731	20013	63.667	13.639	341	8
1525598731	20098	63.667	13.595	341	13
1525598731	20056	63.667	13.602	341	7
1525598731	20193	63.667	13.646	341	17
1525598731	20142	63.667	13.639	341	3
1525598731	20236	63.667	13.646	341	13
1525598731	20279	63.667	13.646	341	21
1525598731	20330	63.667	13.732	341	6
1525598731	20465	63.667	13.732	341	10
1525598731	20520	63.771	13.682	341	16
1525598731	20416	63.776	13.732	341	13
1525598731	20366	63.776	13.732	341	5
1525598731	20570	63.776	13.689	341	9
1525598731	20625	63.776	13.552	341	1
1525598731	20673	63.776	13.595	341	17
1525598731	20719	63.876	13.538	341	1
1525598731	20773	63.887	13.531	341	13
1525598732	19938	63.996	12.462	341	21
1525598732	19981	63.996	12.513	341	1
1525598732	19899	63.996	12.424	341	7
1525598732	20020	63.996	12.506	341	13
1525598732	20064	63.996	12.506	341	3
1525598732	20110	63.996	12.506	341	1
1525598732	20153	63.996	12.456	341	1
1525598732	20201	63.996	12.506	341	9
1525598732	20243	63.996	12.456	341	3
1525598732	20289	63.996	12.456	341	21
1525598732	20336	63.996	12.506	341	9
1525598732	20483	63.997	12.5	341	17
1525598732	20425	63.997	12.456	341	25
1525598732	20380	64.105	12.5	341	1
1525598732	20578	64.109	12.5	341	10
1525598732	20531	64.111	12.506	341	3
1525598732	20633	64.111	12.601	341	4
1525598732	20681	64.111	12.601	341	8
1525598732	20735	64.111	12.645	341	13
1525598732	20785	64.111	12.695	341	5
1525598733	19908	63.781	13.048	341	9
1525598733	19949	63.781	13.004	341	3
1525598733	19989	63.781	13.048	341	1
1525598733	20072	63.781	12.997	341	7
1525598733	20028	63.781	12.997	341	16
1525598733	20119	63.781	13.048	341	13
1525598733	20165	63.781	13.085	341	4
1525598733	20251	63.781	13.092	341	13
1525598733	20299	63.781	13.092	341	12
1525598733	20210	63.781	13.092	341	10
1525598733	20388	63.781	13.048	341	5
1525598733	20493	63.781	13.135	341	7
1525598733	20436	63.781	13.092	341	16
1525598733	20344	63.781	13.048	341	21
1525598733	20540	63.887	13.142	341	17
1525598733	20590	63.887	13.041	341	4
1525598733	20640	63.887	12.941	341	3
1525598733	20692	63.887	12.941	341	21
1525598733	20744	63.997	12.846	341	3
1525598733	20795	63.997	12.752	341	7
1525598734	19956	64.108	12.21	341	13
1525598734	20037	64.108	12.159	341	17
1525598734	19996	64.108	12.298	341	17
1525598734	19916	64.108	12.21	341	17
1525598734	20080	64.108	12.166	341	17
1525598734	20125	64.108	12.21	341	21
1525598734	20174	64.108	12.21	341	16
1525598734	20260	64.108	12.204	341	13
1525598734	20217	64.108	12.21	341	13
1525598734	20310	64.108	12.21	341	15
1525598734	20351	64.108	12.159	341	1
1525598734	20397	64.108	12.115	341	1
1525598734	20446	64.108	12.115	341	3
1525598734	20502	64.108	12.083	341	5
1525598734	20553	64.218	12.166	341	5
1525598734	20603	64.218	12.121	341	8
1525598734	20701	64.218	12.026	341	1
1525598734	20648	64.218	12.026	341	9
1525598734	20754	64.328	11.913	341	12
1525598734	20802	64.328	11.907	341	17
1525598735	19884	63.667	12.62	341	5
1525598735	19964	63.667	12.664	341	1
1525598735	20045	63.667	12.626	341	13
1525598735	19924	63.667	12.626	341	4
1525598735	20090	63.667	12.664	341	21
1525598735	20005	63.667	12.664	341	16
1525598735	20135	63.667	12.67	341	9
1525598735	20182	63.667	12.67	341	9
1525598735	20227	63.667	12.626	341	16
1525598735	20272	63.667	12.714	341	8
1525598735	20319	63.667	12.677	341	5
1525598735	20358	63.667	12.67	341	17
1525598735	20404	63.667	12.708	341	10
1525598735	20511	63.764	12.664	341	13
1525598735	20453	63.772	12.664	341	2
1525598735	20560	63.772	12.67	341	1
1525598735	20613	63.772	12.67	341	20
1525598735	20659	63.772	12.67	341	8
1525598735	20709	63.772	12.758	341	15
1525598735	20764	63.882	12.62	341	5
1525598736	19932	63.993	11.996	341	5
1525598736	19972	63.993	11.99	341	17
1525598736	19892	63.993	12.04	341	3
1525598736	20013	63.993	11.996	341	8
1525598736	20056	63.993	11.99	341	1
1525598736	20098	63.993	11.996	341	13
1525598736	20193	63.993	11.99	341	13
1525598736	20236	63.993	11.946	341	13
1525598736	20142	63.993	11.946	341	3
1525598736	20279	63.993	11.996	341	21
1525598736	20330	63.993	11.895	341	6
1525598736	20465	63.993	11.895	341	1
1525598736	20366	64.104	11.851	341	5
1525598736	20520	64.101	11.901	341	12
1525598736	20416	64.104	11.851	341	13
1525598736	20570	64.105	11.901	341	9
1525598736	20673	64.105	11.952	341	17
1525598736	20625	64.105	11.99	341	1
1525598736	20719	64.105	12.052	341	1
1525598736	20773	64.105	12.059	341	13
1525598737	19899	63.779	12.588	341	4
1525598737	19938	63.779	12.55	341	21
1525598737	19981	63.779	12.5	341	1
1525598737	20020	63.779	12.506	341	13
1525598737	20110	63.779	12.544	341	1
1525598737	20064	63.779	12.55	341	3
1525598737	20153	63.779	12.601	341	1
1525598737	20201	63.779	12.513	341	9
1525598737	20289	63.779	12.645	341	21
1525598737	20243	63.779	12.645	341	3
1525598737	20336	63.779	12.506	341	9
1525598737	20483	63.779	12.506	341	17
1525598737	20425	63.779	12.513	341	25
1525598737	20380	63.887	12.506	341	1
1525598737	20578	63.887	12.55	341	10
1525598737	20531	63.887	12.55	341	3
1525598737	20681	63.887	12.45	341	8
1525598737	20633	63.887	12.405	341	4
1525598737	20735	63.887	12.311	341	13
1525598737	20785	63.948	12.355	341	5
1525598738	19908	64.108	11.762	341	9
1525598738	19949	64.108	11.762	341	3
1525598738	19989	64.108	11.806	341	1
1525598738	20072	64.108	11.762	341	2
1525598738	20119	64.108	11.717	341	10
1525598738	20028	64.108	11.762	341	16
1525598738	20165	64.108	11.667	341	4
1525598738	20251	64.108	11.711	341	13
1525598738	20299	64.108	11.667	341	12
1525598738	20210	64.108	11.622	341	9
1525598738	20388	64.108	11.717	341	5
1525598738	20436	64.108	11.717	341	9
1525598738	20493	64.108	11.667	341	1
1525598738	20344	64.108	11.711	341	21
1525598738	20540	64.217	11.616	341	17
1525598738	20590	64.217	11.661	341	2
1525598738	20640	64.217	11.667	341	3
1525598738	20692	64.217	11.661	341	21
1525598738	20744	64.328	11.667	341	3
1525598738	20795	64.329	11.762	341	7
1525598739	19996	63.677	12.361	341	17
1525598739	19916	63.677	12.405	341	17
1525598739	20080	63.677	12.456	341	17
1525598739	19956	63.677	12.405	341	13
1525598739	20037	63.677	12.456	341	17
1525598739	20125	63.677	12.418	341	21
1525598739	20174	63.677	12.5	341	13
1525598739	20260	63.677	12.462	341	13
1525598739	20217	63.677	12.456	341	13
1525598739	20310	63.677	12.418	341	14
1525598739	20351	63.677	12.513	341	1
1525598739	20397	63.677	12.513	341	1
1525598739	20446	63.677	12.462	341	3
1525598739	20502	63.677	12.456	341	5
1525598739	20603	63.783	12.462	341	7
1525598739	20553	63.775	12.5	341	5
1525598739	20701	63.783	12.55	341	1
1525598739	20648	63.783	12.55	341	9
1525598739	20754	63.783	12.664	341	1
1525598739	20802	63.792	12.664	341	17
1525598740	19884	64.003	12.242	341	5
1525598740	19924	64.003	12.236	341	1
1525598740	20045	64.003	12.242	341	13
1525598740	19964	64.003	12.242	341	1
1525598740	20005	64.003	12.153	341	16
1525598740	20090	64.003	12.198	341	20
1525598740	20135	64.003	12.236	341	9
1525598740	20227	64.003	12.185	341	16
1525598740	20182	64.003	12.185	341	9
1525598740	20272	64.003	12.185	341	1
1525598740	20319	64.003	12.223	341	1
1525598740	20358	64.003	12.229	341	17
1525598740	20404	64.003	12.141	341	10
1525598740	20511	64.003	12.185	341	13
1525598740	20453	64.114	12.242	341	1
1525598740	20560	64.114	12.236	341	1
1525598740	20659	64.114	12.286	341	8
1525598740	20613	64.114	12.286	341	20
1525598740	20709	64.116	12.343	341	11
1525598740	20764	64.225	12.349	341	1
1525598741	19892	63.674	12.897	341	3
1525598741	20013	63.674	12.859	341	8
1525598741	19932	63.674	12.897	341	5
1525598741	19972	63.674	12.903	341	17
1525598741	20056	63.674	12.941	341	1
1525598741	20193	63.674	12.941	341	12
1525598741	20142	63.674	12.991	341	3
1525598741	20098	63.674	12.897	341	13
1525598741	20236	63.674	12.941	341	13
1525598741	20279	63.674	12.934	341	21
1525598741	20330	63.674	12.897	341	6
1525598741	20465	63.674	12.984	341	1
1525598741	20520	63.784	12.941	341	9
1525598741	20416	63.784	12.941	341	13
1525598741	20366	63.784	12.941	341	5
1525598741	20570	63.784	12.934	341	9
1525598741	20625	63.784	12.846	341	1
1525598741	20673	63.784	12.884	341	16
1525598741	20719	63.818	12.739	341	1
1525598741	20773	63.891	12.733	341	13
1525598742	19899	64.003	12.418	341	1
1525598742	19981	64.003	12.418	341	1
1525598742	19938	64.003	12.418	341	21
1525598742	20020	64.003	12.418	341	13
1525598742	20110	64.003	12.418	341	1
1525598742	20064	64.003	12.418	341	3
1525598742	20153	64.003	12.368	341	1
1525598742	20201	64.003	12.456	341	2
1525598742	20289	64.003	12.368	341	21
1525598742	20243	64.003	12.368	341	3
1525598742	20336	64.003	12.368	341	9
1525598742	20425	64.003	12.45	341	25
1525598742	20380	64.104	12.368	341	1
1525598742	20483	64.003	12.456	341	16
1525598742	20578	64.115	12.412	341	1
1525598742	20531	64.115	12.456	341	3
1525598742	20681	64.115	12.462	341	7
1525598742	20633	64.115	12.506	341	4
1525598742	20735	64.115	12.563	341	13
1525598742	20785	64.115	12.519	341	5
1525598743	19908	63.792	12.871	341	9
1525598743	19949	63.792	12.871	341	1
1525598743	19989	63.792	12.827	341	1
1525598743	20028	63.792	12.783	341	12
1525598743	20072	63.792	12.783	341	1
1525598743	20119	63.792	12.821	341	8
1525598743	20165	63.792	12.827	341	4
1525598743	20251	63.792	12.821	341	13
1525598743	20299	63.792	12.864	341	12
1525598743	20210	63.792	12.864	341	4
1525598743	20344	63.792	12.864	341	21
1525598743	20436	63.792	12.821	341	9
1525598743	20388	63.792	12.864	341	5
1525598743	20493	63.792	12.952	341	1
1525598743	20540	63.901	12.864	341	17
1525598743	20590	63.901	12.908	341	1
1525598743	20640	63.901	12.864	341	3
1525598743	20692	63.901	12.864	341	21
1525598743	20744	63.901	12.902	341	3
1525598743	20795	64.01	12.858	341	1
1525598744	19956	64.122	12.267	341	7
1525598744	19916	64.122	12.267	341	17
1525598744	19996	64.122	12.223	341	17
1525598744	20037	64.122	12.261	341	17
1525598744	20080	64.122	12.261	341	17
1525598744	20125	64.122	12.249	341	21
1525598744	20174	64.122	12.167	341	6
1525598744	20310	64.122	12.161	341	3
1525598744	20217	64.122	12.249	341	13
1525598744	20397	64.122	12.161	341	1
1525598744	20260	64.122	12.205	341	13
1525598744	20351	64.122	12.161	341	1
1525598744	20502	64.116	12.312	341	1
1525598744	20446	64.116	12.305	341	3
1525598744	20553	64.225	12.312	341	1
1525598744	20603	64.225	12.305	341	2
1525598744	20648	64.225	12.267	341	9
1525598744	20701	64.225	12.267	341	1
1525598744	20754	64.335	12.305	341	1
1525598744	20802	64.335	12.312	341	17
1525598745	19924	63.68	12.582	341	1
1525598745	19964	63.68	12.575	341	1
1525598745	20045	63.68	12.531	341	10
1525598745	19884	63.68	12.582	341	5
1525598745	20005	63.68	12.626	341	16
1525598745	20090	63.68	12.588	341	17
1525598745	20135	63.68	12.632	341	1
1525598745	20182	63.68	12.582	341	9
1525598745	20227	63.68	12.632	341	16
1525598745	20272	63.68	12.626	341	1
1525598745	20358	63.68	12.626	341	16
1525598745	20404	63.68	12.626	341	10
1525598745	20319	63.68	12.632	341	1
1525598745	20511	63.68	12.632	341	13
1525598745	20453	63.786	12.575	341	1
1525598745	20560	63.786	12.575	341	1
1525598745	20613	63.786	12.481	341	20
1525598745	20659	63.786	12.525	341	8
1525598745	20709	63.786	12.38	341	11
1525598745	20764	63.896	12.374	341	1
1525598746	19932	64.006	11.782	341	5
1525598746	19892	64.006	11.788	341	3
1525598746	19972	64.006	11.777	341	17
1525598746	20013	64.006	11.782	341	8
1525598746	20056	64.006	11.699	341	1
1525598746	20098	64.006	11.738	341	11
1525598746	20142	64.006	11.649	341	3
1525598746	20193	64.006	11.649	341	11
1525598746	20236	64.006	11.694	341	12
1525598746	20279	64.006	11.649	341	21
1525598746	20330	64.006	11.788	341	6
1525598746	20465	64.006	11.655	341	1
1525598746	20520	64.108	11.694	341	9
1525598746	20366	64.117	11.788	341	5
1525598746	20416	64.117	11.788	341	13
1525598746	20625	64.117	11.794	341	1
1525598746	20673	64.117	11.8	341	14
1525598746	20570	64.117	11.699	341	9
1525598746	20719	64.117	11.946	341	1
1525598746	20773	64.117	11.952	341	13
1525598747	19899	63.794	12.216	341	1
1525598747	19981	63.794	12.26	341	1
1525598747	20020	63.794	12.21	341	13
1525598747	19938	63.794	12.21	341	21
1525598747	20064	63.794	12.216	341	3
1525598747	20110	63.794	12.222	341	1
1525598747	20153	63.794	12.26	341	1
1525598747	20201	63.794	12.166	341	1
1525598747	20243	63.794	12.166	341	3
1525598747	20289	63.794	12.172	341	21
1525598747	20336	63.794	12.216	341	9
1525598747	20380	63.877	12.178	341	1
1525598747	20425	63.877	12.178	341	25
1525598747	20483	63.794	12.127	341	13
1525598747	20578	63.902	12.121	341	1
1525598747	20531	63.902	12.077	341	3
1525598747	20681	63.902	12.02	341	5
1525598747	20633	63.902	11.976	341	4
1525598747	20735	64.01	12.02	341	12
1525598747	20785	64.01	11.964	341	5
1525598748	19908	64.118	11.655	341	9
1525598748	19989	64.118	11.705	341	1
1525598748	19949	64.118	11.705	341	1
1525598748	20072	64.118	11.8	341	1
1525598748	20028	64.118	11.794	341	9
1525598748	20119	64.118	11.756	341	7
1525598748	20165	64.118	11.711	341	4
1525598748	20251	64.118	11.711	341	13
1525598748	20299	64.118	11.75	341	12
1525598748	20210	64.118	11.756	341	1
1525598748	20388	64.118	11.705	341	2
1525598748	20436	64.118	11.661	341	8
1525598748	20344	64.118	11.705	341	21
1525598748	20493	64.118	11.661	341	1
1525598748	20540	64.228	11.705	341	17
1525598748	20590	64.228	11.667	341	1
1525598748	20692	64.228	11.756	341	21
1525598748	20640	64.228	11.75	341	3
1525598748	20744	64.228	11.907	341	3
1525598748	20795	64.337	12.008	341	1
1525598749	19916	63.687	12.695	341	17
1525598749	19956	63.687	12.733	341	5
1525598749	19996	63.687	12.733	341	17
1525598749	20037	63.687	12.702	341	17
1525598749	20080	63.687	12.695	341	17
1525598749	20125	63.687	12.651	341	21
1525598749	20174	63.687	12.651	341	3
1525598749	20260	63.687	12.651	341	13
1525598749	20217	63.687	12.614	341	13
1525598749	20310	63.687	12.739	341	2
1525598749	20351	63.687	12.645	341	1
1525598749	20397	63.687	12.651	341	1
1525598749	20446	63.687	12.55	341	3
1525598749	20502	63.687	12.55	341	1
1525598749	20553	63.796	12.506	341	1
1525598749	20603	63.796	12.55	341	1
1525598749	20701	63.796	12.5	341	1
1525598749	20648	63.796	12.5	341	9
1525598749	20754	63.903	12.254	341	1
1525598749	20802	63.903	12.254	341	17
1525598750	19884	64.015	11.643	341	5
1525598750	19964	64.014	11.649	341	1
1525598750	20045	64.014	11.694	341	7
1525598750	19924	64.014	11.643	341	1
1525598750	20090	64.014	11.643	341	13
1525598750	20005	64.014	11.599	341	16
1525598750	20135	64.014	11.554	341	1
1525598750	20227	64.014	11.548	341	16
1525598750	20182	64.014	11.643	341	9
1525598750	20272	64.014	11.554	341	1
1525598750	20319	64.014	11.504	341	1
1525598750	20453	64.014	11.794	341	1
1525598750	20511	64.014	11.649	341	13
1525598750	20560	64.087	11.8	341	1
1525598750	20358	64.014	11.509	341	14
1525598750	20404	64.014	11.649	341	7
1525598750	20659	64.125	11.958	341	8
1525598750	20613	64.125	12.046	341	20
1525598750	20709	64.125	12.097	341	11
1525598750	20764	64.126	12.153	341	1
1525598751	19932	63.692	12.739	339	4
1525598751	19972	63.692	12.746	339	17
1525598751	19892	63.692	12.733	339	3
1525598751	20013	63.692	12.821	339	8
1525598751	20056	63.692	12.858	339	1
1525598751	20098	63.692	12.821	339	5
1525598751	20142	63.692	12.821	339	3
1525598751	20193	63.692	12.827	339	11
1525598751	20236	63.692	12.777	339	8
1525598751	20279	63.692	12.77	339	21
1525598751	20330	63.692	12.77	339	6
1525598751	20465	63.692	12.864	339	1
1525598751	20520	63.8	12.864	339	9
1525598751	20366	63.8	12.77	339	4
1525598751	20416	63.8	12.77	339	13
1525598751	20570	63.8	12.814	339	7
1525598751	20625	63.8	12.714	339	1
1525598751	20673	63.8	12.663	339	13
1525598751	20719	63.8	12.626	339	1
1525598751	20773	63.909	12.663	339	13
1525598752	19938	64.021	12.072	339	21
1525598752	19981	64.021	12.022	339	1
1525598752	20020	64.021	12.072	339	13
1525598752	20064	64.021	12.066	339	2
1525598752	19899	64.021	12.072	339	1
1525598752	20110	64.021	12.066	339	1
1525598752	20153	64.021	12.117	339	1
1525598752	20201	64.021	12.129	339	1
1525598752	20243	64.021	12.217	339	3
1525598752	20289	64.021	12.211	339	21
1525598752	20336	64.021	12.161	339	9
1525598752	20483	64.021	12.123	339	10
1525598752	20380	64.028	12.199	339	1
1525598752	20425	64.021	12.111	339	25
1525598752	20531	64.128	12.123	339	1
1525598752	20578	64.128	12.167	339	1
1525598752	20681	64.13	12.179	339	5
1525598752	20633	64.13	12.223	339	4
1525598752	20735	64.13	12.173	339	12
1525598752	20785	64.13	12.318	339	5
1525598753	19908	63.803	12.707	339	9
1525598753	19949	63.803	12.701	339	1
1525598753	19989	63.803	12.745	339	1
1525598753	20072	63.804	12.694	339	1
1525598753	20028	63.804	12.745	339	9
1525598753	20119	63.804	12.745	339	7
1525598753	20165	63.804	12.745	339	4
1525598753	20251	63.804	12.745	339	13
1525598753	20299	63.804	12.751	339	12
1525598753	20436	63.804	12.788	339	8
1525598753	20388	63.804	12.751	339	1
1525598753	20344	63.804	12.745	339	21
1525598753	20210	63.804	12.751	339	1
1525598753	20493	63.804	12.751	339	1
1525598753	20540	63.91	12.795	339	17
1525598753	20590	63.91	12.701	339	1
1525598753	20640	63.91	12.707	339	3
1525598753	20692	63.91	12.701	339	21
1525598753	20744	63.91	12.456	339	3
1525598753	20795	64.019	12.4	339	1
1525598754	19956	64.125	11.391	339	5
1525598754	19996	64.125	11.391	339	17
1525598754	19916	64.125	11.436	339	17
1525598754	20037	64.125	11.385	339	17
1525598754	20080	64.125	11.385	339	17
1525598754	20125	64.125	11.48	339	21
1525598754	20174	64.125	11.436	339	1
1525598754	20217	64.125	11.48	339	13
1525598754	20260	64.125	11.48	339	13
1525598754	20310	64.125	11.436	339	1
1525598754	20351	64.125	11.486	339	1
1525598754	20397	64.125	11.436	339	1
1525598754	20502	64.125	11.48	339	1
1525598754	20446	64.125	11.48	339	3
1525598754	20553	64.232	11.475	339	1
1525598754	20603	64.232	11.43	339	1
1525598754	20701	64.232	11.525	339	1
1525598754	20648	64.232	11.525	339	9
1525598754	20754	64.344	11.664	339	1
1525598754	20802	64.344	11.664	339	17
1525598755	19884	63.69	12.312	339	5
1525598755	19964	63.69	12.356	339	1
1525598755	19924	63.69	12.318	339	1
1525598755	20090	63.69	12.4	339	13
1525598755	20045	63.69	12.4	339	7
1525598755	20005	63.69	12.4	339	16
1525598755	20135	63.69	12.444	339	1
1525598755	20227	63.69	12.494	339	13
1525598755	20182	63.69	12.4	339	9
1525598755	20272	63.69	12.45	339	1
1525598755	20319	63.69	12.5	339	1
1525598755	20358	63.69	12.487	339	13
1525598755	20404	63.69	12.45	339	6
1525598755	20511	63.736	12.4	339	13
1525598755	20453	63.796	12.205	339	1
1525598755	20560	63.796	12.205	339	1
1525598755	20613	63.796	11.998	339	20
1525598755	20659	63.796	12.086	339	8
1525598755	20709	63.796	11.954	339	10
1525598755	20764	63.907	11.942	339	1
1525598756	19972	64.018	11.49	339	13
1525598756	19932	64.018	11.49	339	3
1525598756	20013	64.018	11.407	339	8
1525598756	20056	64.018	11.413	339	1
1525598756	19892	64.018	11.49	339	3
1525598756	20142	64.018	11.452	339	3
1525598756	20098	64.018	11.452	339	5
1525598756	20193	64.018	11.452	339	11
1525598756	20236	64.018	11.502	339	7
1525598756	20279	64.018	11.546	339	21
1525598756	20330	64.018	11.496	339	6
1525598756	20465	64.018	11.407	339	1
1525598756	20520	64.118	11.413	339	9
1525598756	20416	64.128	11.508	339	13
1525598756	20366	64.128	11.508	339	3
1525598756	20570	64.128	11.552	339	6
1525598756	20625	64.128	11.652	339	1
1525598756	20673	64.128	11.697	339	13
1525598756	20719	64.128	11.735	339	1
1525598756	20773	64.128	11.691	339	11
1525598757	19899	63.8	12.375	339	1
1525598757	19981	63.8	12.425	339	1
1525598757	19938	63.8	12.419	339	21
1525598757	20020	63.8	12.419	339	13
1525598757	20064	63.8	12.419	339	1
1525598757	20110	63.8	12.419	339	1
1525598757	20153	63.8	12.369	339	1
1525598757	20201	63.8	12.362	339	1
1525598757	20243	63.8	12.231	339	3
1525598757	20289	63.8	12.231	339	21
1525598757	20336	63.8	12.325	339	9
1525598757	20483	63.8	12.362	339	10
1525598757	20425	63.8	12.287	339	25
1525598757	20380	63.911	12.325	339	1
1525598757	20578	63.911	12.325	339	1
1525598757	20531	63.911	12.325	339	1
1525598757	20681	63.911	12.218	339	5
1525598757	20633	63.911	12.174	339	4
1525598757	20735	64.012	12.174	339	10
1525598757	20785	64.018	11.986	339	5
1525598758	19908	63.7	12.004	339	9
1525598758	19949	63.7	12.004	339	1
1525598758	19989	63.7	11.916	339	1
1525598758	20072	63.7	11.916	339	1
1525598758	20028	63.7	11.871	339	9
1525598758	20119	63.699	11.916	339	7
1525598758	20165	63.699	11.91	339	4
1525598758	20251	63.699	11.91	339	13
1525598758	20299	63.699	11.865	339	7
1525598758	20210	63.699	11.865	339	1
1525598758	20388	63.699	11.916	339	1
1525598758	20436	63.699	12.004	339	7
1525598758	20344	63.699	11.916	339	21
1525598758	20493	63.801	11.998	339	1
1525598758	20540	63.803	11.916	339	17
1525598758	20590	63.803	11.96	339	1
1525598758	20640	63.803	11.904	339	3
1525598758	20692	63.803	11.91	339	21
1525598758	20744	63.913	12.01	339	3
1525598758	20795	63.913	11.91	339	1
1525598759	19916	64.024	11.91	339	17
1525598759	19956	64.024	11.96	339	5
1525598759	19996	64.024	11.96	339	17
1525598759	20037	64.024	11.954	339	17
1525598759	20080	64.024	11.96	339	17
1525598759	20125	64.024	11.91	339	21
1525598759	20174	64.024	11.954	339	1
1525598759	20260	64.024	11.916	339	13
1525598759	20217	64.024	11.91	339	13
1525598759	20310	64.024	11.871	339	1
1525598759	20397	64.024	11.904	339	1
1525598759	20351	64.024	11.859	339	1
1525598759	20446	64.024	11.91	339	3
1525598759	20502	64.024	11.91	339	1
1525598759	20553	64.136	11.916	339	1
1525598759	20603	64.136	12.01	339	1
1525598759	20648	64.136	12.016	339	9
1525598759	20701	64.136	12.016	339	1
1525598759	20802	64.137	12.022	339	17
1525598759	20754	64.137	12.022	339	1
1525598760	19924	63.809	12.117	339	1
1525598760	19884	63.809	12.079	339	5
1525598760	19964	63.809	12.072	339	1
1525598760	20045	63.809	11.984	339	7
1525598760	20005	63.809	12.028	339	16
1525598760	20090	63.809	12.028	339	13
1525598760	20135	63.809	11.984	339	1
1525598760	20227	63.809	11.984	339	8
1525598760	20182	63.809	12.034	339	9
1525598760	20272	63.809	11.978	339	1
1525598760	20319	63.81	11.978	339	1
1525598760	20358	63.81	11.99	339	13
1525598760	20404	63.81	11.889	339	6
1525598760	20511	63.81	11.978	339	13
1525598760	20453	63.916	11.984	339	1
1525598760	20560	63.916	11.978	339	1
1525598760	20613	63.916	11.934	339	20
1525598760	20659	63.916	11.934	339	8
1525598760	20709	63.918	11.978	339	10
1525598760	20764	64.027	11.928	339	1
1525598761	19892	64.138	11.895	339	3
1525598761	19932	64.138	11.895	339	3
1525598761	19972	64.138	11.895	339	12
1525598761	20013	64.138	11.94	339	8
1525598761	20056	64.138	11.889	339	1
1525598761	20142	64.138	11.889	339	3
1525598761	20098	64.138	11.851	339	5
1525598761	20193	64.138	11.883	339	11
1525598761	20236	64.138	11.883	339	7
1525598761	20279	64.138	11.889	339	21
1525598761	20330	64.138	11.845	339	6
1525598761	20465	64.138	11.934	339	1
1525598761	20520	64.246	11.934	339	9
1525598761	20366	64.246	11.839	339	3
1525598761	20416	64.246	11.839	339	13
1525598761	20570	64.246	11.75	339	6
1525598761	20625	64.246	11.649	339	1
1525598761	20673	64.246	11.643	339	13
1525598761	20719	64.347	11.548	339	1
1525598761	20773	64.357	11.593	339	7
1525598762	19938	63.702	11.794	339	21
1525598762	19981	63.702	11.75	339	1
1525598762	20020	63.702	11.75	339	13
1525598762	19899	63.702	11.788	339	1
1525598762	20064	63.702	11.705	339	1
1525598762	20110	63.702	11.699	339	1
1525598762	20153	63.702	11.699	339	1
1525598762	20201	63.702	11.699	339	1
1525598762	20289	63.702	11.744	339	21
1525598762	20243	63.702	11.744	339	3
1525598762	20336	63.702	11.705	339	9
1525598762	20425	63.702	11.794	339	25
1525598762	20483	63.702	11.705	339	10
1525598762	20380	63.797	11.705	339	1
1525598762	20578	63.808	11.75	339	1
1525598762	20531	63.808	11.788	339	1
1525598762	20681	63.808	11.794	339	5
1525598762	20633	63.808	11.75	339	4
1525598762	20735	63.808	11.8	339	10
1525598762	20785	63.919	11.895	339	5
1525598763	19949	64.032	11.67	339	1
1525598763	19908	64.032	11.714	339	9
1525598763	19989	64.032	11.67	339	1
1525598763	20072	64.032	11.67	339	1
1525598763	20028	64.032	11.67	339	9
1525598763	20119	64.032	11.714	339	7
1525598763	20165	64.032	11.714	339	4
1525598763	20251	64.032	11.714	339	13
1525598763	20299	64.032	11.714	339	6
1525598763	20210	64.032	11.709	339	1
1525598763	20388	64.032	11.703	339	1
1525598763	20436	64.032	11.626	339	7
1525598763	20344	64.032	11.797	339	21
1525598763	20493	64.032	11.581	339	1
1525598763	20540	64.143	11.664	339	16
1525598763	20590	64.143	11.759	339	1
1525598763	20640	64.143	11.821	339	3
1525598763	20692	64.143	11.815	339	21
1525598763	20744	64.143	11.821	339	3
1525598763	20795	64.139	12.01	339	1
1525598764	19996	63.701	12.444	339	14
1525598764	19956	63.701	12.45	339	5
1525598764	19916	63.701	12.487	339	12
1525598764	20037	63.701	12.356	339	17
1525598764	20125	63.701	12.4	339	21
1525598764	20080	63.701	12.356	339	17
1525598764	20260	63.701	12.444	339	13
1525598764	20174	63.701	12.406	339	1
1525598764	20217	63.701	12.45	339	10
1525598764	20310	63.701	12.538	339	1
1525598764	20351	63.701	12.5	339	1
1525598764	20397	63.701	12.494	339	1
1525598764	20502	63.701	12.444	339	1
1525598764	20446	63.701	12.444	339	3
1525598764	20603	63.809	12.4	339	1
1525598764	20553	63.809	12.444	339	1
1525598764	20701	63.809	12.293	339	1
1525598764	20648	63.809	12.293	339	9
1525598764	20754	63.918	12.243	339	1
1525598764	20802	63.918	12.237	339	17
1525598765	19924	64.028	11.452	339	1
1525598765	20045	64.028	11.452	339	7
1525598765	19964	64.028	11.413	339	1
1525598765	19884	64.028	11.496	339	5
1525598765	20005	64.028	11.413	339	16
1525598765	20090	64.028	11.407	339	13
1525598765	20227	64.028	11.413	339	8
1525598765	20182	64.028	11.368	339	9
1525598765	20135	64.028	11.457	339	1
1525598765	20272	64.028	11.413	339	1
1525598765	20358	64.028	11.357	339	13
1525598765	20319	64.028	11.362	339	1
1525598765	20404	64.028	11.452	339	6
1525598765	20511	64.028	11.362	339	13
1525598765	20560	64.139	11.502	339	1
1525598765	20453	64.139	11.502	339	1
1525598765	20613	64.139	11.652	339	20
1525598765	20659	64.139	11.608	339	8
1525598765	20709	64.139	11.564	339	10
1525598765	20764	64.144	11.664	339	1
1525598766	19932	63.814	12.092	339	3
1525598766	19892	63.814	12.098	339	3
1525598766	19972	63.814	12.092	339	11
1525598766	20013	63.814	12.098	339	8
1525598766	20056	63.814	12.092	339	1
1525598766	20098	63.814	12.092	339	5
1525598766	20142	63.814	12.092	339	3
1525598766	20193	63.814	12.098	339	11
1525598766	20236	63.814	12.054	339	7
1525598766	20279	63.814	12.004	339	21
1525598766	20330	63.814	12.054	339	6
1525598766	20465	63.814	12.048	339	1
1525598766	20520	63.922	11.998	339	9
1525598766	20366	63.922	11.998	339	3
1525598766	20416	63.922	12.004	339	12
1525598766	20570	63.922	12.042	339	6
1525598766	20625	63.922	12.004	339	1
1525598766	20673	63.922	12.01	339	13
1525598766	20719	64.019	11.96	339	1
1525598766	20773	64.031	11.91	339	7
1525598767	19899	64.143	11.424	339	1
1525598767	19981	64.143	11.508	339	1
1525598767	19938	64.143	11.424	339	21
1525598767	20020	64.143	11.463	339	13
1525598767	20110	64.143	11.463	339	1
1525598767	20064	64.143	11.463	339	1
1525598767	20153	64.143	11.469	339	1
1525598767	20201	64.143	11.513	339	1
1525598767	20289	64.143	11.469	339	21
1525598767	20243	64.143	11.469	339	3
1525598767	20336	64.143	11.463	339	9
1525598767	20483	64.143	11.513	339	10
1525598767	20380	64.25	11.463	339	1
1525598767	20425	64.247	11.463	339	25
1525598767	20578	64.25	11.419	339	1
1525598767	20531	64.25	11.419	339	1
1525598767	20681	64.25	11.463	339	5
1525598767	20633	64.25	11.463	339	4
1525598767	20735	64.35	11.413	339	10
1525598767	20785	64.36	11.329	339	5
1525598768	19908	63.707	11.631	339	9
1525598768	19949	63.707	11.631	339	1
1525598768	19989	63.707	11.676	339	1
1525598768	20072	63.707	11.682	339	1
1525598768	20028	63.707	11.676	339	9
1525598768	20119	63.707	11.626	339	7
1525598768	20165	63.707	11.631	339	4
1525598768	20251	63.707	11.631	339	13
1525598768	20299	63.707	11.631	339	6
1525598768	20210	63.707	11.631	339	1
1525598768	20388	63.707	11.587	339	1
1525598768	20493	63.707	11.676	339	1
1525598768	20436	63.707	11.67	339	7
1525598768	20344	63.707	11.542	339	21
1525598768	20540	63.815	11.626	339	13
1525598768	20590	63.815	11.537	339	1
1525598768	20692	63.815	11.48	339	21
1525598768	20640	63.815	11.48	339	3
1525598768	20744	63.924	11.424	339	3
1525598768	20795	63.924	11.24	339	1
1525598769	19996	64.035	10.736	339	13
1525598769	19916	64.035	10.747	339	11
1525598769	20037	64.035	10.786	339	17
1525598769	20080	64.035	10.786	339	16
1525598769	19956	64.035	10.741	339	5
1525598769	20174	64.035	10.831	339	1
1525598769	20125	64.035	10.747	339	21
1525598769	20260	64.035	10.786	339	13
1525598769	20217	64.035	10.781	339	9
1525598769	20310	64.035	10.691	339	1
1525598769	20351	64.035	10.786	339	1
1525598769	20397	64.035	10.792	339	1
1525598769	20446	64.035	10.792	339	3
1525598769	20502	64.035	10.792	339	1
1525598769	20553	64.144	10.792	339	1
1525598769	20603	64.144	10.786	339	1
1525598769	20648	64.146	10.893	339	9
1525598769	20701	64.146	10.898	339	1
1525598769	20754	64.146	10.949	339	1
1525598769	20802	64.146	10.954	339	16
1525598770	19924	63.819	11.263	339	1
1525598770	19964	63.819	11.346	339	1
1525598770	19884	63.819	11.263	339	3
1525598770	20005	63.819	11.352	339	16
1525598770	20045	63.819	11.352	339	7
1525598770	20090	63.819	11.352	339	13
1525598770	20135	63.819	11.352	339	1
1525598770	20227	63.819	11.403	339	8
1525598770	20182	63.819	11.486	339	6
1525598770	20272	63.821	11.492	339	1
1525598770	20319	63.821	11.459	339	1
1525598770	20358	63.821	11.459	339	13
1525598770	20404	63.821	11.414	339	6
1525598770	20511	63.821	11.509	339	13
1525598770	20560	63.927	11.504	339	1
1525598770	20453	63.927	11.504	339	1
1525598770	20613	63.927	11.358	339	20
1525598770	20659	63.927	11.313	339	8
1525598770	20709	63.927	11.397	339	10
1525598770	20764	64.039	11.307	339	1
1525598771	19892	63.712	11.572	339	3
1525598771	19932	63.712	11.622	339	3
1525598771	19972	63.712	11.622	339	11
1525598771	20013	63.712	11.616	339	8
1525598771	20056	63.712	11.622	339	1
1525598771	20098	63.712	11.622	339	5
1525598771	20142	63.712	11.628	339	3
1525598771	20193	63.712	11.622	339	11
1525598771	20236	63.712	11.622	339	7
1525598771	20279	63.712	11.673	339	21
1525598771	20330	63.712	11.622	339	6
1525598771	20465	63.712	11.628	339	1
1525598771	20520	63.821	11.589	339	9
1525598771	20366	63.821	11.583	339	3
1525598771	20416	63.821	11.577	339	9
1525598771	20570	63.821	11.583	339	6
1525598771	20625	63.821	11.622	339	1
1525598771	20673	63.821	11.667	339	13
1525598771	20719	63.932	11.717	339	1
1525598771	20773	63.932	11.673	339	7
1525598772	19899	64.047	11.426	339	1
1525598772	19981	64.047	11.336	339	1
1525598772	19938	64.047	11.375	339	17
1525598772	20064	64.046	11.381	339	1
1525598772	20110	64.046	11.387	339	1
1525598772	20020	64.046	11.387	339	13
1525598772	20153	64.046	11.387	339	1
1525598772	20201	64.046	11.387	339	1
1525598772	20289	64.046	11.476	339	21
1525598772	20243	64.046	11.47	339	2
1525598772	20336	64.046	11.431	339	9
1525598772	20483	64.046	11.381	339	10
1525598772	20380	64.082	11.387	339	1
1525598772	20425	64.046	11.381	339	25
1525598772	20578	64.159	11.476	339	1
1525598772	20531	64.159	11.527	339	1
1525598772	20681	64.157	11.628	339	5
1525598772	20633	64.157	11.634	339	4
1525598772	20735	64.157	11.628	339	10
1525598772	20785	64.157	11.717	339	5
1525598773	19908	63.716	11.404	339	9
1525598773	19949	63.716	11.404	339	1
1525598773	19989	63.716	11.404	339	1
1525598773	20028	63.716	11.404	339	9
1525598773	20072	63.716	11.398	339	1
1525598773	20165	63.716	11.455	339	4
1525598773	20119	63.716	11.41	339	7
1525598773	20251	63.716	11.455	339	12
1525598773	20299	63.716	11.499	339	6
1525598773	20210	63.716	11.455	339	1
1525598773	20388	63.716	11.41	339	1
1525598773	20344	63.716	11.46	339	21
1525598773	20436	63.716	11.371	339	7
1525598773	20493	63.716	11.416	339	1
1525598773	20540	63.824	11.41	339	10
1525598773	20590	63.824	11.41	339	1
1525598773	20640	63.824	11.505	339	1
1525598773	20692	63.825	11.511	339	21
1525598773	20744	63.928	11.562	339	3
1525598773	20795	63.928	11.562	339	1
1525598774	19916	64.037	11.523	339	10
1525598774	20037	64.037	11.574	339	17
1525598774	19996	64.037	11.618	339	12
1525598774	19956	64.037	11.523	339	5
1525598774	20080	64.037	11.568	339	12
1525598774	20125	64.038	11.574	339	21
1525598774	20174	64.038	11.529	339	1
1525598774	20260	64.038	11.574	339	13
1525598774	20217	64.038	11.579	339	9
1525598774	20310	64.038	11.574	339	1
1525598774	20351	64.038	11.523	339	1
1525598774	20397	64.038	11.478	339	3
1525598774	20446	64.038	11.523	339	3
1525598774	20502	64.038	11.523	339	1
1525598774	20553	64.146	11.478	339	1
1525598774	20603	64.147	11.529	339	1
1525598774	20701	64.147	11.607	339	1
1525598774	20648	64.147	11.523	339	9
1525598774	20754	64.147	11.523	339	1
1525598774	20802	64.147	11.523	339	15
1525598775	19884	63.821	11.809	339	3
1525598775	19924	63.821	11.809	339	1
1525598775	19964	63.821	11.765	339	3
1525598775	20045	63.821	11.854	339	7
1525598775	20005	63.821	11.803	339	14
1525598775	20090	63.821	11.809	339	13
1525598775	20135	63.821	11.759	339	1
1525598775	20182	63.821	11.669	339	6
1525598775	20227	63.821	11.708	339	8
1525598775	20272	63.821	11.669	339	1
1525598775	20319	63.821	11.702	339	1
1525598775	20358	63.821	11.702	339	13
1525598775	20404	63.821	11.702	339	6
1525598775	20511	63.821	11.657	339	11
1525598775	20453	63.932	11.562	339	1
1525598775	20560	63.932	11.568	339	1
1525598775	20613	63.932	11.613	339	19
1525598775	20659	63.932	11.613	339	8
1525598775	20709	63.932	11.562	339	10
1525598775	20764	64.043	11.651	339	1
1525598776	19932	64.152	11.128	339	3
1525598776	19892	64.152	11.173	339	3
1525598776	19972	64.152	11.128	339	11
1525598776	20013	64.152	11.173	339	8
1525598776	20056	64.152	11.173	339	1
1525598776	20098	64.152	11.173	339	5
1525598776	20142	64.152	11.122	339	3
1525598776	20193	64.152	11.128	339	11
1525598776	20236	64.152	11.167	339	7
1525598776	20279	64.152	11.122	339	16
1525598776	20330	64.152	11.212	339	6
1525598776	20465	64.152	11.162	339	1
1525598776	20520	64.259	11.206	339	9
1525598776	20366	64.262	11.257	339	3
1525598776	20416	64.262	11.257	339	8
1525598776	20570	64.262	11.212	339	6
1525598776	20673	64.262	11.167	339	13
1525598776	20625	64.262	11.263	339	1
1525598776	20719	64.271	11.173	339	1
1525598776	20773	64.374	11.223	339	7
1525598777	19899	63.715	11.818	339	1
1525598777	19981	63.715	11.818	339	1
1525598777	19938	63.715	11.824	339	15
1525598777	20020	63.715	11.857	339	12
1525598777	20110	63.715	11.812	339	1
1525598777	20064	63.715	11.818	339	1
1525598777	20201	63.715	11.812	339	1
1525598777	20153	63.715	11.768	339	1
1525598777	20289	63.715	11.768	339	19
1525598777	20243	63.715	11.812	339	1
1525598777	20336	63.715	11.812	339	9
1525598777	20483	63.715	11.863	339	10
1525598777	20380	63.823	11.863	339	1
1525598777	20425	63.811	11.818	339	23
1525598777	20578	63.823	11.806	339	1
1525598777	20531	63.823	11.717	339	1
1525598777	20681	63.823	11.723	339	5
1525598777	20633	63.823	11.762	339	4
1525598777	20735	63.92	11.762	339	10
1525598777	20785	63.926	11.667	339	5
1525598778	19908	64.041	11.643	339	9
1525598778	19949	64.041	11.688	339	1
1525598778	19989	64.041	11.688	339	1
1525598778	20072	64.041	11.688	339	1
1525598778	20028	64.041	11.688	339	9
1525598778	20119	64.041	11.637	339	7
1525598778	20165	64.041	11.593	339	4
1525598778	20251	64.041	11.587	339	12
1525598778	20299	64.041	11.587	339	6
1525598778	20210	64.041	11.593	339	1
1525598778	20344	64.041	11.593	339	18
1525598778	20388	64.041	11.682	339	1
1525598778	20436	64.041	11.631	339	7
1525598778	20493	64.041	11.631	339	1
1525598778	20540	64.152	11.643	339	10
1525598778	20590	64.152	11.732	339	1
1525598778	20640	64.152	11.726	339	1
1525598778	20692	64.152	11.688	339	18
1525598778	20744	64.152	11.688	339	3
1525598778	20795	64.153	11.788	339	1
1525598779	19916	63.827	12.513	339	10
1525598779	19956	63.827	12.557	339	5
1525598779	19996	63.827	12.513	339	12
1525598779	20080	63.827	12.519	339	11
1525598779	20037	63.827	12.513	339	17
1525598779	20125	63.827	12.557	339	19
1525598779	20174	63.827	12.594	339	1
1525598779	20260	63.827	12.506	339	12
1525598779	20217	63.827	12.5	339	9
1525598779	20310	63.827	12.55	339	1
1525598779	20351	63.827	12.55	339	1
1525598779	20397	63.827	12.6	339	3
1525598779	20446	63.827	12.55	339	3
1525598779	20502	63.926	12.594	339	1
1525598779	20553	63.937	12.55	339	1
1525598779	20603	63.937	12.506	339	1
1525598779	20701	63.937	12.362	339	1
1525598779	20648	63.937	12.45	339	9
1525598779	20754	63.985	12.6	339	1
1525598779	20802	64.04	12.6	339	15
1525598780	19884	64.159	12.098	339	3
1525598780	19924	64.159	12.104	339	1
1525598780	19964	64.159	12.06	339	3
1525598780	20045	64.159	11.972	339	7
1525598780	20005	64.159	12.06	339	10
1525598780	20090	64.159	12.098	339	13
1525598780	20135	64.159	12.098	339	1
1525598780	20227	64.159	12.098	339	8
1525598780	20182	64.159	12.098	339	6
1525598780	20272	64.159	12.054	339	1
1525598780	20358	64.159	12.01	339	13
1525598780	20319	64.159	12.004	339	1
1525598780	20404	64.159	12.048	339	6
1525598780	20511	64.159	11.954	339	11
1525598780	20560	64.268	11.998	339	1
1525598780	20453	64.268	12.004	339	1
1525598780	20613	64.268	11.998	339	16
1525598780	20659	64.268	11.992	339	7
1525598780	20709	64.268	11.96	339	10
1525598780	20764	64.381	12.048	339	1
1525598781	19892	63.727	12.425	339	3
1525598781	19972	63.727	12.418	339	11
1525598781	19932	63.727	12.418	339	3
1525598781	20013	63.727	12.38	339	6
1525598781	20056	63.727	12.418	339	1
1525598781	20098	63.727	12.462	339	5
1525598781	20142	63.727	12.469	339	3
1525598781	20236	63.727	12.525	339	7
1525598781	20193	63.727	12.469	339	11
1525598781	20279	63.727	12.619	339	15
1525598781	20330	63.729	12.626	339	1
1525598781	20465	63.729	12.676	339	7
1525598781	20520	63.832	12.72	339	9
1525598781	20416	63.835	12.676	339	8
1525598781	20366	63.835	12.676	339	3
1525598781	20570	63.835	12.72	339	6
1525598781	20625	63.835	12.72	339	1
1525598781	20673	63.835	12.726	339	13
1525598781	20719	63.946	12.72	339	1
1525598781	20773	63.946	12.626	339	7
1525598782	19899	64.054	12.028	339	14
1525598782	19938	64.054	12.022	339	14
1525598782	20020	64.054	11.94	339	10
1525598782	19981	64.054	11.978	339	1
1525598782	20064	64.054	12.028	339	1
1525598782	20110	64.054	12.034	339	1
1525598782	20153	64.054	12.072	339	1
1525598782	20201	64.054	12.072	339	5
1525598782	20243	64.054	12.034	339	1
1525598782	20289	64.054	12.072	339	18
1525598782	20336	64.054	12.079	339	7
1525598782	20425	64.155	12.072	339	22
1525598782	20380	64.165	12.072	339	1
1525598782	20483	64.054	12.028	339	10
1525598782	20578	64.166	12.085	339	1
1525598782	20531	64.166	12.123	339	1
1525598782	20681	64.166	12.123	339	5
1525598782	20633	64.166	12.123	339	4
1525598782	20735	64.166	12.217	339	10
1525598782	20785	64.265	12.267	339	1
1525598783	19908	63.835	12.663	337	8
1525598783	19949	63.835	12.707	337	1
1525598783	19989	63.835	12.707	337	1
1525598783	20072	63.835	12.67	337	8
1525598783	20028	63.835	12.663	337	9
1525598783	20119	63.835	12.714	337	7
1525598783	20165	63.835	12.714	337	1
1525598783	20251	63.835	12.714	337	10
1525598783	20299	63.835	12.67	337	6
1525598783	20388	63.835	12.663	337	3
1525598783	20210	63.835	12.707	337	8
1525598783	20344	63.835	12.663	337	16
1525598783	20493	63.835	12.663	337	5
1525598783	20436	63.835	12.714	337	7
1525598783	20540	63.941	12.707	337	10
1525598783	20590	63.943	12.619	337	5
1525598783	20640	63.943	12.569	337	1
1525598783	20692	63.943	12.607	337	18
1525598783	20744	63.943	12.506	337	3
1525598783	20795	63.943	12.594	337	1
1525598784	19916	64.162	12.343	337	9
1525598784	19996	64.162	12.299	337	12
1525598784	19956	64.162	12.299	337	5
1525598784	20080	64.162	12.349	337	11
1525598784	20037	64.162	12.349	337	15
1525598784	20125	64.162	12.255	337	15
1525598784	20174	64.162	12.217	337	7
1525598784	20260	64.162	12.261	337	10
1525598784	20217	64.162	12.267	337	9
1525598784	20310	64.162	12.267	337	10
1525598784	20351	64.162	12.267	337	1
1525598784	20397	64.162	12.223	337	3
1525598784	20446	64.162	12.312	337	3
1525598784	20502	64.162	12.267	337	1
1525598784	20553	64.272	12.261	337	1
1525598784	20603	64.272	12.261	337	10
1525598784	20701	64.272	12.223	337	1
1525598784	20648	64.272	12.312	337	8
1525598784	20754	64.275	12.217	337	10
1525598784	20802	64.275	12.211	337	14
1525598785	19884	63.722	12.871	337	3
1525598785	19924	63.722	12.871	337	10
1525598785	20045	63.722	12.958	337	7
1525598785	20005	63.722	12.958	337	10
1525598785	20090	63.722	12.871	337	13
1525598785	19964	63.722	12.958	337	3
1525598785	20135	63.722	12.877	337	1
1525598785	20182	63.722	12.958	337	6
1525598785	20272	63.722	12.958	337	1
1525598785	20227	63.722	12.921	337	8
1525598785	20319	63.722	13.065	337	4
1525598785	20358	63.722	13.059	337	13
1525598785	20404	63.722	13.059	337	6
1525598785	20511	63.722	13.109	337	10
1525598785	20453	63.831	13.065	337	7
1525598785	20560	63.831	13.065	337	1
1525598785	20659	63.831	13.072	337	6
1525598785	20613	63.831	13.065	337	12
1525598785	20709	63.831	13.159	337	10
1525598785	20764	63.942	13.229	337	1
1525598786	19932	64.052	12.663	337	3
1525598786	19892	64.052	12.663	337	3
1525598786	20013	64.052	12.707	337	6
1525598786	19972	64.052	12.663	337	11
1525598786	20056	64.052	12.72	337	7
1525598786	20098	64.052	12.67	337	5
1525598786	20142	64.052	12.67	337	3
1525598786	20193	64.052	12.663	337	11
1525598786	20236	64.052	12.613	337	7
1525598786	20279	64.052	12.519	337	15
1525598786	20330	64.052	12.425	337	1
1525598786	20465	64.052	12.418	337	7
1525598786	20520	64.052	12.418	337	9
1525598786	20416	64.163	12.425	337	8
1525598786	20366	64.163	12.5	337	3
1525598786	20570	64.163	12.418	337	6
1525598786	20625	64.163	12.475	337	1
1525598786	20673	64.163	12.519	337	13
1525598786	20719	64.163	12.575	337	1
1525598786	20773	64.163	12.801	337	7
1525598787	19899	63.837	13.273	337	14
1525598787	19981	63.837	13.41	337	1
1525598787	20020	63.837	13.36	337	10
1525598787	20064	63.837	13.36	337	1
1525598787	20110	63.837	13.36	337	1
1525598787	19938	63.837	13.36	337	11
1525598787	20153	63.837	13.36	337	1
1525598787	20201	63.837	13.317	337	5
1525598787	20243	63.837	13.273	337	1
1525598787	20289	63.837	13.273	337	16
1525598787	20336	63.837	13.317	337	6
1525598787	20425	63.837	13.317	337	20
1525598787	20380	63.837	13.273	337	1
1525598787	20483	63.837	13.317	337	10
1525598787	20578	63.946	13.317	337	1
1525598787	20531	63.946	13.273	337	1
1525598787	20681	63.946	13.166	337	5
1525598787	20633	63.946	13.166	337	4
1525598787	20735	63.946	12.978	337	10
1525598787	20785	64.054	12.978	337	1
1525598788	19908	64.168	12.739	337	6
1525598788	19949	64.168	12.651	337	1
1525598788	19989	64.168	12.695	337	1
1525598788	20072	64.173	12.783	337	8
1525598788	20119	64.173	12.739	337	7
1525598788	20028	64.173	12.79	337	9
1525598788	20165	64.173	12.739	337	1
1525598788	20251	64.173	12.79	337	9
1525598788	20299	64.173	12.79	337	6
1525598788	20210	64.173	12.79	337	8
1525598788	20344	64.173	12.79	337	14
1525598788	20436	64.173	12.739	337	7
1525598788	20388	64.173	12.79	337	3
1525598788	20493	64.173	12.746	337	5
1525598788	20540	64.282	12.739	337	10
1525598788	20590	64.282	12.733	337	5
1525598788	20640	64.282	12.651	337	1
1525598788	20692	64.282	12.651	337	15
1525598788	20744	64.282	12.739	337	3
1525598788	20795	64.396	12.607	337	1
1525598789	19916	63.738	12.967	337	9
1525598789	19996	63.738	12.967	337	11
1525598789	19956	63.738	12.967	337	5
1525598789	20037	63.738	12.96	337	12
1525598789	20080	63.738	12.96	337	9
1525598789	20125	63.738	13.004	337	15
1525598789	20174	63.738	13.004	337	7
1525598789	20260	63.738	13.004	337	9
1525598789	20217	63.738	13.004	337	9
1525598789	20310	63.738	12.954	337	10
1525598789	20351	63.738	12.954	337	1
1525598789	20397	63.738	12.991	337	3
1525598789	20502	63.738	12.954	337	1
1525598789	20446	63.738	12.954	337	3
1525598789	20553	63.846	13.048	337	1
1525598789	20603	63.846	13.004	337	10
1525598789	20648	63.846	12.997	337	6
1525598789	20701	63.846	13.092	337	3
1525598789	20754	63.957	12.809	337	10
1525598789	20802	63.957	12.809	337	13
1525598790	19884	64.067	12.159	337	3
1525598790	19924	64.067	12.147	337	10
1525598790	19964	64.067	12.065	337	3
1525598790	20005	64.067	12.065	337	10
1525598790	20090	64.067	12.109	337	13
1525598790	20045	64.067	12.147	337	7
1525598790	20135	64.067	12.147	337	1
1525598790	20227	64.067	12.153	337	8
1525598790	20182	64.067	12.115	337	6
1525598790	20272	64.067	12.159	337	8
1525598790	20358	64.067	12.204	337	13
1525598790	20560	64.115	12.399	337	1
1525598790	20404	64.067	12.21	337	6
1525598790	20453	64.067	12.305	337	7
1525598790	20511	64.067	12.298	337	10
1525598790	20319	64.067	12.198	337	4
1525598790	20709	64.179	12.506	337	10
1525598790	20613	64.179	12.506	337	12
1525598790	20659	64.179	12.594	337	6
1525598790	20764	64.179	12.355	337	5
1525598791	19892	63.744	12.954	337	3
1525598791	19932	63.743	12.916	337	3
1525598791	20013	63.743	12.859	337	6
1525598791	19972	63.743	12.954	337	11
1525598791	20056	63.743	12.859	337	7
1525598791	20098	63.743	12.859	337	5
1525598791	20193	63.743	12.903	337	11
1525598791	20142	63.743	12.903	337	3
1525598791	20236	63.743	12.903	337	7
1525598791	20279	63.743	12.947	337	12
1525598791	20330	63.743	12.91	337	1
1525598791	20465	63.743	12.91	337	7
1525598791	20520	63.844	12.903	337	9
1525598791	20416	63.853	12.853	337	8
1525598791	20366	63.853	12.778	337	3
1525598791	20570	63.853	12.859	337	6
1525598791	20625	63.853	12.758	337	1
1525598791	20673	63.853	12.758	337	13
1525598791	20719	63.925	12.783	337	1
1525598791	20773	63.964	12.557	337	7
1525598792	19899	64.075	12.204	337	14
1525598792	19981	64.075	12.109	337	1
1525598792	19938	64.075	12.115	337	11
1525598792	20020	64.075	12.159	337	10
1525598792	20064	64.075	12.071	337	1
1525598792	20110	64.075	12.065	337	1
1525598792	20153	64.075	12.065	337	1
1525598792	20201	64.075	12.026	337	5
1525598792	20243	64.075	12.109	337	1
1525598792	20289	64.075	12.109	337	11
1525598792	20336	64.075	12.02	337	5
1525598792	20483	64.075	12.065	337	10
1525598792	20380	64.177	12.02	337	3
1525598792	20425	64.075	12.026	337	16
1525598792	20578	64.187	12.02	337	9
1525598792	20531	64.187	12.071	337	1
1525598792	20681	64.187	12.267	337	5
1525598792	20633	64.187	12.222	337	4
1525598792	20735	64.187	12.323	337	10
1525598792	20785	64.187	12.367	337	1
1525598793	19908	63.85	12.45	337	3
1525598793	19949	63.85	12.456	337	3
1525598793	19989	63.85	12.412	337	1
1525598793	20072	63.85	12.367	337	8
1525598793	20028	63.85	12.361	337	9
1525598793	20119	63.85	12.361	337	7
1525598793	20165	63.85	12.405	337	1
1525598793	20251	63.85	12.317	337	7
1525598793	20299	63.85	12.317	337	6
1525598793	20210	63.85	12.361	337	8
1525598793	20388	63.85	12.412	337	3
1525598793	20344	63.85	12.412	337	11
1525598793	20436	63.85	12.367	337	7
1525598793	20493	63.85	12.361	337	5
1525598793	20540	63.959	12.367	337	9
1525598793	20590	63.959	12.367	337	5
1525598793	20640	63.959	12.462	337	1
1525598793	20692	63.959	12.462	337	12
1525598793	20744	63.959	12.569	337	3
1525598793	20795	64.07	12.557	337	7
1525598794	19956	64.18	11.964	337	5
1525598794	19996	64.18	11.97	337	9
1525598794	20080	64.18	11.97	337	9
1525598794	20037	64.18	11.97	337	1
1525598794	19916	64.18	11.964	337	9
1525598794	20125	64.18	12.02	337	7
1525598794	20174	64.18	12.02	337	7
1525598794	20260	64.18	12.065	337	1
1525598794	20217	64.18	12.065	337	7
1525598794	20310	64.18	12.071	337	10
1525598794	20351	64.18	12.071	337	1
1525598794	20397	64.18	12.071	337	3
1525598794	20446	64.18	12.026	337	3
1525598794	20502	64.18	12.026	337	5
1525598794	20553	64.29	12.026	337	5
1525598794	20603	64.291	12.02	337	10
1525598794	20701	64.291	12.121	337	3
1525598794	20648	64.291	12.127	337	1
1525598794	20754	64.291	12.21	337	10
1525598794	20802	64.291	12.21	337	9
1525598795	19884	63.853	12.62	337	3
1525598795	19924	63.853	12.626	337	10
1525598795	20045	63.853	12.576	337	7
1525598795	19964	63.853	12.62	337	3
1525598795	20005	63.853	12.576	337	7
1525598795	20090	63.853	12.582	337	13
1525598795	20135	63.853	12.582	337	9
1525598795	20182	63.853	12.487	337	5
1525598795	20227	63.853	12.532	337	8
1525598795	20272	63.853	12.481	337	9
1525598795	20319	63.853	12.393	337	4
1525598795	20404	63.853	12.431	337	6
1525598795	20511	63.853	12.336	337	7
1525598795	20358	63.853	12.393	337	13
1525598795	20453	63.859	12.38	337	7
1525598795	20560	63.95	12.329	337	1
1525598795	20613	63.959	12.184	337	10
1525598795	20659	63.961	12.14	337	5
1525598795	20709	63.961	12.184	337	10
1525598795	20764	64.071	12.172	337	5
1525598796	19892	63.748	12.241	337	1
1525598796	19932	63.748	12.279	337	3
1525598796	19972	63.748	12.241	337	11
1525598796	20013	63.748	12.291	337	5
1525598796	20056	63.748	12.228	337	7
1525598796	20098	63.748	12.279	337	5
1525598796	20142	63.748	12.19	337	3
1525598796	20193	63.748	12.196	337	11
1525598796	20236	63.748	12.196	337	7
1525598796	20279	63.748	12.19	337	11
1525598796	20330	63.748	12.228	337	1
1525598796	20465	63.748	12.279	337	7
1525598796	20520	63.857	12.235	337	9
1525598796	20416	63.857	12.323	337	7
1525598796	20366	63.857	12.323	337	3
1525598796	20570	63.857	12.279	337	6
1525598796	20625	63.857	12.273	337	1
1525598796	20673	63.857	12.273	337	13
1525598796	20719	63.857	12.235	337	1
1525598796	20773	63.967	12.285	337	1
1525598797	19981	64.078	12.267	337	1
1525598797	19938	64.078	12.305	337	11
1525598797	19899	64.078	12.305	337	14
1525598797	20020	64.078	12.26	337	2
1525598797	20064	64.078	12.298	337	1
1525598797	20110	64.078	12.305	337	1
1525598797	20153	64.078	12.349	337	1
1525598797	20201	64.078	12.343	337	5
1525598797	20289	64.078	12.26	337	11
1525598797	20243	64.078	12.26	337	1
1525598797	20336	64.078	12.298	337	1
1525598797	20483	64.078	12.254	337	1
1525598797	20425	64.078	12.292	337	13
1525598797	20380	64.185	12.343	337	3
1525598797	20578	64.182	12.254	337	9
1525598797	20531	64.182	12.298	337	1
1525598797	20681	64.182	12.198	337	1
1525598797	20633	64.182	12.204	337	4
1525598797	20735	64.184	12.198	337	1
1525598797	20785	64.184	12.198	337	1
1525598798	19908	63.744	12.109	337	1
1525598798	19989	63.744	12.103	337	1
1525598798	19949	63.744	12.097	337	3
1525598798	20072	63.744	12.091	337	8
1525598798	20028	63.744	12.097	337	1
1525598798	20119	63.744	12.141	337	1
1525598798	20165	63.744	12.103	337	1
1525598798	20251	63.744	12.141	337	7
1525598798	20299	63.744	12.141	337	1
1525598798	20210	63.744	12.052	337	8
1525598798	20436	63.744	12.046	337	1
1525598798	20388	63.744	12.002	337	3
1525598798	20493	63.744	12.091	337	5
1525598798	20344	63.744	12.002	337	8
1525598798	20540	63.853	12.04	337	9
1525598798	20590	63.853	12.002	337	5
1525598798	20640	63.853	11.946	337	1
1525598798	20692	63.853	11.946	337	11
1525598798	20744	63.853	11.901	337	3
1525598798	20795	63.962	12.002	337	7
1525598799	19916	64.075	12.091	337	9
1525598799	19956	64.075	12.091	337	1
1525598799	19996	64.075	12.04	337	9
1525598799	20037	64.075	12.135	337	1
1525598799	20080	64.075	12.123	337	9
1525598799	20125	64.075	12.079	337	5
1525598799	20174	64.075	12.034	337	7
1525598799	20260	64.075	12.034	337	1
1525598799	20217	64.075	12.028	337	7
1525598799	20310	64.075	12.028	337	10
1525598799	20397	64.075	12.022	337	3
1525598799	20351	64.075	12.022	337	1
1525598799	20446	64.075	12.022	337	1
1525598799	20502	64.098	12.022	337	5
1525598799	20553	64.187	11.978	337	5
1525598799	20603	64.187	12.072	337	10
1525598799	20648	64.187	12.022	337	1
1525598799	20701	64.187	11.984	337	3
1525598799	20754	64.187	11.984	337	10
1525598799	20802	64.187	11.984	337	9
1525598800	19884	63.86	12.06	337	3
1525598800	19964	63.86	12.111	337	3
1525598800	19924	63.86	12.066	337	10
1525598800	20045	63.858	12.072	337	1
1525598800	20005	63.858	12.199	337	2
1525598800	20090	63.858	12.155	337	1
1525598800	20135	63.858	12.111	337	9
1525598800	20227	63.858	12.155	337	1
1525598800	20182	63.858	12.149	337	5
1525598800	20272	63.858	12.155	337	9
1525598800	20319	63.858	12.149	337	4
1525598800	20358	63.858	12.142	337	13
1525598800	20404	63.858	12.022	337	6
1525598800	20511	63.858	12.104	337	7
1525598800	20453	63.966	12.054	337	7
1525598800	20560	63.966	12.01	337	1
1525598800	20613	63.966	12.048	337	5
1525598800	20659	63.966	12.004	337	3
1525598800	20709	63.966	12.048	337	1
1525598800	20764	64.068	12.199	337	5
1525598801	19932	64.187	11.368	337	1
1525598801	19892	64.187	11.407	337	1
1525598801	19972	64.187	11.362	337	1
1525598801	20013	64.187	11.407	337	2
1525598801	20056	64.187	11.413	337	7
1525598801	20098	64.187	11.368	337	5
1525598801	20193	64.187	11.452	337	1
1525598801	20142	64.187	11.407	337	3
1525598801	20236	64.187	11.401	337	7
1525598801	20279	64.187	11.407	337	11
1525598801	20330	64.187	11.407	337	1
1525598801	20465	64.187	11.312	337	7
1525598801	20520	64.291	11.362	337	1
1525598801	20416	64.297	11.324	337	7
1525598801	20570	64.297	11.362	337	1
1525598801	20366	64.297	11.362	337	3
1525598801	20625	64.297	11.508	337	1
1525598801	20673	64.297	11.469	337	1
1525598801	20719	64.297	11.475	337	1
1525598801	20773	64.297	11.519	337	1
1525598802	19899	63.757	11.865	337	14
1525598802	19938	63.757	11.916	337	11
1525598802	19981	63.757	11.91	337	1
1525598802	20020	63.757	11.91	337	1
1525598802	20064	63.757	11.916	337	1
1525598802	20110	63.757	11.916	337	1
1525598802	20153	63.757	11.871	337	1
1525598802	20201	63.757	11.871	337	5
1525598802	20243	63.757	11.916	337	1
1525598802	20289	63.757	11.916	337	11
1525598802	20336	63.757	11.96	337	1
1525598802	20483	63.757	12.022	337	1
1525598802	20425	63.757	12.066	337	13
1525598802	20380	63.757	12.022	337	3
1525598802	20531	63.864	12.155	337	3
1525598802	20578	63.777	12.066	337	9
1525598802	20681	63.864	12.072	337	1
1525598802	20633	63.864	12.066	337	4
1525598802	20735	63.864	12.111	337	1
1525598802	20785	63.859	12.066	337	1
1525598803	19908	64.081	11.809	337	1
1525598803	19949	64.081	11.815	337	3
1525598803	19989	64.081	11.809	337	1
1525598803	20072	64.081	11.815	337	8
1525598803	20028	64.081	11.815	337	1
1525598803	20119	64.081	11.771	337	1
1525598803	20165	64.081	11.809	337	1
1525598803	20251	64.081	11.771	337	7
1525598803	20299	64.081	11.809	337	1
1525598803	20210	64.081	11.859	337	8
1525598803	20388	64.081	11.859	337	3
1525598803	20344	64.081	11.853	337	5
1525598803	20436	64.081	11.859	337	1
1525598803	20493	64.081	11.865	337	5
1525598803	20540	64.193	11.91	337	9
1525598803	20590	64.193	12.004	337	5
1525598803	20640	64.193	12.098	337	1
1525598803	20692	64.193	12.098	337	11
1525598803	20744	64.193	12.004	337	3
1525598803	20795	64.298	11.954	337	7
1525598804	19956	63.871	12.45	337	1
1525598804	19996	63.871	12.456	337	9
1525598804	19916	63.871	12.45	337	9
1525598804	20037	63.871	12.356	337	1
1525598804	20080	63.871	12.362	337	9
1525598804	20125	63.871	12.362	337	1
1525598804	20174	63.871	12.356	337	7
1525598804	20260	63.871	12.362	337	1
1525598804	20217	63.871	12.362	337	7
1525598804	20310	63.871	12.406	337	10
1525598804	20351	63.871	12.412	337	1
1525598804	20397	63.871	12.362	337	3
1525598804	20446	63.871	12.362	337	1
1525598804	20502	63.871	12.362	337	5
1525598804	20553	63.977	12.406	337	5
1525598804	20603	63.977	12.312	337	10
1525598804	20648	63.977	12.223	337	1
1525598804	20701	63.977	12.261	337	3
1525598804	20802	63.986	12.456	337	9
1525598804	20754	63.977	12.45	337	10
1525598805	19884	64.197	12.066	337	3
1525598805	19964	64.197	12.06	337	3
1525598805	19924	64.197	12.06	337	10
1525598805	20045	64.197	12.06	337	1
1525598805	20005	64.197	11.978	337	1
1525598805	20090	64.197	12.054	337	1
1525598805	20135	64.197	12.01	337	9
1525598805	20227	64.197	12.016	337	1
1525598805	20182	64.197	12.016	337	5
1525598805	20272	64.197	11.972	337	9
1525598805	20358	64.197	11.978	337	13
1525598805	20319	64.197	11.978	337	4
1525598805	20404	64.199	12.06	337	6
1525598805	20511	64.199	11.978	337	6
1525598805	20453	64.311	12.016	337	7
1525598805	20560	64.311	12.022	337	1
1525598805	20613	64.311	12.072	337	2
1525598805	20659	64.311	12.123	337	1
1525598805	20709	64.311	12.123	337	1
1525598805	20764	64.311	11.978	337	5
1525598806	19892	63.873	12.475	337	1
1525598806	19972	63.873	12.525	337	1
1525598806	20013	63.873	12.431	337	1
1525598806	19932	63.873	12.519	337	1
1525598806	20056	63.873	12.481	337	7
1525598806	20098	63.873	12.525	337	5
1525598806	20142	63.873	12.481	337	3
1525598806	20193	63.873	12.437	337	1
1525598806	20236	63.873	12.487	337	7
1525598806	20279	63.873	12.393	337	11
1525598806	20330	63.873	12.393	337	1
1525598806	20465	63.873	12.481	337	7
1525598806	20520	63.981	12.437	337	1
1525598806	20416	63.981	12.431	337	7
1525598806	20366	63.981	12.393	337	3
1525598806	20570	63.981	12.431	337	1
1525598806	20625	63.981	12.242	337	1
1525598806	20673	63.981	12.28	337	1
1525598806	20719	64.085	12.179	337	1
1525598806	20773	64.087	12.135	337	1
1525598807	19899	64.2	11.75	337	14
1525598807	19938	64.2	11.705	337	11
1525598807	19981	64.2	11.75	337	1
1525598807	20020	64.2	11.756	337	1
1525598807	20064	64.2	11.75	337	3
1525598807	20110	64.2	11.744	337	1
1525598807	20153	64.2	11.744	337	1
1525598807	20201	64.2	11.744	337	5
1525598807	20289	64.2	11.744	337	11
1525598807	20243	64.2	11.744	337	1
1525598807	20336	64.2	11.655	337	1
1525598807	20425	64.3	11.599	337	13
1525598807	20483	64.2	11.637	337	1
1525598807	20380	64.309	11.599	337	3
1525598807	20578	64.309	11.542	337	9
1525598807	20531	64.31	11.403	337	3
1525598807	20633	64.31	11.352	337	4
1525598807	20681	64.31	11.346	337	1
1525598807	20735	64.412	11.397	337	1
1525598807	20785	64.424	11.397	337	1
1525598808	19908	63.768	12.034	337	1
1525598808	19949	63.768	12.034	337	3
1525598808	19989	63.768	12.079	337	1
1525598808	20028	63.768	12.034	337	1
1525598808	20119	63.768	12.04	337	1
1525598808	20072	63.768	12.04	337	8
1525598808	20165	63.768	12.034	337	1
1525598808	20251	63.768	12.072	337	5
1525598808	20299	63.768	11.99	337	1
1525598808	20210	63.768	11.984	337	8
1525598808	20344	63.768	12.04	337	1
1525598808	20436	63.768	12.034	337	1
1525598808	20388	63.768	12.034	337	3
1525598808	20493	63.768	11.99	337	5
1525598808	20540	63.877	11.895	337	9
1525598808	20590	63.878	11.94	337	5
1525598808	20692	63.878	11.946	337	11
1525598808	20640	63.878	11.946	337	1
1525598808	20744	63.986	12.04	337	3
1525598808	20795	63.986	11.946	337	7
1525598809	19956	64.1	11.486	337	1
1525598809	19996	64.1	11.575	337	9
1525598809	19916	64.1	11.442	337	9
1525598809	20037	64.1	11.575	337	1
1525598809	20080	64.1	11.581	337	9
1525598809	20125	64.1	11.537	337	1
1525598809	20174	64.1	11.537	337	7
1525598809	20260	64.1	11.486	337	1
1525598809	20217	64.1	11.486	337	7
1525598809	20310	64.1	11.48	337	10
1525598809	20351	64.1	11.48	337	1
1525598809	20397	64.1	11.486	337	3
1525598809	20446	64.1	11.436	337	1
1525598809	20502	64.1	11.436	337	5
1525598809	20553	64.206	11.391	337	5
1525598809	20603	64.211	11.486	337	10
1525598809	20701	64.212	11.575	337	3
1525598809	20648	64.212	11.575	337	1
1525598809	20802	64.212	11.385	337	9
1525598809	20754	64.212	11.341	337	10
1525598810	19884	63.879	11.688	337	3
1525598810	19964	63.879	11.738	337	3
1525598810	19924	63.879	11.688	337	10
1525598810	20045	63.879	11.694	337	1
1525598810	20005	63.879	11.694	337	1
1525598810	20090	63.879	11.699	337	1
1525598810	20135	63.879	11.738	337	9
1525598810	20227	63.879	11.688	337	1
1525598810	20182	63.879	11.738	337	5
1525598810	20272	63.879	11.782	337	9
1525598810	20358	63.879	11.777	337	13
1525598810	20319	63.879	11.771	337	4
1525598810	20511	63.879	11.732	337	3
1525598810	20404	63.879	11.726	337	6
1525598810	20453	63.879	11.833	337	7
1525598810	20560	63.962	11.833	337	1
1525598810	20613	63.985	11.827	337	1
1525598810	20659	63.985	11.777	337	1
1525598810	20709	63.985	11.732	337	1
1525598810	20764	64.086	11.782	337	5
1525598811	19932	63.766	11.984	337	1
1525598811	19892	63.766	11.984	337	1
1525598811	19972	63.766	11.984	337	1
1525598811	20013	63.766	12.028	337	1
1525598811	20056	63.766	11.934	337	7
1525598811	20098	63.766	11.889	337	5
1525598811	20142	63.766	11.978	337	3
1525598811	20193	63.766	11.978	337	1
1525598811	20236	63.766	11.972	337	7
1525598811	20279	63.766	11.978	337	11
1525598811	20330	63.766	11.978	337	1
1525598811	20465	63.766	11.934	337	7
1525598811	20520	63.875	11.972	337	1
1525598811	20366	63.875	11.934	337	3
1525598811	20416	63.875	11.934	337	7
1525598811	20570	63.875	11.94	337	1
1525598811	20625	63.875	11.934	337	1
1525598811	20673	63.875	11.934	337	1
1525598811	20719	63.875	12.173	337	1
1525598811	20773	63.875	12.223	337	1
1525598812	19938	64.096	12.129	337	8
1525598812	19899	64.096	12.135	337	14
1525598812	20020	64.096	12.173	337	1
1525598812	19981	64.096	12.135	337	1
1525598812	20064	64.096	12.179	337	3
1525598812	20110	64.096	12.185	337	1
1525598812	20153	64.096	12.141	337	1
1525598812	20201	64.096	12.179	337	5
1525598812	20289	64.096	12.135	337	8
1525598812	20243	64.096	12.135	337	1
1525598812	20336	64.096	12.135	337	1
1525598812	20380	64.09	12.085	337	3
1525598812	20425	64.09	12.085	337	11
1525598812	20483	64.09	12.135	337	1
1525598812	20531	64.199	12.185	337	3
1525598812	20578	64.198	12.185	337	9
1525598812	20681	64.199	12.33	337	1
1525598812	20633	64.199	12.374	337	4
1525598812	20735	64.199	12.33	337	1
1525598812	20785	64.199	12.374	337	1
1525598813	19908	63.761	11.952	337	1
1525598813	19949	63.761	11.952	337	3
1525598813	19989	63.761	11.907	337	1
1525598813	20072	63.761	11.946	337	8
1525598813	20028	63.761	11.952	337	1
1525598813	20119	63.761	11.946	337	1
1525598813	20165	63.761	11.901	337	1
1525598813	20251	63.761	11.907	337	2
1525598813	20299	63.761	11.946	337	1
1525598813	20210	63.761	11.952	337	8
1525598813	20388	63.761	11.901	337	3
1525598813	20436	63.761	11.895	337	1
1525598813	20344	63.761	11.895	337	1
1525598813	20493	63.761	11.895	337	5
1525598813	20540	63.87	11.946	337	9
1525598813	20590	63.87	11.851	337	5
1525598813	20692	63.87	11.851	337	11
1525598813	20640	63.87	11.851	337	1
1525598813	20744	63.975	11.851	337	3
1525598813	20795	63.979	11.845	337	7
1525598814	19916	64.091	11.566	337	7
1525598814	19956	64.091	11.566	337	1
1525598814	19996	64.091	11.515	337	7
1525598814	20080	64.091	11.515	337	6
1525598814	20037	64.091	11.521	337	1
1525598814	20125	64.091	11.604	337	1
1525598814	20174	64.091	11.566	337	7
1525598814	20217	64.091	11.616	337	7
1525598814	20397	64.091	11.768	337	3
1525598814	20310	64.091	11.667	337	10
1525598814	20351	64.091	11.717	337	1
1525598814	20446	64.091	11.919	337	1
1525598814	20502	64.091	11.913	337	5
1525598814	20260	64.091	11.61	337	1
1525598814	20553	64.2	11.964	337	5
1525598814	20603	64.202	11.919	337	10
1525598814	20701	64.202	11.925	337	3
1525598814	20648	64.202	11.925	337	1
1525598814	20802	64.203	11.97	337	6
1525598814	20754	64.203	12.014	337	10
1525598815	19924	63.764	11.887	337	10
1525598815	19964	63.764	11.881	337	3
1525598815	20045	63.764	11.881	337	1
1525598815	19884	63.764	11.881	337	3
1525598815	20005	63.764	11.919	337	1
1525598815	20090	63.777	11.836	337	1
1525598815	20135	63.777	11.881	337	9
1525598815	20227	63.777	11.881	337	1
1525598815	20182	63.777	11.83	337	5
1525598815	20272	63.777	11.83	337	9
1525598815	20358	63.777	11.786	337	2
1525598815	20319	63.777	11.791	337	4
1525598815	20404	63.777	11.791	337	2
1525598815	20511	63.882	11.83	337	2
1525598815	20453	63.885	11.69	337	7
1525598815	20560	63.885	11.69	337	1
1525598815	20659	63.885	11.634	337	1
1525598815	20613	63.885	11.595	337	1
1525598815	20709	63.885	11.684	337	1
1525598815	20764	63.995	11.735	337	5
1525598816	19892	64.106	11.021	337	1
1525598816	19972	64.106	11.021	337	1
1525598816	19932	64.106	11.021	337	1
1525598816	20013	64.106	11.066	337	1
1525598816	20056	64.106	11.066	337	7
1525598816	20142	64.106	11.061	337	3
1525598816	20098	64.106	11.061	337	1
1525598816	20193	64.106	11.061	337	1
1525598816	20236	64.106	11.021	337	1
1525598816	20279	64.106	11.061	337	7
1525598816	20330	64.106	11.106	337	1
1525598816	20465	64.109	11.066	337	7
1525598816	20366	64.216	11.111	337	1
1525598816	20520	64.216	11.072	337	1
1525598816	20416	64.216	11.111	337	7
1525598816	20570	64.216	11.156	337	1
1525598816	20673	64.216	11.263	337	1
1525598816	20625	64.216	11.263	337	1
1525598816	20719	64.216	11.117	337	1
1525598816	20773	64.216	11.162	337	1
1525598817	19899	63.884	11.587	337	14
1525598817	19938	63.884	11.587	337	4
1525598817	19981	63.884	11.537	337	1
1525598817	20020	63.884	11.498	337	1
1525598817	20064	63.884	11.492	337	3
1525598817	20110	63.884	11.492	337	1
1525598817	20153	63.884	11.492	337	1
1525598817	20201	63.884	11.447	337	5
1525598817	20289	63.884	11.492	337	5
1525598817	20243	63.884	11.492	337	1
1525598817	20336	63.884	11.537	337	1
1525598817	20483	63.884	11.447	337	1
1525598817	20425	63.986	11.542	337	8
1525598817	20380	63.995	11.537	337	3
1525598817	20578	63.995	11.436	337	9
1525598817	20531	63.995	11.397	337	3
1525598817	20633	63.995	11.29	337	1
1525598817	20681	63.995	11.341	337	1
1525598817	20735	63.995	11.346	337	1
1525598817	20785	64.106	11.397	337	1
1525598818	19949	63.78	11.498	337	3
1525598818	19908	63.78	11.459	337	1
1525598818	19989	63.78	11.504	337	1
1525598818	20072	63.78	11.414	337	8
1525598818	20028	63.78	11.453	337	1
1525598818	20119	63.78	11.459	337	1
1525598818	20165	63.78	11.465	337	1
1525598818	20251	63.78	11.459	337	1
1525598818	20299	63.78	11.465	337	1
1525598818	20210	63.78	11.42	337	8
1525598818	20388	63.78	11.465	337	3
1525598818	20436	63.78	11.47	337	1
1525598818	20344	63.78	11.47	337	1
1525598818	20493	63.78	11.465	337	5
1525598818	20540	63.891	11.459	337	8
1525598818	20590	63.891	11.465	337	5
1525598818	20640	63.891	11.414	337	1
1525598818	20692	63.891	11.408	337	10
1525598818	20744	63.964	11.313	337	3
1525598818	20795	64.001	11.414	337	7
1525598819	19956	64.113	11.688	337	1
1525598819	19996	64.113	11.649	337	5
1525598819	19916	64.113	11.688	337	3
1525598819	20037	64.113	11.604	337	1
1525598819	20080	64.113	11.604	337	3
1525598819	20125	64.113	11.599	337	1
1525598819	20174	64.113	11.599	337	7
1525598819	20260	64.113	11.554	337	1
1525598819	20217	64.113	11.554	337	3
1525598819	20310	64.113	11.504	337	10
1525598819	20351	64.113	11.453	337	1
1525598819	20397	64.113	11.447	337	3
1525598819	20446	64.113	11.302	337	1
1525598819	20502	64.113	11.307	337	5
1525598819	20603	64.223	11.302	337	10
1525598819	20553	64.223	11.302	337	5
1525598819	20648	64.223	11.385	337	1
1525598819	20701	64.223	11.296	337	3
1525598819	20754	64.225	11.302	337	10
1525598819	20802	64.225	11.302	337	4
1525598820	19884	63.895	11.447	337	3
1525598820	19924	63.895	11.531	337	10
1525598820	20045	63.895	11.486	337	1
1525598820	19964	63.895	11.442	337	3
1525598820	20005	63.895	11.397	337	1
1525598820	20090	63.895	11.48	337	1
1525598820	20135	63.895	11.397	337	9
1525598820	20227	63.895	11.442	337	1
1525598820	20182	63.895	11.447	337	5
1525598820	20272	63.895	11.397	337	9
1525598820	20319	63.895	11.397	337	4
1525598820	20358	63.895	11.397	337	2
1525598820	20511	63.895	11.442	337	1
1525598820	20404	63.895	11.442	337	2
1525598820	20453	64.003	11.391	337	7
1525598820	20560	64.003	11.385	337	1
1525598820	20613	64.003	11.436	337	1
1525598820	20709	64.003	11.436	337	1
1525598820	20659	64.003	11.436	337	1
1525598820	20764	64.113	11.486	337	5
1525598821	19972	64.225	11.664	337	1
1525598821	19932	64.225	11.664	337	1
1525598821	20013	64.225	11.62	337	1
1525598821	19892	64.225	11.714	337	1
1525598821	20056	64.225	11.67	337	7
1525598821	20098	64.225	11.72	337	1
1525598821	20142	64.225	11.676	337	3
1525598821	20193	64.225	11.676	337	1
1525598821	20236	64.225	11.676	337	1
1525598821	20279	64.225	11.67	337	4
1525598821	20330	64.225	11.631	337	1
1525598821	20465	64.225	11.62	337	7
1525598821	20520	64.332	11.614	337	1
1525598821	20366	64.334	11.575	337	1
1525598821	20416	64.334	11.575	337	7
1525598821	20570	64.334	11.569	337	1
1525598821	20625	64.336	11.569	337	1
1525598821	20673	64.336	11.525	337	1
1525598821	20719	64.336	11.525	337	1
1525598821	20773	64.336	11.525	337	1
1525598822	19938	63.786	11.408	337	1
1525598822	19981	63.786	11.453	337	1
1525598822	19899	63.786	11.358	337	14
1525598822	20020	63.786	11.447	337	1
1525598822	20064	63.786	11.364	337	3
1525598822	20110	63.786	11.358	337	1
1525598822	20153	63.786	11.403	337	1
1525598822	20201	63.786	11.408	337	5
1525598822	20289	63.786	11.364	337	2
1525598822	20243	63.786	11.358	337	1
1525598822	20336	63.786	11.358	337	1
1525598822	20380	63.788	11.465	337	3
1525598822	20425	63.788	11.459	337	2
1525598822	20483	63.786	11.459	337	1
1525598822	20578	63.787	11.566	337	9
1525598822	20531	63.787	11.61	337	3
1525598822	20681	63.894	11.723	337	1
1525598822	20633	63.894	11.768	337	1
1525598822	20735	63.894	11.572	337	1
1525598822	20785	63.894	11.521	337	1
1525598823	19908	64.117	11.1	337	1
1525598823	19949	64.117	11.106	337	3
1525598823	19989	64.117	11.1	337	1
1525598823	20072	64.117	11.195	337	8
1525598823	20119	64.117	11.195	337	1
1525598823	20028	64.117	11.15	337	1
1525598823	20165	64.117	11.145	337	1
1525598823	20251	64.117	11.145	337	1
1525598823	20299	64.117	11.145	337	1
1525598823	20210	64.117	11.184	337	8
1525598823	20344	64.117	11.094	337	1
1525598823	20388	64.117	11.1	337	3
1525598823	20436	64.117	11.145	337	1
1525598823	20493	64.117	11.139	337	5
1525598823	20540	64.224	11.1	337	5
1525598823	20590	64.229	11.184	337	5
1525598823	20640	64.229	11.145	337	3
1525598823	20692	64.229	11.19	337	5
1525598823	20744	64.23	11.19	337	2
1525598823	20795	64.232	11.195	337	7
1525598824	19916	63.794	11.705	337	1
1525598824	19956	63.794	11.661	337	1
1525598824	19996	63.794	11.699	337	1
1525598824	20037	63.794	11.744	337	1
1525598824	20080	63.794	11.744	337	1
1525598824	20125	63.794	11.655	337	1
1525598824	20174	63.794	11.744	337	7
1525598824	20260	63.794	11.744	337	1
1525598824	20217	63.794	11.738	337	1
1525598824	20310	63.794	11.694	337	10
1525598824	20397	63.794	11.694	337	3
1525598824	20351	63.794	11.738	337	1
1525598824	20446	63.794	11.782	337	1
1525598824	20502	63.797	11.782	337	5
1525598824	20553	63.898	11.738	337	5
1525598824	20603	63.898	11.726	337	10
1525598824	20701	63.898	11.593	337	3
1525598824	20648	63.898	11.498	337	1
1525598824	20754	64.009	11.486	337	10
1525598824	20802	64.009	11.486	337	1
1525598825	19924	64.119	11.19	337	10
1525598825	19884	64.119	11.279	337	3
1525598825	19964	64.119	11.285	337	3
1525598825	20045	64.119	11.279	337	1
1525598825	20005	64.119	11.329	337	1
1525598825	20090	64.119	11.285	337	1
1525598825	20135	64.119	11.329	337	9
1525598825	20227	64.119	11.329	337	1
1525598825	20182	64.119	11.324	337	4
1525598825	20272	64.119	11.329	337	9
1525598825	20319	64.119	11.419	337	4
1525598825	20358	64.119	11.419	337	2
1525598825	20404	64.119	11.329	337	2
1525598825	20511	64.218	11.285	337	1
1525598825	20453	64.23	11.38	337	7
1525598825	20560	64.23	11.385	337	1
1525598825	20613	64.23	11.525	337	1
1525598825	20659	64.23	11.486	337	1
1525598825	20709	64.23	11.475	337	1
1525598825	20764	64.23	11.285	337	5
1525598826	20013	63.893	11.694	337	1
1525598826	19972	63.893	11.688	337	1
1525598826	19932	63.893	11.694	337	1
1525598826	19892	63.893	11.599	337	1
1525598826	20056	63.893	11.699	337	7
1525598826	20098	63.893	11.649	337	1
1525598826	20142	63.893	11.699	337	1
1525598826	20193	63.893	11.694	337	1
1525598826	20236	63.893	11.694	337	1
1525598826	20279	63.893	11.699	337	1
1525598826	20330	63.893	11.649	337	1
1525598826	20465	63.893	11.649	337	7
1525598826	20520	63.893	11.655	337	1
1525598826	20416	64.004	11.788	337	5
1525598826	20366	64.004	11.788	337	1
1525598826	20570	64.004	11.744	337	1
1525598826	20625	64.004	11.688	337	1
1525598826	20673	64.004	11.688	337	1
1525598826	20719	64.004	11.587	337	1
1525598826	20773	64.004	11.581	337	1
1525598827	19899	64.226	11.771	337	14
1525598827	19938	64.226	11.771	337	1
1525598827	19981	64.226	11.821	337	1
1525598827	20020	64.226	11.771	337	1
1525598827	20064	64.226	11.809	337	3
1525598827	20110	64.226	11.815	337	1
1525598827	20153	64.226	11.859	337	1
1525598827	20201	64.226	11.859	337	5
1525598827	20289	64.226	11.904	337	1
1525598827	20243	64.226	11.904	337	3
1525598827	20336	64.226	11.859	337	1
1525598827	20483	64.226	11.853	337	1
1525598827	20425	64.25	11.803	337	2
1525598827	20380	64.334	11.797	337	3
1525598827	20531	64.339	11.791	337	3
1525598827	20578	64.339	11.797	337	9
1525598827	20681	64.339	11.691	337	1
1525598827	20633	64.339	11.741	337	1
1525598827	20735	64.339	11.791	337	1
1525598827	20785	64.44	11.791	337	1
1525598828	19908	63.792	12.06	337	1
1525598828	19949	63.792	12.06	337	3
1525598828	19989	63.792	12.06	337	1
1525598828	20028	63.792	12.06	337	1
1525598828	20072	63.792	12.054	337	8
1525598828	20119	63.792	12.016	337	1
1525598828	20165	63.792	12.06	337	1
1525598828	20251	63.792	12.066	337	1
1525598828	20299	63.792	12.06	337	1
1525598828	20210	63.792	12.066	337	8
1525598828	20436	63.792	11.966	337	1
1525598828	20388	63.792	12.06	337	3
1525598828	20344	63.792	12.054	337	1
1525598828	20493	63.792	11.978	337	5
1525598828	20540	63.9	12.072	337	2
1525598828	20590	63.9	11.972	337	5
1525598828	20640	63.9	12.01	337	3
1525598828	20692	63.9	11.972	337	1
1525598828	20744	63.9	12.072	337	1
1525598828	20795	64.004	12.117	337	7
1525598829	19996	64.123	11.587	337	1
1525598829	19956	64.123	11.626	337	1
1525598829	19916	64.123	11.581	337	1
1525598829	20037	64.123	11.581	337	1
1525598829	20080	64.123	11.587	337	1
1525598829	20125	64.123	11.631	337	1
1525598829	20174	64.123	11.581	337	7
1525598829	20260	64.123	11.581	337	1
1525598829	20217	64.123	11.587	337	1
1525598829	20310	64.123	11.631	337	10
1525598829	20351	64.123	11.542	337	1
1525598829	20397	64.123	11.542	337	3
1525598829	20446	64.123	11.537	337	1
1525598829	20502	64.123	11.537	337	5
1525598829	20603	64.234	11.548	337	10
1525598829	20553	64.234	11.537	337	5
1525598829	20701	64.235	11.637	337	3
1525598829	20648	64.235	11.643	337	1
1525598829	20754	64.235	11.738	337	10
1525598829	20802	64.235	11.738	337	1
1525598830	19884	63.909	12.274	337	1
1525598830	19924	63.909	12.274	337	10
1525598830	19964	63.909	12.229	337	3
1525598830	20045	63.909	12.229	337	1
1525598830	20005	63.909	12.185	337	1
1525598830	20090	63.909	12.236	337	1
1525598830	20135	63.909	12.28	337	9
1525598830	20227	63.909	12.236	337	1
1525598830	20182	63.909	12.33	337	1
1525598830	20272	63.909	12.324	337	9
1525598830	20358	63.909	12.292	337	2
1525598830	20319	63.909	12.286	337	4
1525598830	20404	63.909	12.33	337	2
1525598830	20511	63.909	12.33	337	1
1525598830	20453	64.017	12.242	337	7
1525598830	20560	64.017	12.236	337	1
1525598830	20613	64.017	12.141	337	1
1525598830	20659	64.017	12.141	337	1
1525598830	20709	64.017	12.097	337	1
1525598830	20764	64.127	12.04	337	5
1525598831	19892	64.237	11.649	337	1
1525598831	19932	64.237	11.649	337	1
1525598831	19972	64.237	11.649	337	1
1525598831	20013	64.237	11.604	337	1
1525598831	20056	64.237	11.593	337	7
1525598831	20098	64.237	11.637	337	1
1525598831	20142	64.237	11.548	337	1
1525598831	20193	64.237	11.548	337	1
1525598831	20236	64.237	11.593	337	1
1525598831	20279	64.237	11.643	337	1
1525598831	20330	64.237	11.682	337	2
1525598831	20465	64.24	11.694	337	7
1525598831	20520	64.348	11.694	337	1
1525598831	20366	64.349	11.599	337	1
1525598831	20416	64.349	11.599	337	2
1525598831	20570	64.349	11.655	337	1
1525598831	20625	64.349	11.705	337	1
1525598831	20673	64.349	11.8	337	1
1525598831	20719	64.349	11.901	337	1
1525598831	20773	64.349	11.895	337	1
1525598832	19899	63.794	11.901	337	14
1525598832	19981	63.794	11.851	337	1
1525598832	19938	63.794	11.895	337	1
1525598832	20020	63.794	11.863	337	1
1525598832	20064	63.794	11.863	337	3
1525598832	20110	63.794	11.863	337	1
1525598832	20153	63.794	11.812	337	1
1525598832	20201	63.794	11.812	337	5
1525598832	20289	63.794	11.857	337	1
1525598832	20243	63.794	11.863	337	3
1525598832	20336	63.794	11.863	337	1
1525598832	20425	63.794	11.869	337	1
1525598832	20578	63.892	11.875	337	9
1525598832	20380	63.794	11.919	337	3
1525598832	20483	63.794	11.863	337	1
1525598832	20531	63.895	11.881	337	3
1525598832	20681	63.904	11.919	337	1
1525598832	20633	63.904	11.824	337	1
1525598832	20735	63.904	11.964	337	1
1525598832	20785	64.006	11.976	337	5
1525598833	19908	64.123	11.806	337	1
1525598833	19949	64.123	11.768	337	3
1525598833	19989	64.123	11.806	337	1
1525598833	20072	64.123	11.723	337	8
1525598833	20028	64.123	11.717	337	1
1525598833	20119	64.123	11.762	337	1
1525598833	20165	64.123	11.762	337	4
1525598833	20251	64.123	11.762	337	1
1525598833	20299	64.123	11.768	337	1
1525598833	20210	64.123	11.756	337	8
1525598833	20388	64.123	11.806	337	3
1525598833	20344	64.123	11.812	337	1
1525598833	20436	64.123	11.857	337	1
1525598833	20493	64.123	11.895	337	5
1525598833	20540	64.235	11.8	337	1
1525598833	20590	64.235	11.857	337	5
1525598833	20640	64.235	11.863	337	3
1525598833	20692	64.235	11.857	337	1
1525598833	20744	64.235	11.8	337	1
1525598833	20795	64.235	11.705	337	7
1525598834	19916	63.906	12.085	337	1
1525598834	19956	63.906	12.04	337	1
1525598834	19996	63.906	12.04	337	1
1525598834	20037	63.906	12.091	337	1
1525598834	20080	63.906	12.085	337	1
1525598834	20125	63.906	12.04	337	1
1525598834	20174	63.906	12.141	337	7
1525598834	20260	63.906	12.097	337	1
1525598834	20217	63.906	12.091	337	1
1525598834	20310	63.906	12.091	337	10
1525598834	20351	63.906	12.091	337	1
1525598834	20397	63.906	12.091	337	3
1525598834	20446	63.906	12.046	337	1
1525598834	20502	63.906	12.046	337	5
1525598834	20553	64.018	12.091	337	5
1525598834	20603	64.018	12.085	337	10
1525598834	20648	64.018	12.034	337	1
1525598834	20701	64.018	11.946	337	3
1525598834	20754	64.018	12.002	337	10
1525598834	20802	64.018	12.002	337	1
1525598835	19924	64.236	11.263	337	10
1525598835	19964	64.236	11.212	337	3
1525598835	20045	64.236	11.212	337	1
1525598835	19884	64.236	11.257	337	1
1525598835	20005	64.236	11.302	337	1
1525598835	20090	64.236	11.206	337	1
1525598835	20135	64.236	11.117	337	9
1525598835	20227	64.236	11.156	337	1
1525598835	20182	64.236	11.066	337	1
1525598835	20272	64.236	11.066	337	9
1525598835	20319	64.236	11.061	337	4
1525598835	20358	64.236	11.061	337	2
1525598835	20404	64.236	11.061	337	2
1525598835	20511	64.236	11.106	337	1
1525598835	20453	64.347	11.15	337	7
1525598835	20560	64.348	11.15	337	1
1525598835	20613	64.348	11.156	337	1
1525598835	20659	64.348	11.246	337	1
1525598835	20709	64.348	11.206	337	1
1525598835	20764	64.348	11.296	337	5
1525598836	19892	63.806	11.699	337	1
1525598836	19932	63.806	11.655	337	1
1525598836	19972	63.806	11.661	337	1
1525598836	20013	63.806	11.705	337	1
1525598836	20056	63.806	11.744	337	7
1525598836	20098	63.806	11.705	337	1
1525598836	20142	63.806	11.75	337	1
1525598836	20193	63.807	11.75	337	1
1525598836	20236	63.807	11.794	337	1
1525598836	20279	63.807	11.699	337	1
1525598836	20330	63.807	11.705	337	6
1525598836	20465	63.807	11.699	337	7
1525598836	20520	63.913	11.694	337	1
1525598836	20366	63.915	11.694	337	1
1525598836	20416	63.915	11.694	337	1
1525598836	20570	63.915	11.599	337	1
1525598836	20625	63.915	11.542	337	1
1525598836	20673	63.915	11.498	337	1
1525598836	20719	63.915	11.403	337	1
1525598836	20773	63.915	11.369	337	1
1525598837	19938	64.138	11.089	337	1
1525598837	19981	64.138	11.089	337	1
1525598837	19899	64.138	11.089	337	14
1525598837	20020	64.138	11.134	337	1
1525598837	20064	64.138	11.134	337	3
1525598837	20110	64.138	11.128	337	1
1525598837	20153	64.138	11.089	337	1
1525598837	20201	64.138	11.089	337	5
1525598837	20289	64.138	10.999	337	1
1525598837	20243	64.138	10.999	337	3
1525598837	20336	64.138	11.038	337	1
1525598837	20483	64.138	11.033	337	1
1525598837	20425	64.138	11.033	337	1
1525598837	20380	64.138	10.982	337	3
1525598837	20578	64.249	10.937	337	9
1525598837	20531	64.249	10.977	337	3
1525598837	20681	64.249	10.937	337	1
1525598837	20633	64.249	11.027	337	1
1525598837	20735	64.249	10.893	337	1
1525598837	20785	64.249	10.921	337	5
1525598838	19949	63.917	11.217	337	3
1525598838	19908	63.917	11.178	337	1
1525598838	19989	63.917	11.178	337	1
1525598838	20028	63.917	11.268	337	1
1525598838	20119	63.917	11.262	337	1
1525598838	20072	63.917	11.262	337	8
1525598838	20165	63.917	11.217	337	4
1525598838	20251	63.917	11.217	337	1
1525598838	20299	63.917	11.217	337	1
1525598838	20210	63.917	11.223	337	8
1525598838	20388	63.917	11.217	337	3
1525598838	20344	63.917	11.217	337	1
1525598838	20493	63.917	11.178	337	5
1525598838	20436	63.917	11.217	337	1
1525598838	20540	64.026	11.173	337	1
1525598838	20590	64.026	11.122	337	5
1525598838	20692	64.026	11.122	337	1
1525598838	20640	64.026	11.122	337	3
1525598838	20744	64.026	11.223	337	1
1525598838	20795	64.109	11.268	337	7
1525598839	19916	64.245	11.016	337	1
1525598839	19956	64.244	11.055	337	1
1525598839	19996	64.244	11.055	337	1
1525598839	20080	64.244	10.966	337	1
1525598839	20037	64.244	10.96	337	1
1525598839	20125	64.244	11.011	337	1
1525598839	20174	64.244	10.91	337	7
1525598839	20260	64.244	10.955	337	1
1525598839	20217	64.244	10.96	337	1
1525598839	20310	64.244	10.915	337	10
1525598839	20351	64.244	10.915	337	1
1525598839	20397	64.244	10.96	337	3
1525598839	20446	64.244	10.966	337	1
1525598839	20502	64.254	10.966	337	5
1525598839	20603	64.358	10.921	337	10
1525598839	20553	64.358	10.96	337	5
1525598839	20701	64.358	11.111	337	3
1525598839	20648	64.358	11.022	337	1
1525598839	20754	64.358	11.011	337	10
1525598839	20802	64.358	11.011	337	1
1525598840	19884	63.921	11.368	337	1
1525598840	19924	63.921	11.362	337	10
1525598840	19964	63.921	11.362	337	3
1525598840	20045	63.92	11.413	337	1
1525598840	20005	63.933	11.362	337	1
1525598840	20090	63.933	11.407	337	1
1525598840	20135	63.933	11.452	337	9
1525598840	20227	63.933	11.413	337	1
1525598840	20182	63.933	11.452	337	1
1525598840	20272	63.933	11.457	337	9
1525598840	20319	63.933	11.457	337	4
1525598840	20358	63.933	11.457	337	2
1525598840	20404	63.933	11.413	337	2
1525598840	20511	63.94	11.413	337	1
1525598840	20453	64.042	11.407	337	7
1525598840	20560	64.042	11.413	337	1
1525598840	20659	64.042	11.413	337	1
1525598840	20613	64.042	11.502	337	1
1525598840	20709	64.042	11.546	337	1
1525598840	20764	64.152	11.463	337	5
1525598841	19892	64.264	10.826	337	1
1525598841	19972	64.264	10.82	337	1
1525598841	19932	64.264	10.865	337	1
1525598841	20013	64.264	10.82	337	1
1525598841	20056	64.264	10.786	337	7
1525598841	20098	64.264	10.781	337	1
1525598841	20142	64.264	10.826	337	1
1525598841	20193	64.264	10.826	337	1
1525598841	20236	64.264	10.781	337	1
1525598841	20279	64.264	10.826	337	1
1525598841	20330	64.263	10.876	337	6
1525598841	20465	64.26	10.876	337	7
1525598841	20520	64.364	10.882	337	1
1525598841	20416	64.367	10.882	337	1
1525598841	20366	64.367	10.882	337	1
1525598841	20570	64.367	10.882	337	1
1525598841	20625	64.367	10.887	337	1
1525598841	20673	64.367	10.837	337	1
1525598841	20719	64.369	10.882	337	1
1525598841	20773	64.481	10.876	337	1
1525598842	19899	63.821	11.246	337	14
1525598842	19981	63.821	11.201	337	1
1525598842	19938	63.821	11.201	337	1
1525598842	20020	63.821	11.24	337	1
1525598842	20110	63.821	11.296	337	1
1525598842	20064	63.821	11.296	337	3
1525598842	20201	63.821	11.296	337	5
1525598842	20153	63.821	11.296	337	1
1525598842	20289	63.821	11.341	337	1
1525598842	20243	63.821	11.335	337	3
1525598842	20336	63.821	11.29	337	1
1525598842	20483	63.821	11.251	337	1
1525598842	20425	63.821	11.201	337	1
1525598842	20380	63.821	11.251	337	3
1525598842	20578	63.928	11.29	337	9
1525598842	20531	63.928	11.206	337	3
1525598842	20681	63.928	11.139	337	1
1525598842	20633	63.928	11.1	337	1
1525598842	20735	63.928	11.145	337	1
1525598842	20785	63.928	11.156	337	5
1525598843	19908	64.152	10.909	337	1
1525598843	19949	64.152	10.909	337	3
1525598843	19989	64.152	10.909	337	1
1525598843	20072	64.152	10.864	337	8
1525598843	20028	64.152	10.859	337	1
1525598843	20119	64.152	10.864	337	1
1525598843	20165	64.152	10.864	337	4
1525598843	20251	64.152	10.864	337	1
1525598843	20299	64.152	10.814	337	1
1525598843	20210	64.152	10.814	337	8
1525598843	20388	64.152	10.814	337	3
1525598843	20344	64.152	10.819	337	1
1525598843	20436	64.152	10.819	337	1
1525598843	20493	64.152	10.859	337	5
1525598843	20540	64.264	10.864	337	1
1525598843	20590	64.264	10.965	337	5
1525598843	20640	64.264	10.92	337	3
1525598843	20692	64.264	10.92	337	1
1525598843	20744	64.264	10.819	337	1
1525598843	20795	64.264	10.768	337	7
1525598844	19916	63.925	11.089	337	1
1525598844	19956	63.925	11.044	337	1
1525598844	19996	63.925	11.089	337	1
1525598844	20037	63.925	11.19	337	1
1525598844	20080	63.925	11.184	337	1
1525598844	20125	63.925	11.139	337	1
1525598844	20174	63.925	11.145	337	7
1525598844	20260	63.925	11.19	337	1
1525598844	20217	63.925	11.184	337	1
1525598844	20310	63.925	11.19	337	10
1525598844	20351	63.925	11.229	337	1
1525598844	20397	63.925	11.229	337	3
1525598844	20446	63.925	11.229	337	1
1525598844	20502	63.925	11.229	337	5
1525598844	20553	64.033	11.184	337	5
1525598844	20603	64.033	11.184	337	10
1525598844	20648	64.033	11.223	337	1
1525598844	20701	64.033	11.179	337	3
1525598844	20754	64.144	11.285	337	10
1525598844	20802	64.144	11.28	337	1
1525598845	19964	64.252	10.684	337	3
1525598845	20045	64.252	10.638	337	1
1525598845	19924	64.252	10.638	337	10
1525598845	19884	64.252	10.638	337	1
1525598845	20005	64.253	10.644	337	1
1525598845	20090	64.253	10.649	337	1
1525598845	20135	64.253	10.644	337	9
1525598845	20227	64.253	10.644	337	1
1525598845	20182	64.253	10.649	337	1
1525598845	20272	64.253	10.649	337	9
1525598845	20358	64.253	10.598	337	2
1525598845	20319	64.253	10.598	337	4
1525598845	20511	64.253	10.649	337	1
1525598845	20404	64.253	10.644	337	2
1525598845	20453	64.253	10.751	337	7
1525598845	20560	64.253	10.79	337	1
1525598845	20659	64.368	10.801	337	1
1525598845	20613	64.368	10.756	337	1
1525598845	20709	64.368	10.711	337	1
1525598845	20764	64.368	10.852	337	5
1525598846	19892	63.816	11.634	337	3
1525598846	19932	63.816	11.55	337	1
1525598846	19972	63.816	11.678	337	1
1525598846	20013	63.816	11.628	337	1
1525598846	20056	63.816	11.628	337	7
1525598846	20098	63.816	11.628	337	1
1525598846	20142	63.816	11.577	337	1
1525598846	20193	63.816	11.583	337	1
1525598846	20236	63.816	11.583	337	1
1525598846	20279	63.816	11.577	337	1
1525598846	20330	63.816	11.533	337	6
1525598846	20465	63.821	11.533	337	7
1525598846	20520	63.927	11.533	337	1
1525598846	20416	63.927	11.527	337	1
1525598846	20366	63.927	11.527	337	1
1525598846	20570	63.927	11.527	337	1
1525598846	20625	63.927	11.521	337	1
1525598846	20773	64.028	11.881	337	2
1525598846	20719	63.927	11.78	337	1
1525598846	20673	63.927	11.572	337	1
1525598847	19899	64.147	11.527	338	14
1525598847	19938	64.147	11.527	338	1
1525598847	19981	64.147	11.527	338	1
1525598847	20020	64.147	11.527	338	1
1525598847	20064	64.147	11.521	338	3
1525598847	20110	64.147	11.527	338	1
1525598847	20153	64.147	11.572	338	1
1525598847	20201	64.147	11.61	338	5
1525598847	20243	64.147	11.527	338	3
1525598847	20289	64.147	11.521	338	1
1525598847	20336	64.147	11.673	338	1
1525598847	20483	64.147	11.711	338	11
1525598847	20380	64.259	11.673	338	3
1525598847	20425	64.25	11.717	338	1
1525598847	20531	64.261	11.762	338	3
1525598847	20578	64.261	11.723	338	9
1525598847	20681	64.261	11.83	338	5
1525598847	20633	64.261	11.83	338	1
1525598847	20735	64.261	11.869	338	8
1525598847	20785	64.269	11.818	338	5
1525598848	19989	63.938	12.014	338	1
1525598848	20072	63.938	12.02	338	8
1525598848	19908	63.938	12.059	338	1
1525598848	20028	63.937	12.115	338	10
1525598848	19949	63.938	12.014	338	3
1525598848	20119	63.937	12.071	338	6
1525598848	20165	63.937	12.172	338	4
1525598848	20251	63.937	12.172	338	1
1525598848	20299	63.937	12.216	338	7
1525598848	20210	63.937	12.216	338	8
1525598848	20388	63.937	12.216	338	3
1525598848	20344	63.937	12.216	338	1
1525598848	20436	63.937	12.254	338	7
1525598848	20493	63.937	12.216	338	5
1525598848	20540	63.937	12.21	338	1
1525598848	20590	64.048	12.115	338	5
1525598848	20640	64.048	12.153	338	3
1525598848	20692	64.048	12.159	338	1
1525598848	20744	64.048	12.059	338	1
1525598848	20795	64.048	12.008	338	7
1525598849	19916	64.271	11.8	338	1
1525598849	19956	64.271	11.851	338	6
1525598849	19996	64.271	11.889	338	1
1525598849	20037	64.271	11.794	338	1
1525598849	20080	64.271	11.794	338	1
1525598849	20125	64.271	11.794	338	1
1525598849	20174	64.271	11.794	338	7
1525598849	20260	64.271	11.744	338	1
1525598849	20217	64.271	11.75	338	1
1525598849	20310	64.271	11.794	338	10
1525598849	20351	64.271	11.794	338	1
1525598849	20397	64.271	11.75	338	3
1525598849	20446	64.271	11.75	338	3
1525598849	20502	64.271	11.75	338	5
1525598849	20553	64.378	11.75	338	5
1525598849	20603	64.378	11.744	338	10
1525598849	20648	64.378	11.604	338	1
1525598849	20701	64.378	11.694	338	3
1525598849	20802	64.486	11.705	338	1
1525598849	20754	64.485	11.699	338	10
1525598850	19884	63.835	12.72	338	1
1525598850	19964	63.835	12.682	338	3
1525598850	20045	63.835	12.726	338	7
1525598850	19924	63.835	12.726	338	10
1525598850	20005	63.835	12.764	338	1
1525598850	20090	63.835	12.72	338	13
1525598850	20135	63.835	12.676	338	9
1525598850	20182	63.835	12.676	338	1
1525598850	20227	63.835	12.72	338	7
1525598850	20272	63.835	12.714	338	9
1525598850	20319	63.835	12.77	338	4
1525598850	20358	63.835	12.808	338	2
1525598850	20404	63.835	12.814	338	2
1525598850	20511	63.835	12.764	338	1
1525598850	20453	63.945	12.67	338	7
1525598850	20560	63.945	12.626	338	1
1525598850	20613	63.945	12.469	338	1
1525598850	20659	63.945	12.469	338	1
1525598850	20709	63.945	12.519	338	10
1525598850	20764	64.053	12.575	338	5
1525598851	19892	64.163	11.946	338	3
1525598851	19972	64.163	11.901	338	11
1525598851	20013	64.163	11.901	338	1
1525598851	19932	64.163	11.94	338	3
1525598851	20056	64.163	11.952	338	7
1525598851	20098	64.163	11.996	338	1
1525598851	20142	64.163	12.04	338	1
1525598851	20193	64.163	12.04	338	12
1525598851	20236	64.163	11.996	338	1
1525598851	20279	64.163	11.958	338	1
1525598851	20330	64.163	11.996	338	6
1525598851	20465	64.163	11.99	338	7
1525598851	20520	64.196	11.99	338	9
1525598851	20416	64.268	12.002	338	1
1525598851	20366	64.268	12.002	338	1
1525598851	20570	64.268	12.046	338	6
1525598851	20625	64.268	12.153	338	1
1525598851	20673	64.268	12.147	338	12
1525598851	20719	64.268	11.99	338	1
1525598851	20773	64.268	11.889	338	7
1525598852	19938	63.929	12.242	338	1
1525598852	19981	63.929	12.198	338	1
1525598852	20020	63.929	12.153	338	1
1525598852	20064	63.929	12.198	338	3
1525598852	19899	63.929	12.198	338	14
1525598852	20110	63.929	12.198	338	1
1525598852	20201	63.929	12.115	338	5
1525598852	20153	63.929	12.153	338	1
1525598852	20289	63.929	12.159	338	1
1525598852	20243	63.929	12.153	338	3
1525598852	20336	63.929	12.103	338	1
1525598852	20483	63.929	12.014	338	11
1525598852	20425	63.929	12.052	338	1
1525598852	20380	63.929	12.008	338	3
1525598852	20578	64.037	12.046	338	9
1525598852	20531	64.037	12.008	338	3
1525598852	20681	64.037	11.946	338	5
1525598852	20633	64.037	11.895	338	1
1525598852	20735	64.037	11.75	338	8
1525598852	20785	64.148	11.794	338	5
1525598853	19908	64.261	11.296	338	1
1525598853	19949	64.261	11.296	338	3
1525598853	19989	64.261	11.296	338	1
1525598853	20028	64.261	11.246	338	10
1525598853	20072	64.261	11.29	338	8
1525598853	20119	64.261	11.24	338	6
1525598853	20165	64.261	11.184	338	4
1525598853	20251	64.261	11.19	338	1
1525598853	20299	64.261	11.19	338	7
1525598853	20388	64.261	11.195	338	3
1525598853	20436	64.261	11.201	338	7
1525598853	20210	64.261	11.145	338	8
1525598853	20493	64.261	11.201	338	5
1525598853	20540	64.261	11.397	338	1
1525598853	20344	64.261	11.285	338	1
1525598853	20590	64.373	11.498	338	5
1525598853	20640	64.373	11.548	338	3
1525598853	20692	64.373	11.542	338	1
1525598853	20744	64.373	11.649	338	1
1525598853	20795	64.373	11.699	338	7
1525598854	19916	63.824	11.812	338	1
1525598854	19996	63.824	11.678	338	1
1525598854	19956	63.824	11.762	338	6
1525598854	20037	63.824	11.818	338	1
1525598854	20080	63.824	11.812	338	1
1525598854	20125	63.824	11.863	338	1
1525598854	20174	63.825	11.857	338	7
1525598854	20260	63.825	11.863	338	1
1525598854	20217	63.825	11.863	338	1
1525598854	20310	63.825	11.812	338	10
1525598854	20351	63.825	11.818	338	1
1525598854	20397	63.825	11.818	338	3
1525598854	20446	63.825	11.818	338	3
1525598854	20502	63.825	11.818	338	5
1525598854	20553	63.936	11.863	338	5
1525598854	20603	63.936	11.907	338	10
1525598854	20701	63.936	11.818	338	3
1525598854	20648	63.936	11.863	338	1
1525598854	20754	64.047	11.655	338	10
1525598854	20802	64.047	11.655	338	1
1525598855	19924	64.155	10.758	338	10
1525598855	19884	64.155	10.763	338	1
1525598855	20045	64.155	10.712	338	7
1525598855	19964	64.155	10.803	338	3
1525598855	20005	64.155	10.667	338	1
1525598855	20090	64.155	10.707	338	13
1525598855	20135	64.155	10.758	338	9
1525598855	20227	64.155	10.712	338	7
1525598855	20182	64.155	10.712	338	1
1525598855	20272	64.155	10.712	338	9
1525598855	20319	64.155	10.662	338	4
1525598855	20358	64.155	10.622	338	2
1525598855	20404	64.155	10.662	338	2
1525598855	20511	64.155	10.622	338	1
1525598855	20453	64.267	10.617	338	7
1525598855	20560	64.269	10.707	338	1
1525598855	20659	64.269	10.763	338	1
1525598855	20613	64.269	10.763	338	1
1525598855	20709	64.269	10.712	338	10
1525598855	20764	64.269	10.606	338	5
1525598856	19892	63.834	11.1	338	3
1525598856	19932	63.834	11.19	338	3
1525598856	19972	63.834	11.145	338	11
1525598856	20013	63.834	11.145	338	1
1525598856	20056	63.834	11.089	338	7
1525598856	20098	63.834	11.094	338	1
1525598856	20142	63.834	11.049	338	1
1525598856	20193	63.834	11.049	338	12
1525598856	20236	63.834	11.139	338	1
1525598856	20279	63.834	11.139	338	1
1525598856	20330	63.834	11.094	338	6
1525598856	20465	63.834	11.145	338	7
1525598856	20520	63.944	11.145	338	9
1525598856	20416	63.944	11.134	338	1
1525598856	20366	63.944	11.134	338	1
1525598856	20570	63.944	11.134	338	6
1525598856	20625	63.944	11.033	338	1
1525598856	20673	63.944	10.988	338	12
1525598856	20719	63.944	11.094	338	1
1525598856	20773	64.055	11.139	338	7
1525598857	19899	64.168	10.72	338	14
1525598857	19938	64.168	10.675	338	1
1525598857	19981	64.168	10.72	338	1
1525598857	20020	64.168	10.72	338	1
1525598857	20064	64.168	10.669	338	3
1525598857	20110	64.168	10.669	338	1
1525598857	20153	64.168	10.624	338	1
1525598857	20201	64.168	10.669	338	5
1525598857	20289	64.168	10.709	338	1
1525598857	20243	64.168	10.714	338	3
1525598857	20336	64.168	10.624	338	1
1525598857	20425	64.272	10.675	338	1
1525598857	20483	64.168	10.669	338	11
1525598857	20380	64.275	10.669	338	3
1525598857	20578	64.277	10.63	338	9
1525598857	20531	64.277	10.714	338	3
1525598857	20681	64.277	10.775	338	5
1525598857	20633	64.277	10.826	338	1
1525598857	20735	64.277	10.882	338	8
1525598857	20785	64.279	10.837	338	5
1525598858	19908	63.951	11.424	338	1
1525598858	19949	63.952	11.469	338	3
1525598858	19989	63.952	11.469	338	1
1525598858	20072	63.952	11.469	338	8
1525598858	20119	63.952	11.469	338	6
1525598858	20028	63.952	11.424	338	10
1525598858	20165	63.952	11.475	338	4
1525598858	20251	63.952	11.508	338	1
1525598858	20299	63.952	11.469	338	7
1525598858	20210	63.952	11.513	338	8
1525598858	20388	63.952	11.419	338	3
1525598858	20344	63.952	11.329	338	1
1525598858	20436	63.952	11.419	338	7
1525598858	20493	63.952	11.413	338	5
1525598858	20540	64.062	11.262	338	1
1525598858	20590	64.062	11.156	338	5
1525598858	20692	64.062	11.111	338	1
1525598858	20640	64.062	11.111	338	3
1525598858	20744	64.062	11.05	338	1
1525598858	20795	64.062	11.055	338	7
1525598859	19916	64.281	10.709	338	1
1525598859	19956	64.281	10.714	338	6
1525598859	19996	64.281	10.709	338	1
1525598859	20037	64.281	10.664	338	1
1525598859	20080	64.281	10.669	338	1
1525598859	20125	64.281	10.659	338	1
1525598859	20174	64.281	10.664	338	7
1525598859	20260	64.281	10.619	338	1
1525598859	20217	64.281	10.619	338	1
1525598859	20310	64.281	10.709	338	10
1525598859	20351	64.281	10.709	338	1
1525598859	20397	64.281	10.754	338	3
1525598859	20446	64.281	10.709	338	3
1525598859	20502	64.281	10.704	338	5
1525598859	20553	64.392	10.664	338	5
1525598859	20603	64.392	10.664	338	10
1525598859	20701	64.392	10.809	338	3
1525598859	20648	64.392	10.809	338	1
1525598859	20802	64.392	10.86	338	1
1525598859	20754	64.392	10.86	338	10
1525598860	19964	63.947	11.43	338	3
1525598860	19924	63.947	11.43	338	10
1525598860	20045	63.947	11.43	338	7
1525598860	19884	63.947	11.436	338	1
1525598860	20005	63.947	11.43	338	1
1525598860	20090	63.947	11.436	338	13
1525598860	20135	63.947	11.436	338	9
1525598860	20227	63.947	11.436	338	7
1525598860	20182	63.947	11.475	338	1
1525598860	20272	63.947	11.43	338	9
1525598860	20319	63.947	11.475	338	4
1525598860	20358	63.947	11.475	338	2
1525598860	20404	63.947	11.385	338	2
1525598860	20511	63.947	11.469	338	1
1525598860	20560	63.947	11.48	338	1
1525598860	20453	63.947	11.569	338	7
1525598860	20613	64.056	11.575	338	1
1525598860	20659	64.056	11.575	338	1
1525598860	20709	64.056	11.519	338	10
1525598860	20764	64.056	11.385	338	5
1525598861	19892	63.832	11.827	338	3
1525598861	19932	63.832	11.782	338	3
1525598861	19972	63.832	11.827	338	11
1525598861	20013	63.832	11.833	338	1
1525598861	20056	63.832	11.833	338	7
1525598861	20098	63.832	11.788	338	1
1525598861	20142	63.832	11.833	338	1
1525598861	20193	63.832	11.827	338	12
1525598861	20236	63.832	11.738	338	1
1525598861	20279	63.832	11.782	338	1
1525598861	20330	63.832	11.738	338	6
1525598861	20465	63.832	11.788	338	7
1525598861	20520	63.937	11.744	338	9
1525598861	20366	63.94	11.699	338	1
1525598861	20416	63.94	11.699	338	1
1525598861	20570	63.94	11.744	338	6
1525598861	20625	63.94	11.744	338	1
1525598861	20673	63.94	11.75	338	12
1525598861	20773	63.94	11.593	338	7
1525598861	20719	63.94	11.631	338	1
1525598862	19938	64.163	11.738	338	1
1525598862	19981	64.163	11.738	338	1
1525598862	19899	64.163	11.694	338	14
1525598862	20020	64.163	11.738	338	1
1525598862	20064	64.163	11.694	338	3
1525598862	20110	64.163	11.694	338	1
1525598862	20153	64.163	11.827	338	1
1525598862	20201	64.163	11.782	338	5
1525598862	20243	64.163	11.788	338	3
1525598862	20289	64.163	11.788	338	1
1525598862	20336	64.162	11.788	338	1
1525598862	20483	64.162	11.839	338	11
1525598862	20425	64.248	11.839	338	1
1525598862	20380	64.272	11.928	338	3
1525598862	20578	64.274	11.839	338	9
1525598862	20531	64.274	11.794	338	3
1525598862	20681	64.274	11.794	338	5
1525598862	20633	64.274	11.833	338	1
1525598862	20735	64.274	11.934	338	8
1525598862	20785	64.374	11.889	338	5
1525598863	19908	63.835	11.946	338	1
1525598863	19949	63.835	11.952	338	3
1525598863	19989	63.835	11.907	338	1
1525598863	20072	63.835	11.996	338	8
1525598863	20028	63.835	11.996	338	10
1525598863	20119	63.835	11.952	338	6
1525598863	20165	63.835	11.946	338	4
1525598863	20251	63.835	11.958	338	1
1525598863	20299	63.835	11.952	338	7
1525598863	20210	63.835	11.952	338	8
1525598863	20388	63.835	12.002	338	3
1525598863	20436	63.835	11.952	338	7
1525598863	20344	63.835	12.079	338	1
1525598863	20493	63.836	12.04	338	5
1525598863	20540	63.942	11.907	338	1
1525598863	20590	63.942	11.913	338	5
1525598863	20640	63.942	11.907	338	3
1525598863	20692	63.942	11.907	338	1
1525598863	20744	64.05	11.913	338	1
1525598863	20795	64.05	11.857	338	7
1525598864	19916	64.162	11.756	338	1
1525598864	19956	64.162	11.756	338	6
1525598864	19996	64.162	11.762	338	1
1525598864	20037	64.162	11.794	338	1
1525598864	20080	64.162	11.8	338	1
1525598864	20125	64.162	11.756	338	1
1525598864	20174	64.162	11.756	338	7
1525598864	20260	64.162	11.845	338	1
1525598864	20217	64.162	11.839	338	1
1525598864	20310	64.162	11.756	338	10
1525598864	20351	64.162	11.756	338	1
1525598864	20397	64.162	11.705	338	1
1525598864	20446	64.162	11.8	338	3
1525598864	20502	64.269	11.845	338	5
1525598864	20553	64.274	11.845	338	5
1525598864	20603	64.274	11.806	338	10
1525598864	20701	64.274	11.857	338	3
1525598864	20648	64.274	11.984	338	1
1525598864	20754	64.274	11.901	338	10
1525598864	20802	64.274	11.901	338	1
1525598865	19924	63.95	11.839	338	10
1525598865	19964	63.95	11.839	338	1
1525598865	19884	63.95	11.827	338	1
1525598865	20045	63.95	11.877	338	7
1525598865	20005	63.95	11.883	338	1
1525598865	20090	63.95	11.827	338	13
1525598865	20135	63.95	11.827	338	9
1525598865	20182	63.95	11.833	338	1
1525598865	20227	63.95	11.827	338	7
1525598865	20272	63.95	11.883	338	9
1525598865	20319	63.95	11.883	338	4
1525598865	20358	63.95	11.883	338	11
1525598865	20404	63.963	11.928	338	6
1525598865	20511	63.963	11.928	338	1
1525598865	20453	64.074	11.827	338	7
1525598865	20560	64.074	11.833	338	1
1525598865	20613	64.074	11.833	338	1
1525598865	20659	64.074	11.788	338	1
1525598865	20709	64.075	11.928	338	10
1525598865	20764	64.186	11.922	338	5
1525598866	19892	64.297	11.078	338	3
1525598866	19972	64.297	11.033	338	11
1525598866	19932	64.297	11.078	338	3
1525598866	20013	64.297	11.078	338	1
1525598866	20056	64.298	11.033	338	7
1525598866	20098	64.298	11.072	338	7
1525598866	20142	64.298	11.033	338	1
1525598866	20193	64.298	11.033	338	12
1525598866	20236	64.298	11.033	338	7
1525598866	20279	64.298	11.033	338	1
1525598866	20330	64.298	11.078	338	6
1525598866	20465	64.359	11.033	338	7
1525598866	20520	64.409	11.072	338	9
1525598866	20416	64.41	11.128	338	1
1525598866	20366	64.41	11.128	338	3
1525598866	20570	64.41	11.078	338	6
1525598866	20625	64.41	11.134	338	1
1525598866	20673	64.41	11.173	338	12
1525598866	20719	64.41	11.184	338	1
1525598866	20773	64.41	11.229	338	7
1525598867	19899	63.968	11.453	338	14
1525598867	19938	63.968	11.459	338	1
1525598867	19981	63.968	11.453	338	1
1525598867	20020	63.968	11.453	338	1
1525598867	20064	63.968	11.408	338	3
1525598867	20110	63.968	11.447	338	1
1525598867	20153	63.968	11.319	338	1
1525598867	20201	63.968	11.408	338	5
1525598867	20289	63.968	11.364	338	1
1525598867	20243	63.968	11.358	338	3
1525598867	20336	63.968	11.358	338	1
1525598867	20425	64.071	11.307	338	1
1525598867	20483	63.969	11.313	338	11
1525598867	20380	64.078	11.313	338	3
1525598867	20578	64.08	11.346	338	9
1525598867	20531	64.08	11.352	338	3
1525598867	20633	64.08	11.352	338	4
1525598867	20681	64.08	11.442	338	5
1525598867	20735	64.08	11.397	338	8
1525598867	20785	64.189	11.442	338	5
1525598868	19908	64.301	10.993	338	1
1525598868	19949	64.301	10.988	338	3
1525598868	19989	64.301	11.033	338	1
1525598868	20072	64.301	10.898	338	8
1525598868	20028	64.301	10.898	338	10
1525598868	20119	64.301	10.943	338	6
1525598868	20165	64.301	10.949	338	4
1525598868	20251	64.301	10.937	338	1
1525598868	20299	64.301	10.937	338	7
1525598868	20210	64.301	10.943	338	8
1525598868	20388	64.301	10.938	338	3
1525598868	20436	64.301	10.988	338	7
1525598868	20344	64.301	10.859	338	1
1525598868	20493	64.301	10.853	338	5
1525598868	20540	64.413	11.083	338	1
1525598868	20590	64.413	11.083	338	5
1525598868	20640	64.413	11.134	338	3
1525598868	20692	64.413	11.139	338	1
1525598868	20744	64.415	11.145	338	1
1525598868	20795	64.415	11.195	338	7
1525598869	19916	63.973	11.738	338	1
1525598869	19996	63.973	11.782	338	1
1525598869	19956	63.973	11.782	338	6
1525598869	20037	63.973	11.694	338	1
1525598869	20080	63.973	11.694	338	1
1525598869	20125	63.973	11.699	338	1
1525598869	20174	63.973	11.699	338	7
1525598869	20260	63.973	11.649	338	1
1525598869	20217	63.973	11.655	338	1
1525598869	20310	63.973	11.738	338	10
1525598869	20351	63.973	11.694	338	1
1525598869	20397	63.973	11.75	338	1
1525598869	20446	63.973	11.694	338	3
1525598869	20502	63.976	11.655	338	5
1525598869	20553	64.083	11.604	338	5
1525598869	20603	64.083	11.649	338	10
1525598869	20701	64.083	11.599	338	3
1525598869	20648	64.083	11.465	338	1
1525598869	20802	64.196	11.548	338	1
1525598869	20754	64.196	11.548	338	10
1525598870	19884	64.306	11.044	338	1
1525598870	19924	64.306	11.038	338	10
1525598870	19964	64.306	11.044	338	1
1525598870	20045	64.306	11.049	338	7
1525598870	20090	64.306	11.145	338	13
1525598870	20005	64.306	11.089	338	1
1525598870	20135	64.306	11.049	338	9
1525598870	20227	64.306	11.139	338	7
1525598870	20182	64.306	11.094	338	1
1525598870	20272	64.306	11.044	338	9
1525598870	20404	64.306	11.044	338	6
1525598870	20319	64.306	11.089	338	4
1525598870	20358	64.306	11.083	338	11
1525598870	20453	64.306	11.15	338	7
1525598870	20560	64.306	11.15	338	1
1525598870	20511	64.306	11.094	338	1
1525598870	20613	64.412	11.24	338	1
1525598870	20659	64.412	11.285	338	1
1525598870	20709	64.412	11.195	338	10
1525598870	20764	64.412	11.385	338	5
1525598871	19892	63.862	11.738	338	3
1525598871	19932	63.862	11.699	338	3
1525598871	19972	63.862	11.694	338	11
1525598871	20013	63.862	11.694	338	1
1525598871	20056	63.862	11.744	338	7
1525598871	20098	63.862	11.75	338	7
1525598871	20142	63.862	11.744	338	1
1525598871	20193	63.862	11.75	338	12
1525598871	20236	63.862	11.75	338	7
1525598871	20279	63.862	11.794	338	1
1525598871	20330	63.862	11.788	338	6
1525598871	20465	63.862	11.788	338	1
1525598871	20520	63.968	11.744	338	9
1525598871	20366	63.971	11.738	338	3
1525598871	20416	63.971	11.738	338	1
1525598871	20570	63.971	11.744	338	6
1525598871	20673	63.971	11.643	338	12
1525598871	20625	63.971	11.643	338	1
1525598871	20719	64.07	11.548	338	1
1525598871	20773	64.083	11.492	338	7
1525598872	19899	64.195	11.027	338	1
1525598872	19938	64.195	10.982	338	1
1525598872	19981	64.195	11.027	338	1
1525598872	20020	64.195	10.982	338	1
1525598872	20064	64.195	11.078	338	3
1525598872	20110	64.195	11.033	338	1
1525598872	20153	64.195	11.117	338	1
1525598872	20201	64.195	11.027	338	1
1525598872	20289	64.195	11.072	338	1
1525598872	20243	64.195	11.078	338	3
1525598872	20336	64.195	11.122	338	1
1525598872	20483	64.196	11.161	338	11
1525598872	20425	64.302	11.117	338	1
1525598872	20380	64.305	11.072	338	3
1525598872	20578	64.307	11.122	338	9
1525598872	20531	64.307	11.078	338	3
1525598872	20681	64.307	11.033	338	5
1525598872	20633	64.307	11.078	338	4
1525598872	20735	64.307	10.937	338	8
1525598872	20785	64.307	10.932	338	5
1525598873	19908	63.97	11.296	338	1
1525598873	19949	63.97	11.251	338	3
1525598873	19989	63.97	11.251	338	1
1525598873	20072	63.97	11.341	338	1
1525598873	20028	63.97	11.335	338	10
1525598873	20119	63.97	11.296	338	6
1525598873	20165	63.97	11.29	338	4
1525598873	20251	63.97	11.206	338	1
1525598873	20299	63.97	11.302	338	7
1525598873	20210	63.97	11.251	338	1
1525598873	20388	63.97	11.251	338	1
1525598873	20344	63.97	11.251	338	1
1525598873	20493	63.97	11.296	338	1
1525598873	20436	63.97	11.29	338	7
1525598873	20590	64.077	11.201	338	1
1525598873	20540	64.077	11.201	338	1
1525598873	20640	64.077	11.156	338	3
1525598873	20692	64.077	11.156	338	1
1525598873	20744	64.077	11.206	338	1
1525598873	20795	64.189	11.257	338	7
1525598874	19916	64.301	10.808	338	1
1525598874	19956	64.301	10.808	338	6
1525598874	20037	64.301	10.808	338	1
1525598874	20080	64.301	10.808	338	1
1525598874	19996	64.301	10.803	338	1
1525598874	20125	64.301	10.853	338	1
1525598874	20174	64.301	10.848	338	1
1525598874	20260	64.301	10.853	338	1
1525598874	20217	64.301	10.853	338	1
1525598874	20310	64.301	10.718	338	1
1525598874	20351	64.301	10.808	338	1
1525598874	20397	64.301	10.752	338	1
1525598874	20502	64.301	10.803	338	5
1525598874	20446	64.301	10.803	338	3
1525598874	20603	64.413	10.848	338	1
1525598874	20553	64.413	10.853	338	5
1525598874	20701	64.413	10.803	338	3
1525598874	20648	64.413	10.808	338	1
1525598874	20754	64.413	10.853	338	1
1525598874	20802	64.413	10.853	338	1
1525598875	20045	63.976	11.313	338	7
1525598875	19964	63.976	11.313	338	1
1525598875	19884	63.976	11.319	338	1
1525598875	19924	63.976	11.319	338	1
1525598875	20005	63.975	11.268	338	1
1525598875	20090	63.975	11.268	338	13
1525598875	20135	63.975	11.358	338	9
1525598875	20227	63.975	11.263	338	7
1525598875	20182	63.975	11.307	338	1
1525598875	20272	63.975	11.313	338	9
1525598875	20319	63.975	11.268	338	1
1525598875	20404	63.975	11.319	338	6
1525598875	20453	63.975	11.364	338	1
1525598875	20358	63.975	11.274	338	11
1525598875	20560	63.975	11.364	338	1
1525598875	20511	63.975	11.319	338	1
1525598875	20613	64.083	11.274	338	1
1525598875	20659	64.083	11.268	338	1
1525598875	20709	64.083	11.268	338	10
1525598875	20764	64.194	11.122	338	5
1525598876	19932	64.306	10.673	338	3
1525598876	19972	64.306	10.678	338	11
1525598876	19892	64.306	10.628	338	3
1525598876	20013	64.306	10.628	338	1
1525598876	20056	64.306	10.628	338	1
1525598876	20098	64.306	10.622	338	7
1525598876	20142	64.306	10.673	338	3
1525598876	20193	64.306	10.712	338	12
1525598876	20236	64.306	10.667	338	7
1525598876	20279	64.306	10.673	338	1
1525598876	20330	64.306	10.678	338	6
1525598876	20465	64.306	10.673	338	1
1525598876	20520	64.416	10.678	338	9
1525598876	20416	64.418	10.729	338	1
1525598876	20366	64.418	10.723	338	3
1525598876	20570	64.418	10.723	338	6
1525598876	20625	64.418	10.824	338	1
1525598876	20673	64.418	10.83	338	12
1525598876	20719	64.418	10.926	338	1
1525598876	20773	64.418	10.976	338	7
1525598877	19899	63.862	11.64	338	1
1525598877	19938	63.862	11.634	338	1
1525598877	19981	63.862	11.64	338	1
1525598877	20020	63.862	11.64	338	1
1525598877	20064	63.862	11.583	338	3
1525598877	20110	63.862	11.634	338	1
1525598877	20153	63.862	11.589	338	1
1525598877	20201	63.862	11.634	338	1
1525598877	20289	63.862	11.634	338	1
1525598877	20243	63.862	11.634	338	3
1525598877	20336	63.862	11.544	338	1
1525598877	20483	63.863	11.589	338	11
1525598877	20425	63.966	11.595	338	1
1525598877	20380	63.972	11.634	338	3
1525598877	20578	63.972	11.589	338	9
1525598877	20531	63.972	11.583	338	3
1525598877	20681	63.972	11.437	338	5
1525598877	20633	63.972	11.437	338	4
1525598877	20735	64.072	11.431	338	8
1525598877	20785	64.081	11.336	338	5
1525598878	19908	64.193	11.257	338	1
1525598878	19949	64.193	11.302	338	3
1525598878	19989	64.193	11.257	338	1
1525598878	20072	64.193	11.212	338	1
1525598878	20028	64.193	11.212	338	10
1525598878	20119	64.193	11.257	338	6
1525598878	20165	64.193	11.212	338	4
1525598878	20251	64.193	11.302	338	1
1525598878	20299	64.193	11.257	338	7
1525598878	20210	64.193	11.302	338	1
1525598878	20388	64.193	11.257	338	1
1525598878	20344	64.193	11.251	338	1
1525598878	20436	64.193	11.257	338	7
1525598878	20493	64.241	11.296	338	1
1525598878	20540	64.306	11.218	338	1
1525598878	20590	64.306	11.307	338	1
1525598878	20640	64.306	11.346	338	3
1525598878	20692	64.306	11.346	338	1
1525598878	20744	64.306	11.296	338	3
1525598878	20795	64.306	11.296	338	7
1525598879	19916	63.978	11.593	338	1
1525598879	19996	63.978	11.593	338	1
1525598879	19956	63.978	11.593	338	6
1525598879	20037	63.978	11.593	338	1
1525598879	20080	63.978	11.593	338	1
1525598879	20125	63.978	11.548	338	1
1525598879	20174	63.978	11.593	338	1
1525598879	20260	63.978	11.548	338	1
1525598879	20217	63.978	11.548	338	1
1525598879	20310	63.978	11.637	338	1
1525598879	20351	63.978	11.593	338	1
1525598879	20397	63.978	11.593	338	1
1525598879	20446	63.978	11.593	338	3
1525598879	20502	63.987	11.593	338	5
1525598879	20553	64.088	11.593	338	5
1525598879	20603	64.088	11.548	338	1
1525598879	20648	64.088	11.492	338	1
1525598879	20701	64.088	11.447	338	1
1525598879	20754	64.196	11.548	338	1
1525598879	20802	64.196	11.548	338	1
1525598880	19884	63.854	12.04	338	1
1525598880	19924	63.854	12.046	338	1
1525598880	19964	63.854	12.046	338	1
1525598880	20045	63.854	12.091	338	7
1525598880	20005	63.854	12.085	338	1
1525598880	20090	63.854	12.079	338	13
1525598880	20135	63.854	12.04	338	9
1525598880	20227	63.854	12.046	338	7
1525598880	20182	63.854	12.04	338	1
1525598880	20272	63.854	12.04	338	3
1525598880	20358	63.854	12.034	338	11
1525598880	20319	63.854	11.996	338	1
1525598880	20404	63.854	12.085	338	6
1525598880	20511	63.854	11.996	338	1
1525598880	20453	63.956	11.996	338	1
1525598880	20560	63.965	11.99	338	1
1525598880	20613	63.965	11.889	338	1
1525598880	20659	63.965	11.895	338	1
1525598880	20709	63.965	11.8	338	10
1525598880	20764	63.965	11.952	338	1
1525598881	19972	64.188	12.147	338	11
1525598881	19932	64.188	12.147	338	3
1525598881	20013	64.188	12.191	338	1
1525598881	19892	64.188	12.147	338	3
1525598881	20056	64.188	12.185	338	1
1525598881	20098	64.188	12.185	338	7
1525598881	20142	64.188	12.141	338	3
1525598881	20193	64.188	12.097	338	12
1525598881	20236	64.188	12.135	338	7
1525598881	20279	64.188	12.091	338	1
1525598881	20330	64.188	12.091	338	6
1525598881	20465	64.188	12.091	338	1
1525598881	20520	64.299	12.179	338	9
1525598881	20416	64.3	12.173	338	1
1525598881	20366	64.3	12.179	338	3
1525598881	20570	64.3	12.179	338	6
1525598881	20625	64.3	12.217	338	1
1525598881	20673	64.3	12.217	338	12
1525598881	20719	64.3	12.173	338	1
1525598881	20773	64.3	12.129	338	7
1525598882	19899	63.968	11.978	338	1
1525598882	19981	63.968	11.928	338	1
1525598882	20020	63.968	11.978	338	1
1525598882	19938	63.968	11.972	338	1
1525598882	20110	63.968	11.984	338	1
1525598882	20064	63.968	12.034	338	3
1525598882	20201	63.968	11.984	338	1
1525598882	20153	63.968	11.984	338	1
1525598882	20289	63.968	11.984	338	1
1525598882	20243	63.968	11.984	338	3
1525598882	20336	63.968	11.978	338	1
1525598882	20483	63.968	11.94	338	11
1525598882	20425	63.968	11.984	338	1
1525598882	20380	63.968	11.946	338	1
1525598882	20578	64.08	11.99	338	1
1525598882	20531	64.08	11.99	338	3
1525598882	20681	64.08	12.097	338	5
1525598882	20633	64.08	12.046	338	4
1525598882	20735	64.082	12.091	338	8
1525598882	20785	64.192	12.147	338	5
1525598883	19908	64.303	11.723	338	5
1525598883	20028	64.303	11.919	338	10
1525598883	20072	64.303	11.913	338	1
1525598883	20165	64.303	12.065	338	4
1525598883	20251	64.303	12.077	338	9
1525598883	19989	64.303	11.863	338	1
1525598883	19949	64.303	11.768	338	1
1525598883	20119	64.303	11.964	338	6
1525598883	20299	64.303	12.178	338	7
1525598883	20210	64.303	12.273	338	1
1525598883	20388	64.303	12.279	338	1
1525598883	20436	64.303	12.19	338	7
1525598883	20344	64.303	12.329	338	11
1525598883	20493	64.303	12.285	338	1
1525598883	20540	64.303	12.367	338	11
1525598883	20590	64.414	12.273	338	1
1525598883	20692	64.414	12.279	338	10
1525598883	20640	64.414	12.285	338	3
1525598883	20744	64.414	12.323	338	3
1525598883	20795	64.414	12.374	338	1
1525598884	19956	63.868	12.658	338	6
1525598884	19916	63.868	12.658	338	8
1525598884	19996	63.868	12.664	338	9
1525598884	20037	63.868	12.658	338	12
1525598884	20080	63.868	12.658	338	7
1525598884	20125	63.868	12.658	338	10
1525598884	20174	63.868	12.62	338	1
1525598884	20260	63.868	12.664	338	8
1525598884	20217	63.868	12.658	338	6
1525598884	20310	63.868	12.658	338	1
1525598884	20351	63.868	12.658	338	1
1525598884	20397	63.868	12.664	338	1
1525598884	20446	63.868	12.664	338	3
1525598884	20502	63.868	12.702	338	1
1525598884	20553	63.978	12.708	338	1
1525598884	20603	63.978	12.708	338	1
1525598884	20701	63.978	12.752	338	1
1525598884	20648	63.978	12.796	338	5
1525598884	20754	64.078	12.796	338	1
1525598884	20802	64.081	12.796	338	11
1525598885	19924	64.2	12.028	338	1
1525598885	19964	64.2	12.028	338	1
1525598885	19884	64.2	12.034	338	3
1525598885	20045	64.2	11.984	338	7
1525598885	20005	64.2	11.996	338	6
1525598885	20090	64.2	12.034	338	13
1525598885	20135	64.2	12.04	338	1
1525598885	20227	64.2	12.04	338	7
1525598885	20182	64.2	12.04	338	4
1525598885	20272	64.2	12.04	338	1
1525598885	20319	64.2	12.129	338	1
1525598885	20358	64.2	12.085	338	11
1525598885	20404	64.2	12.079	338	6
1525598885	20511	64.21	12.072	338	10
1525598885	20453	64.314	12.022	338	1
1525598885	20560	64.314	12.028	338	1
1525598885	20613	64.314	12.079	338	13
1525598885	20659	64.314	12.079	338	5
1525598885	20709	64.314	12.267	338	10
1525598885	20764	64.314	12.129	338	1
1525598886	19932	63.985	12.506	338	3
1525598886	19972	63.985	12.506	338	11
1525598886	19892	63.985	12.513	338	3
1525598886	20013	63.985	12.557	338	5
1525598886	20056	63.985	12.513	338	1
1525598886	20098	63.985	12.519	338	7
1525598886	20142	63.985	12.513	338	3
1525598886	20193	63.985	12.519	338	12
1525598886	20236	63.985	12.569	338	7
1525598886	20279	63.985	12.607	338	10
1525598886	20330	63.985	12.569	338	6
1525598886	20465	63.985	12.569	338	1
1525598886	20520	64.081	12.519	338	9
1525598886	20366	64.093	12.525	338	3
1525598886	20416	64.093	12.525	338	7
1525598886	20570	64.093	12.519	338	6
1525598886	20625	64.093	12.418	338	1
1525598886	20673	64.093	12.418	338	12
1525598886	20719	64.093	12.462	338	1
1525598886	20773	64.191	12.469	338	7
1525598887	19899	64.317	12.5	338	1
1525598887	19938	64.317	12.506	338	11
1525598887	19981	64.317	12.506	338	1
1525598887	20020	64.317	12.5	338	9
1525598887	20110	64.317	12.456	338	1
1525598887	20064	64.317	12.45	338	3
1525598887	20153	64.317	12.5	338	1
1525598887	20201	64.317	12.5	338	1
1525598887	20289	64.317	12.5	338	11
1525598887	20243	64.317	12.5	338	3
1525598887	20336	64.317	12.55	338	5
1525598887	20380	64.426	12.544	338	1
1525598887	20483	64.317	12.55	338	11
1525598887	20425	64.419	12.544	338	14
1525598887	20578	64.428	12.506	338	1
1525598887	20531	64.428	12.594	338	3
1525598887	20681	64.428	12.588	338	5
1525598887	20633	64.428	12.638	338	4
1525598887	20735	64.428	12.688	338	8
1525598887	20785	64.428	12.682	338	5
1525598888	19949	63.881	13.357	338	1
1525598888	19989	63.881	13.263	338	1
1525598888	19908	63.881	13.4	338	6
1525598888	20072	63.881	13.307	338	1
1525598888	20119	63.881	13.263	338	6
1525598888	20028	63.881	13.307	338	10
1525598888	20165	63.881	13.207	338	4
1525598888	20251	63.881	13.15	338	9
1525598888	20299	63.881	13.05	338	7
1525598888	20210	63.881	12.913	338	1
1525598888	20344	63.881	12.9	338	11
1525598888	20388	63.881	12.95	338	1
1525598888	20436	63.881	12.994	338	7
1525598888	20493	63.881	12.9	338	1
1525598888	20540	63.987	12.9	338	11
1525598888	20590	63.987	12.906	338	1
1525598888	20640	63.987	12.806	338	3
1525598888	20692	63.987	12.813	338	10
1525598888	20744	63.987	12.906	338	3
1525598888	20795	64.096	12.769	338	1
1525598889	19916	64.207	12.256	338	8
1525598889	19996	64.207	12.206	338	9
1525598889	19956	64.207	12.206	338	6
1525598889	20080	64.207	12.256	338	7
1525598889	20037	64.207	12.256	338	12
1525598889	20125	64.207	12.256	338	10
1525598889	20174	64.207	12.294	338	1
1525598889	20260	64.207	12.294	338	8
1525598889	20217	64.207	12.3	338	6
1525598889	20310	64.207	12.3	338	1
1525598889	20351	64.207	12.3	338	1
1525598889	20397	64.207	12.344	338	1
1525598889	20446	64.208	12.35	338	3
1525598889	20502	64.214	12.306	338	1
1525598889	20553	64.319	12.3	338	1
1525598889	20603	64.32	12.344	338	1
1525598889	20701	64.32	12.45	338	1
1525598889	20648	64.32	12.362	338	5
1525598889	20754	64.32	12.218	338	1
1525598889	20802	64.32	12.212	338	11
1525598890	19964	63.873	12.569	338	1
1525598890	20045	63.873	12.613	338	7
1525598890	19884	63.873	12.613	338	3
1525598890	19924	63.873	12.613	338	1
1525598890	20005	63.873	12.563	338	6
1525598890	20090	63.873	12.525	338	13
1525598890	20135	63.873	12.563	338	1
1525598890	20227	63.873	12.606	338	7
1525598890	20182	63.873	12.569	338	4
1525598890	20272	63.873	12.519	338	1
1525598890	20319	63.873	12.475	338	1
1525598890	20358	63.873	12.481	338	11
1525598890	20404	63.873	12.431	338	6
1525598890	20511	63.873	12.475	338	10
1525598890	20453	63.982	12.425	338	1
1525598890	20560	63.982	12.419	338	1
1525598890	20613	63.982	12.369	338	13
1525598890	20659	63.982	12.325	338	5
1525598890	20709	63.982	12.325	338	10
1525598890	20764	64.085	12.469	338	1
1525598891	19892	64.204	11.936	338	3
1525598891	19932	64.204	11.986	338	3
1525598891	20013	64.204	11.98	338	5
1525598891	19972	64.204	11.986	338	11
1525598891	20056	64.204	12.036	338	1
1525598891	20098	64.204	11.986	338	7
1525598891	20142	64.204	11.986	338	3
1525598891	20193	64.204	11.986	338	12
1525598891	20236	64.204	11.942	338	7
1525598891	20279	64.204	11.986	338	10
1525598891	20330	64.204	11.98	338	6
1525598891	20465	64.204	11.93	338	1
1525598891	20520	64.207	11.936	338	9
1525598891	20416	64.313	11.892	338	7
1525598891	20366	64.313	11.892	338	3
1525598891	20570	64.315	11.942	338	6
1525598891	20625	64.315	12.042	338	1
1525598891	20673	64.315	12.042	338	12
1525598891	20719	64.317	12.004	338	1
1525598891	20773	64.317	12.042	338	7
1525598892	19899	63.876	12.054	338	1
1525598892	19981	63.876	12.092	338	1
1525598892	20020	63.876	12.098	338	9
1525598892	20064	63.876	12.199	338	3
1525598892	19938	63.876	12.104	338	11
1525598892	20110	63.876	12.199	338	1
1525598892	20153	63.876	12.199	338	1
1525598892	20201	63.876	12.193	338	1
1525598892	20289	63.876	12.149	338	11
1525598892	20243	63.876	12.149	338	3
1525598892	20336	63.876	12.193	338	5
1525598892	20483	63.876	12.142	338	11
1525598892	20425	63.876	12.098	338	14
1525598892	20380	63.981	12.136	338	1
1525598892	20578	63.984	12.136	338	1
1525598892	20531	63.984	12.048	338	1
1525598892	20681	63.984	11.954	338	5
1525598892	20633	63.984	11.948	338	4
1525598892	20735	63.984	11.91	338	8
1525598892	20785	63.99	12.01	338	5
1525598893	19949	64.213	11.558	338	1
1525598893	19908	64.213	11.602	338	6
1525598893	19989	64.213	11.602	338	1
1525598893	20072	64.213	11.508	338	1
1525598893	20119	64.213	11.502	338	6
1525598893	20028	64.213	11.546	338	10
1525598893	20165	64.213	11.508	338	4
1525598893	20251	64.213	11.508	338	9
1525598893	20299	64.213	11.457	338	7
1525598893	20210	64.213	11.502	338	1
1525598893	20388	64.213	11.508	338	1
1525598893	20344	64.213	11.508	338	11
1525598893	20436	64.213	11.419	338	7
1525598893	20493	64.213	11.463	338	1
1525598893	20540	64.324	11.457	338	11
1525598893	20590	64.326	11.508	338	1
1525598893	20692	64.326	11.641	338	10
1525598893	20640	64.326	11.602	338	3
1525598893	20744	64.326	11.552	338	3
1525598893	20795	64.326	11.596	338	1
1525598894	19916	63.886	12.098	338	8
1525598894	19956	63.886	12.193	338	6
1525598894	19996	63.886	12.193	338	9
1525598894	20037	63.886	12.142	338	12
1525598894	20080	63.886	12.142	338	7
1525598894	20125	63.886	12.187	338	10
1525598894	20174	63.886	12.193	338	1
1525598894	20260	63.886	12.142	338	8
1525598894	20217	63.886	12.142	338	6
1525598894	20310	63.886	12.142	338	1
1525598894	20351	63.886	12.187	338	1
1525598894	20397	63.886	12.142	338	1
1525598894	20446	63.886	12.092	338	3
1525598894	20502	63.981	12.136	338	1
1525598894	20553	63.993	12.092	338	1
1525598894	20603	63.993	12.054	338	1
1525598894	20648	63.993	11.898	338	5
1525598894	20701	63.993	11.898	338	1
1525598894	20754	64.101	11.892	338	1
1525598894	20802	64.101	11.886	338	11
1525598895	19884	64.214	11.396	338	3
1525598895	19924	64.214	11.401	338	1
1525598895	20045	64.214	11.357	338	7
1525598895	19964	64.214	11.401	338	1
1525598895	20090	64.214	11.407	338	13
1525598895	20005	64.214	11.446	338	6
1525598895	20135	64.214	11.357	338	1
1525598895	20227	64.214	11.357	338	7
1525598895	20182	64.214	11.357	338	4
1525598895	20272	64.214	11.452	338	1
1525598895	20358	64.214	11.401	338	11
1525598895	20319	64.214	11.407	338	1
1525598895	20404	64.214	11.407	338	6
1525598895	20511	64.248	11.407	338	10
1525598895	20560	64.325	11.502	338	1
1525598895	20453	64.323	11.457	338	1
1525598895	20613	64.325	11.508	338	13
1525598895	20659	64.325	11.552	338	5
1525598895	20709	64.325	11.513	338	10
1525598895	20764	64.326	11.413	338	1
1525598896	19892	63.992	11.992	338	3
1525598896	19972	63.992	11.942	338	11
1525598896	19932	63.992	11.942	338	3
1525598896	20013	63.992	11.948	338	5
1525598896	20056	63.992	11.936	338	1
1525598896	20098	63.992	11.942	338	7
1525598896	20142	63.992	11.986	338	3
1525598896	20193	63.992	11.986	338	12
1525598896	20236	63.992	12.03	338	7
1525598896	20279	63.992	11.898	338	10
1525598896	20330	63.992	11.986	338	6
1525598896	20465	63.992	11.992	338	1
1525598896	20520	64.088	11.992	338	9
1525598896	20366	64.1	12.03	338	3
1525598896	20416	64.1	12.03	338	7
1525598896	20570	64.1	11.936	338	6
1525598896	20625	64.1	11.841	338	1
1525598896	20673	64.1	11.836	338	12
1525598896	20719	64.101	11.779	338	1
1525598896	20773	64.212	11.729	338	7
1525598897	19899	64.325	11.189	338	1
1525598897	19938	64.325	11.139	338	11
1525598897	19981	64.325	11.195	338	1
1525598897	20020	64.325	11.195	338	9
1525598897	20110	64.325	11.139	338	1
1525598897	20064	64.325	11.139	338	1
1525598897	20153	64.325	11.139	338	1
1525598897	20201	64.325	11.1	338	1
1525598897	20289	64.325	11.234	338	11
1525598897	20243	64.325	11.234	338	3
1525598897	20336	64.325	11.234	338	5
1525598897	20483	64.325	11.228	338	11
1525598897	20380	64.325	11.195	338	1
1525598897	20425	64.325	11.234	338	14
1525598897	20578	64.436	11.239	338	1
1525598897	20531	64.437	11.284	338	1
1525598897	20681	64.437	11.429	338	5
1525598897	20633	64.437	11.39	338	4
1525598897	20735	64.437	11.378	338	8
1525598897	20785	64.437	11.328	338	5
1525598898	19908	63.888	11.457	338	6
1525598898	19949	63.888	11.502	338	1
1525598898	19989	63.888	11.502	338	1
1525598898	20028	63.888	11.508	338	10
1525598898	20119	63.888	11.508	338	6
1525598898	20072	63.888	11.546	338	1
1525598898	20165	63.888	11.502	338	4
1525598898	20251	63.888	11.502	338	9
1525598898	20299	63.888	11.552	338	7
1525598898	20344	63.888	11.546	338	11
1525598898	20436	63.888	11.591	338	7
1525598898	20493	63.888	11.508	338	1
1525598898	20388	63.888	11.546	338	1
1525598898	20210	63.888	11.508	338	1
1525598898	20540	63.999	11.508	338	11
1525598898	20590	63.999	11.457	338	1
1525598898	20640	63.999	11.357	338	3
1525598898	20692	63.999	11.318	338	10
1525598898	20744	63.999	11.212	338	3
1525598898	20795	64.109	11.212	338	1
1525598899	19956	64.221	10.685	338	6
1525598899	19916	64.221	10.685	338	8
1525598899	19996	64.221	10.685	338	9
1525598899	20037	64.221	10.691	338	12
1525598899	20080	64.221	10.685	338	7
1525598899	20125	64.221	10.685	338	10
1525598899	20174	64.221	10.595	338	1
1525598899	20260	64.221	10.64	338	8
1525598899	20217	64.221	10.64	338	6
1525598899	20310	64.221	10.646	338	1
1525598899	20351	64.221	10.55	338	1
1525598899	20397	64.221	10.595	338	1
1525598899	20446	64.221	10.595	338	3
1525598899	20502	64.221	10.556	338	1
1525598899	20603	64.334	10.691	338	1
1525598899	20553	64.332	10.646	338	1
1525598899	20701	64.334	10.797	338	1
1525598899	20648	64.334	10.792	338	5
1525598899	20754	64.334	10.893	338	1
1525598899	20802	64.334	10.898	338	11
1525598900	19884	63.888	11.498	338	3
1525598900	19924	63.887	11.492	338	1
1525598900	19964	63.887	11.492	338	1
1525598900	20045	63.887	11.537	338	7
1525598900	20005	63.887	11.492	338	6
1525598900	20090	63.887	11.531	338	13
1525598900	20135	63.887	11.537	338	1
1525598900	20182	63.887	11.531	338	4
1525598900	20227	63.887	11.537	338	7
1525598900	20272	63.887	11.531	338	1
1525598900	20319	63.887	11.531	338	1
1525598900	20358	63.887	11.537	338	11
1525598900	20404	63.887	11.531	338	6
1525598900	20511	63.97	11.537	338	10
1525598900	20453	63.996	11.48	338	1
1525598900	20560	63.996	11.442	338	1
1525598900	20613	63.996	11.498	338	13
1525598900	20659	63.996	11.542	338	5
1525598900	20709	63.996	11.537	338	10
1525598900	20764	64.107	11.525	338	1
1525598901	19932	64.219	11.083	338	3
1525598901	19972	64.219	11.083	338	11
1525598901	20013	64.219	11.033	338	5
1525598901	19892	64.219	11.083	338	3
1525598901	20056	64.219	11.044	338	1
1525598901	20098	64.219	11.083	338	7
1525598901	20142	64.219	11.044	338	3
1525598901	20193	64.219	11.038	338	12
1525598901	20236	64.219	10.993	338	7
1525598901	20279	64.219	11.089	338	10
1525598901	20330	64.219	11.038	338	6
1525598901	20465	64.219	10.993	338	1
1525598901	20520	64.228	11.038	338	9
1525598901	20416	64.331	10.954	338	7
1525598901	20366	64.331	10.954	338	3
1525598901	20570	64.331	11.094	338	6
1525598901	20625	64.331	11.139	338	1
1525598901	20673	64.331	11.1	338	12
1525598901	20719	64.333	11.156	338	1
1525598901	20773	64.333	11.257	338	7
1525598902	19899	63.997	11.833	338	1
1525598902	19981	63.997	11.744	338	1
1525598902	19938	63.997	11.839	338	11
1525598902	20020	63.997	11.744	338	9
1525598902	20064	63.997	11.75	338	1
1525598902	20110	63.997	11.744	338	1
1525598902	20201	63.997	11.744	338	1
1525598902	20153	63.997	11.699	338	1
1525598902	20289	63.997	11.604	338	11
1525598902	20243	63.997	11.604	338	3
1525598902	20336	63.997	11.649	338	5
1525598902	20483	63.997	11.75	338	11
1525598902	20425	64.105	11.833	338	14
1525598902	20380	64.105	11.788	338	1
1525598902	20578	64.105	11.732	338	1
1525598902	20531	64.105	11.694	338	1
1525598902	20681	64.105	11.688	338	5
1525598902	20633	64.105	11.688	338	4
1525598902	20735	64.105	11.738	338	8
1525598902	20785	64.214	11.688	338	5
1525598903	19949	64.327	11.341	338	1
1525598903	19908	64.327	11.341	338	6
1525598903	19989	64.327	11.296	338	1
1525598903	20028	64.327	11.296	338	10
1525598903	20072	64.327	11.296	338	1
1525598903	20119	64.327	11.335	338	6
1525598903	20165	64.327	11.296	338	4
1525598903	20251	64.327	11.29	338	9
1525598903	20299	64.327	11.29	338	7
1525598903	20210	64.327	11.335	338	1
1525598903	20388	64.327	11.29	338	1
1525598903	20436	64.327	11.29	338	7
1525598903	20344	64.35	11.374	338	11
1525598903	20493	64.431	11.368	338	1
1525598903	20540	64.439	11.341	338	11
1525598903	20590	64.439	11.391	338	1
1525598903	20640	64.439	11.492	338	3
1525598903	20692	64.439	11.492	338	10
1525598903	20744	64.44	11.587	338	3
1525598903	20795	64.44	11.581	338	1
1525598904	19956	63.997	11.895	338	6
1525598904	19916	63.997	11.984	338	8
1525598904	19996	63.997	11.889	338	9
1525598904	20037	63.997	11.934	338	12
1525598904	20080	63.997	11.934	338	7
1525598904	20125	63.997	11.895	338	10
1525598904	20174	63.997	11.94	338	1
1525598904	20260	63.997	11.984	338	8
1525598904	20217	63.997	11.984	338	6
1525598904	20310	63.997	11.984	338	1
1525598904	20351	63.997	12.028	338	1
1525598904	20397	63.997	11.984	338	1
1525598904	20502	63.997	11.94	338	1
1525598904	20446	63.997	11.94	338	3
1525598904	20553	64.105	11.94	338	1
1525598904	20603	64.105	11.934	338	1
1525598904	20648	64.107	12.022	338	5
1525598904	20701	64.107	11.928	338	1
1525598904	20802	64.213	12.034	338	11
1525598904	20754	64.108	12.034	338	1
1525598905	19924	64.331	11.341	338	1
1525598905	19884	64.331	11.341	338	3
1525598905	19964	64.331	11.385	338	1
1525598905	20045	64.331	11.341	338	7
1525598905	20005	64.331	11.341	338	6
1525598905	20090	64.331	11.391	338	13
1525598905	20135	64.331	11.391	338	1
1525598905	20227	64.331	11.436	338	7
1525598905	20182	64.331	11.442	338	4
1525598905	20272	64.331	11.391	338	1
1525598905	20319	64.331	11.391	338	1
1525598905	20358	64.331	11.391	338	11
1525598905	20404	64.331	11.391	338	6
1525598905	20511	64.335	11.385	338	10
1525598905	20453	64.443	11.397	338	1
1525598905	20560	64.443	11.391	338	1
1525598905	20613	64.443	11.385	338	13
1525598905	20659	64.443	11.385	338	5
1525598905	20709	64.443	11.341	338	10
1525598905	20764	64.443	11.397	338	1
1525598906	19892	64.004	11.762	338	3
1525598906	19972	64.004	11.762	338	11
1525598906	20013	64.004	11.717	338	5
1525598906	19932	64.004	11.723	338	3
1525598906	20056	64.004	11.667	338	1
1525598906	20098	64.004	11.628	338	7
1525598906	20142	64.004	11.667	338	3
1525598906	20193	64.004	11.673	338	12
1525598906	20236	64.004	11.711	338	7
1525598906	20279	64.004	11.661	338	10
1525598906	20330	64.004	11.673	338	6
1525598906	20465	64.065	11.762	338	1
1525598906	20520	64.115	11.717	338	9
1525598906	20416	64.115	11.75	338	7
1525598906	20366	64.115	11.75	338	3
1525598906	20570	64.115	11.616	338	6
1525598906	20625	64.115	11.572	338	1
1525598906	20673	64.115	11.566	338	12
1525598906	20719	64.115	11.554	338	1
1525598906	20773	64.224	11.414	338	7
1525598907	19938	64.335	11.016	338	11
1525598907	19981	64.335	11.061	338	1
1525598907	19899	64.335	11.01	338	1
1525598907	20020	64.335	11.055	338	9
1525598907	20064	64.335	11.055	338	1
1525598907	20110	64.335	11.055	338	1
1525598907	20201	64.335	11.055	338	1
1525598907	20153	64.335	11.1	338	1
1525598907	20289	64.335	11.055	338	11
1525598907	20243	64.335	11.055	338	3
1525598907	20336	64.335	11.016	338	5
1525598907	20483	64.335	10.965	338	11
1525598907	20380	64.421	10.965	338	1
1525598907	20425	64.335	10.875	338	14
1525598907	20578	64.448	11.021	338	1
1525598907	20531	64.448	11.016	338	1
1525598907	20681	64.448	11.021	338	5
1525598907	20633	64.448	11.066	338	4
1525598907	20735	64.448	11.021	338	8
1525598907	20785	64.448	11.027	338	5
1525598908	19908	64.009	11.515	338	6
1525598908	19949	64.009	11.47	338	1
1525598908	19989	64.009	11.521	338	1
1525598908	20072	64.009	11.521	338	1
1525598908	20119	64.009	11.476	338	6
1525598908	20028	64.009	11.521	338	10
1525598908	20165	64.009	11.566	338	4
1525598908	20251	64.009	11.521	338	9
1525598908	20299	64.009	11.521	338	7
1525598908	20210	64.009	11.521	338	1
1525598908	20493	64.009	11.387	338	1
1525598908	20388	64.009	11.476	338	1
1525598908	20436	64.009	11.465	338	7
1525598908	20344	64.009	11.392	338	11
1525598908	20540	64.12	11.521	338	11
1525598908	20590	64.12	11.465	338	1
1525598908	20640	64.12	11.369	338	3
1525598908	20692	64.12	11.369	338	10
1525598908	20744	64.12	11.223	338	3
1525598908	20795	64.23	11.274	338	1
1525598909	19956	64.259	10.87	338	6
1525598909	19996	64.259	10.875	338	9
1525598909	19916	64.259	10.824	338	8
1525598909	20080	64.259	10.824	338	7
1525598909	20037	64.259	10.824	338	12
1525598909	20125	64.259	10.824	338	10
1525598909	20174	64.259	10.864	338	1
1525598909	20260	64.259	10.779	338	8
1525598909	20217	64.259	10.779	338	6
1525598909	20310	64.259	10.779	338	1
1525598909	20397	64.259	10.83	338	1
1525598909	20351	64.259	10.779	338	1
1525598909	20446	64.252	10.87	338	3
1525598909	20502	64.252	10.87	338	1
1525598909	20553	64.363	10.87	338	1
1525598909	20603	64.363	10.875	338	1
1525598909	20701	64.363	10.875	338	1
1525598909	20648	64.363	10.83	338	5
1525598909	20754	64.363	10.768	338	1
1525598909	20802	64.363	10.774	338	11
1525598910	19884	63.91	11.134	338	3
1525598910	19964	63.91	11.139	338	1
1525598910	19924	63.91	11.134	338	1
1525598910	20045	63.91	11.139	338	7
1525598910	20005	63.91	11.139	338	6
1525598910	20090	63.91	11.179	338	13
1525598910	20135	63.91	11.274	338	1
1525598910	20182	63.91	11.179	338	4
1525598910	20227	63.91	11.184	338	7
1525598910	20272	63.909	11.229	338	1
1525598910	20319	63.909	11.28	338	1
1525598910	20358	63.909	11.274	338	11
1525598910	20404	63.911	11.325	338	6
1525598910	20511	64.012	11.325	338	10
1525598910	20453	64.021	11.274	338	1
1525598910	20560	64.021	11.28	338	1
1525598910	20613	64.021	11.218	338	13
1525598910	20659	64.021	11.122	338	5
1525598910	20709	64.021	11.167	338	10
1525598910	20764	64.132	11.066	338	1
1525598911	19972	63.8	11.544	339	11
1525598911	19932	63.8	11.583	339	3
1525598911	19892	63.8	11.538	339	3
1525598911	20013	63.8	11.589	339	5
1525598911	20056	63.8	11.628	339	1
1525598911	20098	63.8	11.673	339	7
1525598911	20142	63.8	11.589	339	3
1525598911	20193	63.8	11.583	339	12
1525598911	20236	63.8	11.634	339	7
1525598911	20279	63.8	11.595	339	10
1525598911	20330	63.8	11.589	339	6
1525598911	20465	63.802	11.538	339	1
1525598911	20520	63.802	11.538	339	9
1525598911	20416	63.914	11.544	339	7
1525598911	20366	63.914	11.589	339	3
1525598911	20570	63.914	11.589	339	6
1525598911	20625	63.914	11.544	339	1
1525598911	20673	63.914	11.589	339	12
1525598911	20719	63.914	11.741	339	1
1525598911	20773	63.946	11.747	339	7
1525598912	19899	64.137	11.759	339	1
1525598912	19981	64.137	11.797	339	1
1525598912	19938	64.137	11.797	339	11
1525598912	20020	64.137	11.803	339	9
1525598912	20064	64.137	11.803	339	1
1525598912	20110	64.137	11.809	339	1
1525598912	20153	64.137	11.809	339	1
1525598912	20201	64.137	11.809	339	1
1525598912	20289	64.137	11.86	339	11
1525598912	20243	64.137	11.86	339	3
1525598912	20336	64.137	11.809	339	5
1525598912	20483	64.137	11.803	339	11
1525598912	20380	64.137	11.759	339	1
1525598912	20425	64.137	11.809	339	14
1525598912	20578	64.249	11.765	339	1
1525598912	20531	64.249	11.809	339	1
1525598912	20681	64.249	11.753	339	5
1525598912	20633	64.249	11.759	339	4
1525598912	20735	64.249	11.753	339	8
1525598912	20785	64.249	11.797	339	5
1525598913	19908	63.814	11.803	339	6
1525598913	19949	63.814	11.854	339	1
1525598913	19989	63.814	11.893	339	1
1525598913	20028	63.814	11.976	339	10
1525598913	20072	63.814	11.931	339	1
1525598913	20119	63.814	11.982	339	6
1525598913	20165	63.814	11.887	339	4
1525598913	20251	63.814	11.982	339	9
1525598913	20299	63.814	11.937	339	7
1525598913	20210	63.814	11.931	339	1
1525598913	20388	63.814	11.982	339	1
1525598913	20344	63.814	11.988	339	11
1525598913	20436	63.814	11.994	339	7
1525598913	20493	63.814	11.988	339	1
1525598913	20540	63.923	11.931	339	11
1525598913	20640	63.923	12.032	339	1
1525598913	20692	63.923	12.032	339	10
1525598913	20590	63.923	11.982	339	1
1525598913	20744	63.924	12.172	339	3
1525598913	20795	64.035	12.172	339	1
1525598914	19956	64.147	12.292	339	6
1525598914	19916	64.147	12.292	339	8
1525598914	19996	64.147	12.292	339	9
1525598914	20037	64.147	12.292	339	12
1525598914	20080	64.147	12.298	339	7
1525598914	20125	64.147	12.343	339	10
1525598914	20174	64.147	12.298	339	1
1525598914	20217	64.147	12.343	339	6
1525598914	20260	64.147	12.343	339	8
1525598914	20310	64.147	12.292	339	1
1525598914	20351	64.147	12.336	339	1
1525598914	20397	64.147	12.33	339	3
1525598914	20446	64.147	12.292	339	3
1525598914	20502	64.147	12.292	339	1
1525598914	20553	64.256	12.292	339	1
1525598914	20603	64.257	12.242	339	1
1525598914	20701	64.257	12.38	339	1
1525598914	20648	64.257	12.292	339	5
1525598914	20754	64.257	12.248	339	1
1525598914	20802	64.257	12.248	339	11
1525598915	19924	63.823	12.588	339	1
1525598915	19884	63.823	12.588	339	3
1525598915	19964	63.823	12.538	339	3
1525598915	20045	63.823	12.582	339	7
1525598915	20005	63.823	12.582	339	6
1525598915	20090	63.823	12.494	339	13
1525598915	20135	63.823	12.393	339	1
1525598915	20227	63.823	12.443	339	7
1525598915	20182	63.823	12.443	339	4
1525598915	20272	63.823	12.443	339	1
1525598915	20319	63.823	12.437	339	1
1525598915	20358	63.823	12.437	339	11
1525598915	20404	63.823	12.349	339	6
1525598915	20511	63.823	12.343	339	10
1525598915	20453	63.931	12.393	339	1
1525598915	20560	63.93	12.393	339	1
1525598915	20613	63.93	12.343	339	13
1525598915	20659	63.93	12.355	339	5
1525598915	20709	63.93	12.349	339	10
1525598915	20764	64.036	12.349	339	1
1525598916	19892	64.148	11.558	339	3
1525598916	19932	64.148	11.558	339	3
1525598916	19972	64.148	11.558	339	11
1525598916	20013	64.148	11.602	339	5
1525598916	20056	64.148	11.602	339	1
1525598916	20098	64.148	11.552	339	7
1525598916	20142	64.148	11.602	339	3
1525598916	20193	64.148	11.602	339	12
1525598916	20236	64.148	11.558	339	7
1525598916	20279	64.148	11.591	339	10
1525598916	20330	64.148	11.552	339	6
1525598916	20520	64.255	11.596	339	9
1525598916	20465	64.148	11.602	339	1
1525598916	20366	64.262	11.602	339	3
1525598916	20570	64.262	11.641	339	6
1525598916	20416	64.262	11.647	339	7
1525598916	20625	64.262	11.785	339	1
1525598916	20673	64.262	11.741	339	12
1525598916	20719	64.262	11.647	339	1
1525598916	20773	64.262	11.691	339	7
1525598917	19899	63.813	12.08	339	1
1525598917	19981	63.813	12.036	339	1
1525598917	19938	63.813	12.03	339	11
1525598917	20020	63.813	12.074	339	9
1525598917	20064	63.813	12.024	339	1
1525598917	20110	63.813	12.024	339	1
1525598917	20201	63.813	12.068	339	1
1525598917	20153	63.813	11.98	339	1
1525598917	20243	63.813	11.98	339	1
1525598917	20289	63.813	11.98	339	11
1525598917	20336	63.813	12.018	339	5
1525598917	20483	63.813	12.03	339	11
1525598917	20425	63.813	12.068	339	14
1525598917	20380	63.914	12.074	339	1
1525598917	20578	63.917	12.012	339	1
1525598917	20531	63.917	11.974	339	1
1525598917	20681	63.917	11.98	339	5
1525598917	20633	63.917	11.974	339	4
1525598917	20735	64.019	11.98	339	8
1525598917	20785	64.029	11.88	339	5
1525598918	19908	64.144	11.29	339	6
1525598918	19989	64.144	11.239	339	1
1525598918	19949	64.144	11.284	339	1
1525598918	20028	64.144	11.156	339	10
1525598918	20072	64.144	11.2	339	1
1525598918	20119	64.144	11.195	339	6
1525598918	20165	64.144	11.239	339	4
1525598918	20251	64.144	11.15	339	9
1525598918	20299	64.144	11.195	339	7
1525598918	20210	64.144	11.2	339	1
1525598918	20388	64.144	11.195	339	1
1525598918	20344	64.144	11.195	339	11
1525598918	20436	64.144	11.195	339	7
1525598918	20493	64.144	11.245	339	1
1525598918	20540	64.256	11.245	339	11
1525598918	20590	64.257	11.29	339	1
1525598918	20692	64.257	11.334	339	10
1525598918	20640	64.257	11.29	339	1
1525598918	20744	64.257	11.345	339	3
1525598918	20795	64.257	11.345	339	1
1525598919	19916	63.816	11.569	339	8
1525598919	19956	63.816	11.525	339	6
1525598919	19996	63.816	11.519	339	9
1525598919	20037	63.816	11.569	339	12
1525598919	20080	63.816	11.564	339	7
1525598919	20125	63.816	11.608	339	10
1525598919	20174	63.816	11.569	339	1
1525598919	20260	63.816	11.564	339	8
1525598919	20217	63.816	11.564	339	6
1525598919	20310	63.816	11.564	339	1
1525598919	20351	63.816	11.519	339	1
1525598919	20397	63.816	11.475	339	3
1525598919	20502	63.816	11.519	339	1
1525598919	20446	63.816	11.519	339	3
1525598919	20553	63.925	11.469	339	1
1525598919	20603	63.925	11.519	339	1
1525598919	20648	63.925	11.374	339	5
1525598919	20701	63.925	11.285	339	1
1525598919	20754	63.925	11.475	339	1
1525598919	20802	63.925	11.475	339	11
1525598920	19964	64.145	10.882	339	3
1525598920	20045	64.145	10.882	339	7
1525598920	19924	64.145	10.876	339	1
1525598920	19884	64.145	10.882	339	3
1525598920	20090	64.145	10.926	339	13
1525598920	20005	64.145	10.926	339	6
1525598920	20135	64.145	10.938	339	1
1525598920	20227	64.145	10.926	339	7
1525598920	20182	64.145	10.932	339	4
1525598920	20272	64.145	10.887	339	1
1525598920	20319	64.145	10.887	339	1
1525598920	20358	64.145	10.887	339	11
1525598920	20404	64.145	10.926	339	6
1525598920	20511	64.145	10.887	339	10
1525598920	20453	64.257	10.932	339	1
1525598920	20560	64.257	10.926	339	1
1525598920	20613	64.258	11.038	339	13
1525598920	20659	64.258	11.122	339	5
1525598920	20709	64.258	11.083	339	10
1525598920	20764	64.258	11.178	339	1
1525598921	19892	63.924	11.732	339	3
1525598921	19932	63.924	11.732	339	3
1525598921	19972	63.924	11.732	339	11
1525598921	20013	63.924	11.688	339	5
1525598921	20056	63.924	11.694	339	1
1525598921	20098	63.924	11.694	339	7
1525598921	20193	63.924	11.738	339	12
1525598921	20236	63.924	11.738	339	7
1525598921	20142	63.924	11.732	339	3
1525598921	20279	63.924	11.8	339	10
1525598921	20330	63.926	11.889	339	6
1525598921	20465	63.926	11.889	339	7
1525598921	20520	63.982	11.851	339	9
1525598921	20366	64.034	11.851	339	3
1525598921	20416	64.034	11.851	339	7
1525598921	20570	64.034	11.857	339	6
1525598921	20625	64.034	11.711	339	1
1525598921	20673	64.034	11.75	339	12
1525598921	20719	64.145	11.655	339	1
1525598921	20773	64.145	11.643	339	7
1525598922	19899	64.257	11.257	339	11
1525598922	19938	64.257	11.257	339	11
1525598922	19981	64.257	11.251	339	1
1525598922	20020	64.257	11.257	339	9
1525598922	20064	64.257	11.212	339	1
1525598922	20110	64.257	11.212	339	1
1525598922	20153	64.257	11.302	339	1
1525598922	20201	64.257	11.263	339	5
1525598922	20289	64.257	11.352	339	11
1525598922	20243	64.257	11.352	339	1
1525598922	20336	64.257	11.352	339	5
1525598922	20425	64.357	11.358	339	14
1525598922	20483	64.257	11.352	339	11
1525598922	20380	64.364	11.352	339	1
1525598922	20578	64.369	11.364	339	1
1525598922	20531	64.369	11.403	339	1
1525598922	20681	64.369	11.403	339	5
1525598922	20633	64.369	11.403	339	4
1525598922	20735	64.369	11.447	339	8
1525598922	20785	64.369	11.554	339	1
1525598923	19989	63.814	12.014	339	1
1525598923	19908	63.814	12.103	339	6
1525598923	20072	63.813	12.02	339	7
1525598923	20028	63.813	12.065	339	10
1525598923	19949	63.814	12.059	339	1
1525598923	20119	63.813	12.02	339	6
1525598923	20165	63.813	12.071	339	1
1525598923	20251	63.813	12.071	339	9
1525598923	20299	63.813	12.115	339	7
1525598923	20210	63.813	12.071	339	7
1525598923	20388	63.813	12.077	339	3
1525598923	20344	63.813	12.071	339	11
1525598923	20493	63.813	12.071	339	5
1525598923	20436	63.813	12.077	339	7
1525598923	20540	63.915	12.026	339	11
1525598923	20590	63.922	11.982	339	5
1525598923	20640	63.922	11.881	339	1
1525598923	20692	63.922	11.836	339	10
1525598923	20744	63.922	11.729	339	3
1525598923	20795	64.027	11.735	339	1
1525598924	19996	64.146	11.426	339	9
1525598924	19956	64.146	11.42	339	6
1525598924	20037	64.146	11.426	339	12
1525598924	20080	64.146	11.431	339	7
1525598924	19916	64.146	11.426	339	8
1525598924	20125	64.146	11.431	339	10
1525598924	20174	64.146	11.47	339	9
1525598924	20260	64.146	11.521	339	8
1525598924	20217	64.146	11.521	339	6
1525598924	20310	64.146	11.572	339	9
1525598924	20351	64.146	11.577	339	1
1525598924	20397	64.146	11.622	339	3
1525598924	20446	64.146	11.622	339	3
1525598924	20502	64.146	11.622	339	1
1525598924	20553	64.26	11.673	339	1
1525598924	20603	64.262	11.717	339	7
1525598924	20701	64.262	11.774	339	1
1525598924	20648	64.262	11.812	339	5
1525598924	20754	64.262	11.762	339	11
1525598924	20802	64.262	11.762	339	11
1525598925	19884	63.932	12.38	339	3
1525598925	19924	63.932	12.393	339	9
1525598925	19964	63.932	12.387	339	3
1525598925	20045	63.932	12.387	339	7
1525598925	20005	63.932	12.298	339	6
1525598925	20090	63.932	12.343	339	13
1525598925	20135	63.932	12.336	339	1
1525598925	20227	63.932	12.298	339	7
1525598925	20182	63.932	12.343	339	4
1525598925	20272	63.932	12.343	339	1
1525598925	20319	63.932	12.343	339	5
1525598925	20358	63.932	12.343	339	11
1525598925	20404	63.932	12.387	339	6
1525598925	20511	63.932	12.343	339	10
1525598925	20453	64.041	12.343	339	7
1525598925	20560	64.041	12.349	339	1
1525598925	20659	64.041	12.198	339	5
1525598925	20613	64.041	12.242	339	13
1525598925	20709	64.041	12.242	339	10
1525598925	20764	64.049	12.349	339	1
1525598926	19892	64.261	11.616	339	3
1525598926	19972	64.261	11.661	339	11
1525598926	19932	64.261	11.661	339	3
1525598926	20013	64.261	11.661	339	5
1525598926	20056	64.261	11.661	339	5
1525598926	20098	64.261	11.661	339	7
1525598926	20142	64.261	11.616	339	3
1525598926	20193	64.261	11.61	339	12
1525598926	20236	64.261	11.661	339	7
1525598926	20279	64.261	11.554	339	10
1525598926	20330	64.261	11.504	339	1
1525598926	20465	64.261	11.465	339	7
1525598926	20520	64.363	11.504	339	9
1525598926	20366	64.372	11.504	339	3
1525598926	20416	64.37	11.504	339	7
1525598926	20570	64.372	11.459	339	6
1525598926	20625	64.372	11.604	339	1
1525598926	20673	64.372	11.661	339	12
1525598926	20719	64.372	11.75	339	1
1525598926	20773	64.372	11.845	339	7
1525598927	19899	63.827	12.147	339	11
1525598927	19938	63.827	12.153	339	11
1525598927	19981	63.827	12.153	339	1
1525598927	20020	63.827	12.109	339	9
1525598927	20064	63.827	12.153	339	1
1525598927	20110	63.827	12.153	339	1
1525598927	20153	63.827	12.059	339	1
1525598927	20201	63.827	12.052	339	5
1525598927	20243	63.827	12.008	339	1
1525598927	20289	63.827	12.008	339	11
1525598927	20336	63.827	12.014	339	5
1525598927	20483	63.827	12.014	339	11
1525598927	20425	63.833	12.008	339	14
1525598927	20380	63.935	12.014	339	1
1525598927	20578	63.935	11.964	339	1
1525598927	20531	63.935	11.964	339	1
1525598927	20681	63.935	11.907	339	5
1525598927	20633	63.935	11.863	339	4
1525598927	20735	63.935	11.857	339	8
1525598927	20785	64.045	11.8	339	1
1525598928	19908	64.158	11.206	339	6
1525598928	19949	64.158	11.206	339	1
1525598928	19989	64.158	11.251	339	1
1525598928	20119	64.158	11.201	339	6
1525598928	20028	64.158	11.201	339	10
1525598928	20072	64.158	11.201	339	7
1525598928	20165	64.158	11.156	339	1
1525598928	20251	64.158	11.201	339	9
1525598928	20299	64.158	11.195	339	7
1525598928	20210	64.158	11.246	339	7
1525598928	20344	64.158	11.195	339	11
1525598928	20388	64.158	11.195	339	3
1525598928	20436	64.158	11.19	339	7
1525598928	20493	64.158	11.24	339	5
1525598928	20540	64.27	11.29	339	11
1525598928	20590	64.272	11.246	339	5
1525598928	20640	64.272	11.436	339	1
1525598928	20692	64.272	11.43	339	10
1525598928	20744	64.268	11.626	339	3
1525598928	20795	64.268	11.626	339	1
1525598929	19956	63.821	11.952	339	6
1525598929	19916	63.821	11.946	339	8
1525598929	19996	63.821	11.946	339	9
1525598929	20037	63.821	11.99	339	12
1525598929	20080	63.821	11.99	339	7
1525598929	20125	63.821	11.94	339	10
1525598929	20174	63.821	11.946	339	9
1525598929	20260	63.821	11.895	339	8
1525598929	20217	63.821	11.895	339	6
1525598929	20310	63.821	11.845	339	9
1525598929	20351	63.821	11.845	339	1
1525598929	20397	63.821	11.8	339	3
1525598929	20446	63.821	11.8	339	3
1525598929	20502	63.821	11.839	339	1
1525598929	20553	63.933	11.794	339	1
1525598929	20603	63.933	11.75	339	7
1525598929	20648	63.933	11.649	339	5
1525598929	20701	63.933	11.688	339	3
1525598929	20802	63.935	11.75	339	11
1525598929	20754	63.935	11.75	339	11
1525598930	19924	64.152	11.212	339	9
1525598930	19964	64.151	11.212	339	3
1525598930	19884	64.152	11.218	339	3
1525598930	20045	64.151	11.212	339	7
1525598930	20005	64.151	11.263	339	6
1525598930	20090	64.151	11.218	339	13
1525598930	20135	64.151	11.263	339	1
1525598930	20182	64.151	11.263	339	4
1525598930	20227	64.151	11.307	339	7
1525598930	20272	64.151	11.307	339	9
1525598930	20319	64.151	11.364	339	5
1525598930	20358	64.151	11.369	339	11
1525598930	20404	64.151	11.325	339	6
1525598930	20511	64.25	11.465	339	10
1525598930	20453	64.264	11.465	339	7
1525598930	20560	64.264	11.465	339	1
1525598930	20613	64.264	11.566	339	13
1525598930	20659	64.264	11.521	339	5
1525598930	20709	64.264	11.521	339	10
1525598930	20764	64.264	11.414	339	5
1525598931	19892	63.935	12.008	339	3
1525598931	19932	63.935	11.964	339	3
1525598931	19972	63.935	11.964	339	11
1525598931	20013	63.935	11.97	339	5
1525598931	20056	63.935	12.02	339	5
1525598931	20098	63.935	12.02	339	7
1525598931	20142	63.935	12.059	339	3
1525598931	20193	63.935	12.065	339	12
1525598931	20236	63.935	11.97	339	7
1525598931	20279	63.935	12.026	339	10
1525598931	20330	63.935	12.026	339	1
1525598931	20465	63.935	12.02	339	7
1525598931	20520	63.935	11.976	339	9
1525598931	20366	64.044	11.982	339	3
1525598931	20416	64.044	11.982	339	7
1525598931	20570	64.044	12.02	339	6
1525598931	20625	64.044	11.964	339	1
1525598931	20673	64.044	11.869	339	12
1525598931	20719	64.155	11.863	339	1
1525598931	20773	64.155	11.729	339	7
1525598932	19899	64.268	11.437	339	11
1525598932	19938	64.268	11.431	339	11
1525598932	19981	64.268	11.476	339	1
1525598932	20020	64.268	11.476	339	9
1525598932	20064	64.268	11.521	339	1
1525598932	20110	64.268	11.521	339	1
1525598932	20153	64.268	11.577	339	1
1525598932	20201	64.268	11.533	339	5
1525598932	20289	64.268	11.667	339	11
1525598932	20243	64.268	11.667	339	1
1525598932	20336	64.268	11.622	339	5
1525598932	20483	64.268	11.616	339	11
1525598932	20425	64.271	11.667	339	14
1525598932	20380	64.381	11.661	339	3
1525598932	20578	64.381	11.762	339	9
1525598932	20531	64.381	11.762	339	1
1525598932	20681	64.381	11.863	339	5
1525598932	20633	64.381	11.907	339	4
1525598932	20735	64.381	11.824	339	8
1525598932	20785	64.381	11.875	339	1
1525598933	19908	63.827	12.361	339	6
1525598933	19989	63.827	12.412	339	1
1525598933	19949	63.827	12.405	339	3
1525598933	20119	63.827	12.412	339	6
1525598933	20072	63.827	12.456	339	7
1525598933	20028	63.827	12.412	339	10
1525598933	20165	63.827	12.405	339	1
1525598933	20251	63.827	12.45	339	9
1525598933	20299	63.827	12.412	339	7
1525598933	20210	63.827	12.405	339	7
1525598933	20344	63.827	12.456	339	11
1525598933	20436	63.827	12.462	339	7
1525598933	20388	63.827	12.456	339	3
1525598933	20493	63.827	12.506	339	5
1525598933	20540	63.936	12.45	339	11
1525598933	20590	63.936	12.45	339	5
1525598933	20640	63.936	12.267	339	1
1525598933	20692	63.936	12.273	339	10
1525598933	20744	63.936	12.083	339	3
1525598933	20795	64.047	12.026	339	7
1525598934	19916	64.16	12.046	339	8
1525598934	19996	64.16	12.141	339	9
1525598934	19956	64.16	12.046	339	6
1525598934	20037	64.16	12.052	339	12
1525598934	20080	64.16	12.052	339	7
1525598934	20125	64.16	12.097	339	10
1525598934	20174	64.16	12.097	339	9
1525598934	20260	64.16	12.103	339	8
1525598934	20217	64.16	12.103	339	6
1525598934	20310	64.16	12.153	339	9
1525598934	20351	64.16	12.147	339	1
1525598934	20397	64.16	12.147	339	3
1525598934	20446	64.16	12.147	339	3
1525598934	20502	64.16	12.109	339	7
1525598934	20553	64.272	12.153	339	5
1525598934	20603	64.272	12.198	339	7
1525598934	20701	64.272	12.349	339	3
1525598934	20648	64.272	12.305	339	5
1525598934	20754	64.274	12.204	339	11
1525598934	20802	64.274	12.204	339	11
1525598935	19884	63.824	12.468	339	3
1525598935	20045	63.824	12.468	339	7
1525598935	19964	63.824	12.513	339	3
1525598935	19924	63.824	12.468	339	9
1525598935	20005	63.824	12.418	339	6
1525598935	20090	63.824	12.468	339	13
1525598935	20135	63.824	12.563	339	7
1525598935	20227	63.824	12.513	339	7
1525598935	20182	63.824	12.513	339	4
1525598935	20272	63.824	12.506	339	9
1525598935	20319	63.824	12.412	339	5
1525598935	20358	63.824	12.412	339	11
1525598935	20404	63.824	12.412	339	6
1525598935	20511	63.824	12.361	339	10
1525598935	20453	63.936	12.267	339	7
1525598935	20560	63.936	12.267	339	1
1525598935	20613	63.936	12.216	339	13
1525598935	20659	63.936	12.26	339	5
1525598935	20709	63.936	12.254	339	10
1525598935	20764	64.047	12.115	339	5
1525598936	19892	64.16	11.616	339	1
1525598936	19932	64.16	11.61	339	3
1525598936	19972	64.16	11.61	339	11
1525598936	20013	64.16	11.61	339	5
1525598936	20056	64.16	11.56	339	5
1525598936	20098	64.16	11.56	339	7
1525598936	20142	64.16	11.566	339	3
1525598936	20193	64.16	11.56	339	12
1525598936	20236	64.16	11.56	339	7
1525598936	20279	64.16	11.554	339	10
1525598936	20330	64.16	11.604	339	1
1525598936	20465	64.16	11.604	339	7
1525598936	20520	64.273	11.649	339	9
1525598936	20366	64.274	11.599	339	3
1525598936	20416	64.274	11.599	339	7
1525598936	20570	64.274	11.604	339	6
1525598936	20625	64.274	11.661	339	1
1525598936	20673	64.274	11.711	339	12
1525598936	20719	64.274	11.717	339	1
1525598936	20773	64.274	11.768	339	7
1525598937	19899	63.934	12.236	339	11
1525598937	19938	63.934	12.286	339	11
1525598937	19981	63.934	12.198	339	1
1525598937	20020	63.934	12.198	339	9
1525598937	20064	63.934	12.153	339	1
1525598937	20110	63.934	12.153	339	1
1525598937	20153	63.934	12.141	339	1
1525598937	20201	63.934	12.141	339	5
1525598937	20243	63.934	12.046	339	1
1525598937	20289	63.934	12.052	339	11
1525598937	20336	63.934	12.097	339	5
1525598937	20483	63.934	12.059	339	1
1525598937	20425	63.934	12.008	339	14
1525598937	20380	64.034	12.059	339	3
1525598937	20578	64.043	11.958	339	9
1525598937	20531	64.043	11.958	339	1
1525598937	20681	64.044	11.812	339	1
1525598937	20633	64.044	11.812	339	4
1525598937	20735	64.143	11.851	339	1
1525598937	20785	64.155	11.8	339	1
1525598938	19908	63.825	12.103	339	6
1525598938	19949	63.825	12.103	339	3
1525598938	19989	63.825	12.097	339	1
1525598938	20072	63.825	12.052	339	7
1525598938	20028	63.825	12.052	339	1
1525598938	20119	63.825	12.103	339	1
1525598938	20165	63.825	12.097	339	1
1525598938	20251	63.825	12.008	339	9
1525598938	20299	63.825	12.008	339	1
1525598938	20210	63.825	12.008	339	7
1525598938	20388	63.825	12.002	339	3
1525598938	20436	63.825	12.002	339	1
1525598938	20344	63.825	12.052	339	11
1525598938	20493	63.825	11.913	339	5
1525598938	20540	63.936	11.913	339	11
1525598938	20590	63.936	11.919	339	5
1525598938	20640	63.936	12.014	339	1
1525598938	20692	63.936	12.141	339	10
1525598938	20744	63.932	12.204	339	3
1525598938	20795	64.04	12.159	339	7
1525598939	19916	64.152	11.729	339	8
1525598939	19996	64.152	11.64	339	9
1525598939	19956	64.152	11.729	339	1
1525598939	20037	64.152	11.729	339	12
1525598939	20080	64.152	11.729	339	7
1525598939	20125	64.152	11.64	339	10
1525598939	20174	64.152	11.678	339	9
1525598939	20260	64.152	11.678	339	8
1525598939	20217	64.152	11.678	339	6
1525598939	20310	64.152	11.622	339	9
1525598939	20351	64.152	11.628	339	1
1525598939	20397	64.152	11.628	339	3
1525598939	20446	64.152	11.628	339	1
1525598939	20502	64.152	11.628	339	7
1525598939	20553	64.263	11.628	339	5
1525598939	20603	64.263	11.577	339	7
1525598939	20701	64.264	11.533	339	3
1525598939	20648	64.264	11.533	339	5
1525598939	20802	64.264	11.521	339	11
1525598939	20754	64.264	11.527	339	11
1525598940	19884	63.938	11.678	339	3
1525598940	19924	63.938	11.723	339	9
1525598940	20045	63.938	11.723	339	1
1525598940	19964	63.938	11.729	339	3
1525598940	20005	63.938	11.768	339	6
1525598940	20090	63.938	11.678	339	1
1525598940	20135	63.938	11.577	339	7
1525598940	20182	63.938	11.628	339	4
1525598940	20227	63.938	11.628	339	1
1525598940	20272	63.938	11.589	339	9
1525598940	20319	63.938	11.673	339	5
1525598940	20358	63.938	11.667	339	11
1525598940	20404	63.938	11.762	339	6
1525598940	20511	64.023	11.717	339	10
1525598940	20453	64.049	11.717	339	7
1525598940	20560	64.049	11.711	339	1
1525598940	20613	64.049	11.667	339	13
1525598940	20659	64.049	11.616	339	5
1525598940	20709	64.049	11.622	339	1
1525598940	20764	64.16	11.616	339	5
1525598941	19892	64.272	11.705	339	1
1525598941	19972	64.272	11.75	339	1
1525598941	19932	64.272	11.705	339	1
1525598941	20013	64.272	11.699	339	5
1525598941	20056	64.272	11.699	339	5
1525598941	20142	64.272	11.705	339	3
1525598941	20193	64.272	11.705	339	1
1525598941	20098	64.272	11.705	339	7
1525598941	20236	64.272	11.705	339	7
1525598941	20279	64.272	11.756	339	10
1525598941	20330	64.272	11.75	339	1
1525598941	20465	64.272	11.75	339	7
1525598941	20520	64.385	11.8	339	1
1525598941	20366	64.385	11.794	339	3
1525598941	20416	64.385	11.794	339	7
1525598941	20570	64.385	11.794	339	1
1525598941	20625	64.385	11.75	339	1
1525598941	20673	64.385	11.744	339	1
1525598941	20719	64.385	11.738	339	1
1525598941	20773	64.385	11.738	339	1
1525598942	19899	63.84	11.42	339	11
1525598942	19938	63.84	11.459	339	11
1525598942	19981	63.84	11.509	339	1
1525598942	20020	63.84	11.504	339	9
1525598942	20064	63.84	11.509	339	1
1525598942	20110	63.84	11.504	339	1
1525598942	20153	63.84	11.554	339	1
1525598942	20201	63.84	11.554	339	5
1525598942	20289	63.84	11.509	339	11
1525598942	20243	63.84	11.515	339	1
1525598942	20336	63.84	11.554	339	5
1525598942	20483	63.84	11.554	339	1
1525598942	20380	63.949	11.509	339	3
1525598942	20425	63.936	11.554	339	14
1525598942	20578	63.945	11.509	339	9
1525598942	20531	63.945	11.509	339	3
1525598942	20681	63.945	11.509	339	1
1525598942	20633	63.945	11.509	339	4
1525598942	20735	64.015	11.465	339	1
1525598942	20785	64.054	11.42	339	1
1525598943	19908	64.172	10.87	339	6
1525598943	19949	64.172	10.824	339	3
1525598943	19989	64.172	10.824	339	1
1525598943	20028	64.172	10.875	339	1
1525598943	20119	64.172	10.875	339	1
1525598943	20072	64.172	10.875	339	7
1525598943	20165	64.172	10.881	339	1
1525598943	20251	64.172	10.971	339	9
1525598943	20299	64.172	11.016	339	1
1525598943	20210	64.172	10.965	339	7
1525598943	20436	64.172	10.971	339	1
1525598943	20388	64.172	10.971	339	3
1525598943	20493	64.172	10.92	339	5
1525598943	20344	64.172	10.92	339	11
1525598943	20540	64.288	10.971	339	11
1525598943	20590	64.289	11.055	339	5
1525598943	20692	64.289	10.881	339	10
1525598943	20640	64.289	11.016	339	1
1525598943	20744	64.289	10.92	339	3
1525598943	20795	64.289	11.016	339	7
1525598944	19916	63.952	11.705	339	8
1525598944	19956	63.952	11.744	339	1
1525598944	19996	63.952	11.788	339	9
1525598944	20037	63.952	11.649	339	12
1525598944	20080	63.952	11.637	339	7
1525598944	20125	63.952	11.694	339	10
1525598944	20174	63.952	11.655	339	9
1525598944	20260	63.952	11.699	339	8
1525598944	20217	63.952	11.699	339	6
1525598944	20310	63.952	11.756	339	9
1525598944	20351	63.952	11.75	339	1
1525598944	20397	63.952	11.75	339	3
1525598944	20446	63.952	11.8	339	1
1525598944	20502	63.952	11.8	339	7
1525598944	20553	64.063	11.794	339	5
1525598944	20603	64.063	11.8	339	7
1525598944	20648	64.063	11.699	339	5
1525598944	20701	64.063	11.699	339	3
1525598944	20754	64.172	11.75	339	11
1525598944	20802	64.172	11.756	339	11
1525598945	19884	64.289	11.296	339	3
1525598945	19924	64.289	11.251	339	9
1525598945	19964	64.289	11.246	339	3
1525598945	20045	64.289	11.251	339	1
1525598945	20005	64.289	11.251	339	6
1525598945	20090	64.289	11.246	339	1
1525598945	20135	64.289	11.251	339	7
1525598945	20227	64.289	11.206	339	1
1525598945	20182	64.289	11.29	339	4
1525598945	20272	64.289	11.246	339	9
1525598945	20319	64.289	11.201	339	5
1525598945	20358	64.289	11.206	339	11
1525598945	20404	64.289	11.066	339	6
1525598945	20511	64.289	11.111	339	10
1525598945	20453	64.403	11.156	339	7
1525598945	20560	64.403	11.162	339	1
1525598945	20613	64.403	11.257	339	13
1525598945	20659	64.403	11.352	339	5
1525598945	20709	64.403	11.352	339	1
1525598945	20764	64.403	11.453	339	5
1525598946	19892	63.962	11.673	339	1
1525598946	19932	63.962	11.634	339	1
1525598946	19972	63.962	11.628	339	1
1525598946	20013	63.962	11.634	339	5
1525598946	20056	63.962	11.628	339	5
1525598946	20098	63.962	11.628	339	7
1525598946	20142	63.962	11.577	339	3
1525598946	20193	63.962	11.583	339	1
1525598946	20236	63.962	11.628	339	7
1525598946	20279	63.962	11.577	339	10
1525598946	20330	63.962	11.583	339	1
1525598946	20465	63.962	11.667	339	7
1525598946	20520	64.071	11.577	339	1
1525598946	20366	64.071	11.577	339	3
1525598946	20416	64.071	11.577	339	7
1525598946	20570	64.071	11.577	339	1
1525598946	20625	64.071	11.515	339	1
1525598946	20673	64.071	11.521	339	1
1525598946	20719	64.169	11.431	339	1
1525598946	20773	64.183	11.381	339	1
1525598947	19899	64.298	11.325	339	11
1525598947	19938	64.298	11.285	339	11
1525598947	19981	64.298	11.28	339	1
1525598947	20020	64.298	11.285	339	9
1525598947	20064	64.298	11.28	339	3
1525598947	20110	64.298	11.325	339	1
1525598947	20153	64.298	11.235	339	1
1525598947	20201	64.298	11.285	339	5
1525598947	20243	64.298	11.325	339	1
1525598947	20289	64.298	11.325	339	11
1525598947	20336	64.298	11.235	339	5
1525598947	20483	64.298	11.325	339	1
1525598947	20380	64.407	11.319	339	3
1525598947	20425	64.407	11.28	339	14
1525598947	20531	64.409	11.33	339	3
1525598947	20578	64.409	11.369	339	9
1525598947	20681	64.409	11.476	339	1
1525598947	20633	64.409	11.476	339	4
1525598947	20735	64.409	11.521	339	1
1525598947	20785	64.409	11.661	339	1
1525598948	19908	63.966	11.97	339	6
1525598948	19949	63.966	11.97	339	3
1525598948	19989	63.966	11.97	339	1
1525598948	20072	63.966	11.919	339	7
1525598948	20028	63.966	11.919	339	1
1525598948	20119	63.966	11.913	339	1
1525598948	20165	63.966	11.919	339	1
1525598948	20251	63.966	11.875	339	9
1525598948	20299	63.966	11.83	339	1
1525598948	20210	63.966	11.881	339	7
1525598948	20388	63.966	11.881	339	3
1525598948	20493	63.962	11.931	339	5
1525598948	20344	63.966	11.881	339	11
1525598948	20436	63.968	11.881	339	1
1525598948	20540	63.965	11.887	339	11
1525598948	20590	64.067	11.842	339	5
1525598948	20640	64.067	11.875	339	1
1525598948	20692	64.067	11.881	339	10
1525598948	20744	64.067	11.887	339	3
1525598948	20795	64.179	11.887	339	7
1525598949	19916	63.842	11.657	339	8
1525598949	19996	63.842	11.607	339	9
1525598949	19956	63.842	11.618	339	1
1525598949	20080	63.842	11.669	339	7
1525598949	20037	63.842	11.657	339	12
1525598949	20125	63.842	11.657	339	10
1525598949	20174	63.842	11.702	339	9
1525598949	20260	63.842	11.613	339	8
1525598949	20217	63.842	11.651	339	6
1525598949	20310	63.842	11.562	339	9
1525598949	20351	63.842	11.568	339	1
1525598949	20397	63.842	11.568	339	3
1525598949	20446	63.842	11.517	339	1
1525598949	20502	63.945	11.601	339	7
1525598949	20553	63.954	11.562	339	5
1525598949	20603	63.954	11.517	339	7
1525598949	20701	63.954	11.466	339	3
1525598949	20648	63.954	11.466	339	5
1525598949	20802	64.065	11.607	339	11
1525598949	20754	63.977	11.607	339	11
1525598950	19884	64.179	11.562	339	3
1525598950	19924	64.179	11.568	339	9
1525598950	19964	64.179	11.568	339	3
1525598950	20045	64.179	11.613	339	1
1525598950	20005	64.179	11.568	339	6
1525598950	20090	64.179	11.663	339	1
1525598950	20135	64.179	11.708	339	7
1525598950	20227	64.179	11.708	339	1
1525598950	20182	64.179	11.624	339	4
1525598950	20272	64.179	11.669	339	9
1525598950	20358	64.179	11.663	339	11
1525598950	20319	64.179	11.663	339	5
1525598950	20404	64.179	11.708	339	6
1525598950	20511	64.252	11.669	339	10
1525598950	20560	64.285	11.663	339	1
1525598950	20453	64.285	11.669	339	7
1525598950	20613	64.285	11.714	339	13
1525598950	20659	64.285	11.669	339	5
1525598950	20709	64.285	11.624	339	1
1525598950	20764	64.285	11.624	339	5
1525598951	19972	63.955	11.675	339	1
1525598951	19932	63.955	11.714	339	1
1525598951	19892	63.955	11.72	339	1
1525598951	20013	63.955	11.759	339	5
1525598951	20056	63.955	11.714	339	5
1525598951	20098	63.955	11.753	339	7
1525598951	20142	63.955	11.759	339	3
1525598951	20193	63.955	11.797	339	1
1525598951	20236	63.955	11.753	339	7
1525598951	20279	63.955	11.753	339	10
1525598951	20330	63.955	11.702	339	1
1525598951	20465	63.955	11.669	339	7
1525598951	20520	64.061	11.714	339	1
1525598951	20366	64.064	11.669	339	3
1525598951	20416	64.064	11.669	339	7
1525598951	20570	64.064	11.714	339	1
1525598951	20625	64.064	11.669	339	1
1525598951	20673	64.064	11.663	339	1
1525598951	20719	64.064	11.663	339	1
1525598951	20773	64.174	11.657	339	1
1525598952	19899	64.286	11.595	339	11
1525598952	19938	64.286	11.544	339	11
1525598952	19981	64.286	11.544	339	1
1525598952	20020	64.286	11.538	339	9
1525598952	20064	64.286	11.589	339	3
1525598952	20110	64.286	11.544	339	1
1525598952	20153	64.286	11.589	339	1
1525598952	20201	64.286	11.538	339	5
1525598952	20289	64.286	11.544	339	11
1525598952	20243	64.286	11.538	339	1
1525598952	20336	64.286	11.538	339	5
1525598952	20483	64.286	11.494	339	1
1525598952	20380	64.393	11.499	339	3
1525598952	20425	64.297	11.538	339	14
1525598952	20578	64.4	11.499	339	9
1525598952	20531	64.4	11.538	339	3
1525598952	20681	64.4	11.494	339	1
1525598952	20633	64.4	11.538	339	4
1525598952	20735	64.4	11.544	339	1
1525598952	20785	64.4	11.494	339	1
1525598953	19908	63.963	11.538	339	6
1525598953	19989	63.963	11.589	339	1
1525598953	19949	63.963	11.589	339	3
1525598953	20028	63.963	11.589	339	1
1525598953	20119	63.963	11.634	339	1
1525598953	20072	63.963	11.589	339	7
1525598953	20165	63.963	11.583	339	1
1525598953	20251	63.963	11.583	339	9
1525598953	20299	63.963	11.583	339	1
1525598953	20210	63.963	11.583	339	7
1525598953	20436	63.963	11.572	339	1
1525598953	20388	63.963	11.533	339	3
1525598953	20493	63.963	11.527	339	5
1525598953	20344	63.963	11.616	339	11
1525598953	20540	64.07	11.566	339	11
1525598953	20590	64.07	11.521	339	5
1525598953	20640	64.07	11.476	339	1
1525598953	20692	64.07	11.47	339	10
1525598953	20744	64.07	11.414	339	3
1525598953	20795	64.183	11.364	339	7
1525598954	19916	64.299	10.893	339	8
1525598954	19956	64.299	10.893	339	1
1525598954	19996	64.299	10.898	339	9
1525598954	20037	64.299	10.898	339	12
1525598954	20080	64.299	10.898	339	7
1525598954	20174	64.299	10.853	339	9
1525598954	20125	64.299	10.898	339	10
1525598954	20260	64.299	10.898	339	8
1525598954	20217	64.299	10.898	339	6
1525598954	20310	64.299	10.898	339	9
1525598954	20351	64.299	10.898	339	1
1525598954	20397	64.299	10.943	339	3
1525598954	20446	64.299	10.898	339	1
1525598954	20502	64.299	10.814	339	7
1525598954	20553	64.411	10.898	339	5
1525598954	20603	64.411	10.898	339	7
1525598954	20648	64.411	11.049	339	5
1525598954	20701	64.411	11.049	339	3
1525598954	20754	64.411	10.904	339	11
1525598954	20802	64.411	10.904	339	11
1525598955	19924	63.855	11.15	339	9
1525598955	19964	63.855	11.15	339	3
1525598955	20045	63.855	11.055	339	1
1525598955	19884	63.855	11.156	339	3
1525598955	20005	63.855	11.15	339	6
1525598955	20090	63.855	11.055	339	1
1525598955	20135	63.855	10.965	339	7
1525598955	20227	63.855	11.01	339	1
1525598955	20182	63.855	11.01	339	4
1525598955	20272	63.855	11.049	339	9
1525598955	20319	63.855	11.01	339	5
1525598955	20358	63.855	11.01	339	2
1525598955	20404	63.855	11.01	339	2
1525598955	20511	63.855	10.999	339	10
1525598955	20453	63.964	11.01	339	7
1525598955	20560	63.964	11.01	339	1
1525598955	20613	63.964	10.904	339	13
1525598955	20659	63.964	10.859	339	5
1525598955	20709	63.964	10.859	339	1
1525598955	20764	64.075	10.848	339	5
1525598956	19892	64.188	10.449	339	1
1525598956	19972	64.189	10.5	339	1
1525598956	19932	64.189	10.5	339	1
1525598956	20013	64.189	10.5	339	5
1525598956	20056	64.189	10.5	339	5
1525598956	20142	64.189	10.455	339	3
1525598956	20098	64.189	10.46	339	1
1525598956	20193	64.189	10.415	339	1
1525598956	20236	64.189	10.505	339	1
1525598956	20279	64.189	10.46	339	10
1525598956	20330	64.189	10.46	339	1
1525598956	20465	64.189	10.455	339	7
1525598956	20520	64.301	10.455	339	1
1525598956	20366	64.303	10.545	339	1
1525598956	20416	64.303	10.455	339	7
1525598956	20570	64.303	10.409	339	1
1525598956	20625	64.303	10.556	339	1
1525598956	20673	64.303	10.561	339	1
1525598956	20719	64.303	10.566	339	1
1525598956	20773	64.303	10.662	339	1
1525598957	19899	63.861	10.999	339	11
1525598957	19938	63.861	11.005	339	11
1525598957	19981	63.861	11.005	339	1
1525598957	20020	63.861	10.96	339	9
1525598957	20064	63.861	10.96	339	3
1525598957	20110	63.861	10.96	339	1
1525598957	20153	63.861	10.915	339	1
1525598957	20201	63.861	10.96	339	5
1525598957	20289	63.861	10.915	339	11
1525598957	20243	63.861	10.92	339	1
1525598957	20336	63.861	10.96	339	5
1525598957	20483	63.861	11.005	339	1
1525598957	20380	63.964	10.96	339	3
1525598957	20425	63.861	10.96	339	14
1525598957	20578	63.97	10.954	339	9
1525598957	20531	63.97	10.954	339	3
1525598957	20681	63.97	10.848	339	1
1525598957	20633	63.97	10.808	339	1
1525598957	20735	63.97	10.904	339	1
1525598957	20785	64.079	10.87	339	1
1525598958	19949	64.192	10.303	339	3
1525598958	19908	64.192	10.354	339	6
1525598958	19989	64.192	10.258	339	1
1525598958	20072	64.192	10.348	339	7
1525598958	20028	64.192	10.348	339	1
1525598958	20119	64.192	10.303	339	1
1525598958	20165	64.192	10.303	339	1
1525598958	20251	64.192	10.303	339	9
1525598958	20299	64.192	10.303	339	1
1525598958	20210	64.192	10.303	339	7
1525598958	20388	64.192	10.348	339	3
1525598958	20436	64.192	10.308	339	1
1525598958	20344	64.192	10.268	339	11
1525598958	20493	64.192	10.399	339	5
1525598958	20540	64.302	10.359	339	11
1525598958	20590	64.302	10.364	339	5
1525598958	20640	64.302	10.5	339	1
1525598958	20692	64.302	10.505	339	10
1525598958	20744	64.302	10.51	339	3
1525598958	20795	64.302	10.561	339	7
1525598959	19956	63.964	11.156	339	1
1525598959	19996	63.964	11.111	339	9
1525598959	19916	63.964	11.111	339	8
1525598959	20037	63.964	11.111	339	12
1525598959	20080	63.964	11.106	339	7
1525598959	20125	63.964	11.111	339	10
1525598959	20174	63.964	11.111	339	9
1525598959	20260	63.964	11.061	339	8
1525598959	20217	63.964	11.021	339	6
1525598959	20310	63.964	11.106	339	9
1525598959	20351	63.964	11.1	339	1
1525598959	20397	63.964	11.061	339	3
1525598959	20446	63.964	11.145	339	1
1525598959	20502	63.964	11.145	339	7
1525598959	20553	64.073	11.055	339	5
1525598959	20603	64.073	11.055	339	7
1525598959	20648	64.073	10.999	339	5
1525598959	20701	64.073	10.999	339	3
1525598959	20802	64.171	11.19	339	11
1525598959	20754	64.073	11.15	339	11
1525598960	19884	64.299	10.848	339	3
1525598960	19924	64.299	10.853	339	9
1525598960	19964	64.299	10.898	339	3
1525598960	20045	64.299	10.949	339	1
1525598960	20005	64.299	10.853	339	6
1525598960	20090	64.299	10.898	339	1
1525598960	20135	64.299	10.988	339	7
1525598960	20227	64.299	10.943	339	1
1525598960	20182	64.299	10.988	339	4
1525598960	20272	64.299	10.943	339	9
1525598960	20319	64.299	10.982	339	5
1525598960	20358	64.299	10.982	339	2
1525598960	20404	64.299	10.982	339	2
1525598960	20511	64.299	11.033	339	10
1525598960	20453	64.411	11.027	339	7
1525598960	20560	64.412	11.033	339	1
1525598960	20613	64.412	11.134	339	13
1525598960	20659	64.412	11.134	339	5
1525598960	20709	64.412	11.178	339	1
1525598960	20764	64.412	11.19	339	5
1525598961	19892	63.973	11.447	339	1
1525598961	19932	63.973	11.442	339	1
1525598961	19972	63.973	11.442	339	1
1525598961	20013	63.973	11.403	339	5
1525598961	20056	63.973	11.442	339	5
1525598961	20098	63.973	11.48	339	1
1525598961	20142	63.973	11.442	339	3
1525598961	20193	63.973	11.442	339	1
1525598961	20236	63.973	11.442	339	1
1525598961	20279	63.973	11.442	339	10
1525598961	20330	63.973	11.486	339	1
1525598961	20465	63.973	11.486	339	7
1525598961	20520	64.082	11.397	339	1
1525598961	20366	64.082	11.397	339	1
1525598961	20416	64.082	11.486	339	7
1525598961	20570	64.082	11.48	339	1
1525598961	20673	64.082	11.335	339	1
1525598961	20625	64.082	11.341	339	1
1525598961	20719	64.082	11.575	339	1
1525598961	20773	64.193	11.537	339	1
1525598962	19899	64.306	10.954	339	11
1525598962	19938	64.306	10.954	339	11
1525598962	19981	64.305	10.954	339	1
1525598962	20020	64.305	11.044	339	9
1525598962	20064	64.305	10.949	339	3
1525598962	20110	64.305	10.954	339	1
1525598962	20153	64.305	11.038	339	1
1525598962	20201	64.305	10.999	339	5
1525598962	20289	64.305	10.993	339	11
1525598962	20243	64.305	10.993	339	1
1525598962	20336	64.305	10.954	339	5
1525598962	20483	64.305	10.915	339	1
1525598962	20380	64.418	11.044	339	3
1525598962	20578	64.42	11.055	339	9
1525598962	20531	64.42	11.061	339	3
1525598962	20425	64.415	11.005	339	14
1525598962	20681	64.425	11.206	339	1
1525598962	20633	64.425	11.156	339	1
1525598962	20735	64.425	11.066	339	1
1525598962	20785	64.425	11.106	339	1
1525598963	19949	63.974	11.845	339	3
1525598963	19908	63.974	11.845	339	6
1525598963	19989	63.974	11.845	339	1
1525598963	20072	63.974	11.8	339	7
1525598963	20028	63.974	11.8	339	1
1525598963	20119	63.974	11.845	339	1
1525598963	20165	63.974	11.845	339	1
1525598963	20251	63.974	11.839	339	9
1525598963	20299	63.974	11.839	339	1
1525598963	20210	63.974	11.839	339	7
1525598963	20344	63.974	11.883	339	11
1525598963	20388	63.974	11.8	339	3
1525598963	20436	63.974	11.839	339	1
1525598963	20493	63.974	11.75	339	5
1525598963	20540	64.086	11.794	339	11
1525598963	20590	64.086	11.788	339	5
1525598963	20640	64.086	11.744	339	3
1525598963	20692	64.086	11.738	339	10
1525598963	20744	64.189	11.738	339	3
1525598963	20795	64.196	11.637	339	7
1525598964	19916	64.308	11.19	339	8
1525598964	19996	64.308	11.15	339	9
1525598964	19956	64.308	11.145	339	1
1525598964	20080	64.308	11.195	339	7
1525598964	20037	64.308	11.195	339	12
1525598964	20125	64.308	11.15	339	10
1525598964	20174	64.308	11.145	339	9
1525598964	20260	64.308	11.195	339	8
1525598964	20217	64.308	11.195	339	6
1525598964	20310	64.308	11.195	339	9
1525598964	20351	64.308	11.201	339	1
1525598964	20397	64.308	11.234	339	3
1525598964	20446	64.308	11.15	339	1
1525598964	20502	64.353	11.195	339	7
1525598964	20553	64.417	11.246	339	5
1525598964	20603	64.418	11.335	339	7
1525598964	20701	64.418	11.341	339	3
1525598964	20648	64.418	11.341	339	5
1525598964	20802	64.418	11.195	339	11
1525598964	20754	64.418	11.234	339	11
1525598965	19884	63.981	11.631	339	3
1525598965	19924	63.981	11.67	339	9
1525598965	19964	63.981	11.581	339	3
1525598965	20045	63.981	11.581	339	1
1525598965	20005	63.981	11.67	339	6
1525598965	20090	63.981	11.67	339	1
1525598965	20182	63.981	11.581	339	4
1525598965	20135	63.981	11.537	339	7
1525598965	20227	63.981	11.626	339	1
1525598965	20272	63.981	11.581	339	9
1525598965	20358	63.981	11.637	339	2
1525598965	20319	63.981	11.643	339	5
1525598965	20404	63.981	11.694	339	2
1525598965	20511	63.984	11.738	339	10
1525598965	20453	64.088	11.694	339	7
1525598965	20560	64.088	11.688	339	1
1525598965	20613	64.088	11.587	339	13
1525598965	20659	64.088	11.587	339	5
1525598965	20709	64.088	11.631	339	1
1525598965	20764	64.2	11.732	339	5
1525598966	19892	64.314	11.463	339	1
1525598966	19972	64.314	11.469	339	1
1525598966	19932	64.314	11.469	339	1
1525598966	20013	64.314	11.463	339	5
1525598966	20056	64.314	11.469	339	5
1525598966	20142	64.314	11.469	339	1
1525598966	20193	64.314	11.469	339	1
1525598966	20098	64.314	11.43	339	1
1525598966	20236	64.314	11.424	339	1
1525598966	20279	64.314	11.475	339	10
1525598966	20330	64.314	11.475	339	1
1525598966	20465	64.314	11.48	339	7
1525598966	20520	64.425	11.519	339	1
1525598966	20366	64.427	11.48	339	1
1525598966	20416	64.427	11.48	339	7
1525598966	20570	64.427	11.531	339	1
1525598966	20625	64.427	11.626	339	1
1525598966	20673	64.427	11.631	339	1
1525598966	20719	64.428	11.436	339	1
1525598966	20773	64.514	11.475	339	1
1525598967	19938	63.871	12.072	339	11
1525598967	19899	63.871	12.079	339	11
1525598967	19981	63.871	12.079	339	1
1525598967	20020	63.871	12.034	339	9
1525598967	20064	63.871	12.129	339	3
1525598967	20110	63.871	12.129	339	1
1525598967	20153	63.871	12.046	339	1
1525598967	20201	63.871	12.04	339	5
1525598967	20289	63.871	12.129	339	11
1525598967	20243	63.871	12.129	339	3
1525598967	20336	63.871	12.129	339	5
1525598967	20380	63.871	11.99	339	3
1525598967	20483	63.871	12.028	339	1
1525598967	20425	63.871	11.99	339	14
1525598967	20578	63.983	12.022	339	9
1525598967	20531	63.983	11.972	339	3
1525598967	20681	63.983	11.833	339	1
1525598967	20633	63.983	11.877	339	1
1525598967	20735	63.983	11.771	339	1
1525598967	20785	63.981	11.771	339	1
1525598968	19949	64.196	11.24	339	3
1525598968	19989	64.196	11.234	339	1
1525598968	19908	64.196	11.19	339	6
1525598968	20072	64.196	11.19	339	7
1525598968	20028	64.196	11.234	339	1
1525598968	20119	64.196	11.145	339	1
1525598968	20165	64.196	11.195	339	1
1525598968	20251	64.196	11.201	339	9
1525598968	20299	64.196	11.195	339	1
1525598968	20210	64.196	11.15	339	7
1525598968	20388	64.196	11.24	339	3
1525598968	20436	64.196	11.24	339	1
1525598968	20344	64.196	11.15	339	11
1525598968	20493	64.196	11.24	339	5
1525598968	20540	64.309	11.246	339	11
1525598968	20590	64.31	11.335	339	5
1525598968	20640	64.31	11.296	339	3
1525598968	20692	64.31	11.296	339	10
1525598968	20744	64.31	11.341	339	1
1525598968	20795	64.31	11.346	339	7
1525598969	19916	63.978	11.883	339	8
1525598969	19956	63.978	11.889	339	1
1525598969	19996	63.978	11.978	339	9
1525598969	20080	63.978	11.978	339	7
1525598969	20037	63.978	11.934	339	12
1525598969	20125	63.978	11.928	339	10
1525598969	20174	63.978	11.978	339	9
1525598969	20260	63.978	11.978	339	8
1525598969	20217	63.978	11.972	339	6
1525598969	20310	63.978	11.928	339	9
1525598969	20397	63.978	11.934	339	3
1525598969	20351	63.978	11.928	339	1
1525598969	20446	63.978	11.984	339	1
1525598969	20502	63.978	11.934	339	7
1525598969	20553	64.088	11.889	339	5
1525598969	20603	64.088	11.839	339	7
1525598969	20648	64.088	11.833	339	5
1525598969	20701	64.088	11.788	339	3
1525598969	20754	64.088	11.851	339	11
1525598969	20802	64.124	11.845	339	11
1525598970	19884	64.313	11.486	339	3
1525598970	19964	64.313	11.486	339	3
1525598970	20045	64.313	11.486	339	1
1525598970	19924	64.313	11.442	339	9
1525598970	20090	64.313	11.498	339	1
1525598970	20005	64.313	11.492	339	6
1525598970	20135	64.313	11.637	339	7
1525598970	20227	64.313	11.548	339	1
1525598970	20182	64.313	11.542	339	4
1525598970	20272	64.313	11.593	339	9
1525598970	20319	64.313	11.537	339	5
1525598970	20358	64.313	11.542	339	2
1525598970	20404	64.313	11.525	339	2
1525598970	20511	64.313	11.391	339	10
1525598970	20560	64.313	11.626	339	1
1525598970	20453	64.313	11.531	339	7
1525598970	20659	64.422	11.782	339	5
1525598970	20613	64.422	11.738	339	13
1525598970	20709	64.423	11.694	339	1
1525598970	20764	64.423	11.593	339	5
1525598971	19892	63.866	12.191	339	1
1525598971	19932	63.866	12.191	339	1
1525598971	19972	63.866	12.191	339	1
1525598971	20013	63.866	12.147	339	5
1525598971	20056	63.866	12.147	339	5
1525598971	20098	63.866	12.191	339	1
1525598971	20193	63.866	12.147	339	1
1525598971	20142	63.866	12.147	339	1
1525598971	20236	63.866	12.147	339	1
1525598971	20279	63.866	12.185	339	10
1525598971	20330	63.866	12.097	339	1
1525598971	20465	63.867	12.097	339	7
1525598971	20520	63.969	12.097	339	1
1525598971	20416	63.976	12.141	339	7
1525598971	20366	63.976	12.141	339	1
1525598971	20570	63.977	12.097	339	1
1525598971	20673	63.977	12.091	339	1
1525598971	20625	63.977	12.141	339	1
1525598971	20719	63.977	12.034	339	1
1525598971	20773	64.089	12.034	339	1
1525598972	19899	64.202	11.637	339	11
1525598972	19981	64.202	11.682	339	1
1525598972	19938	64.202	11.682	339	11
1525598972	20020	64.202	11.682	339	9
1525598972	20064	64.202	11.631	339	3
1525598972	20110	64.202	11.631	339	1
1525598972	20153	64.202	11.631	339	1
1525598972	20201	64.202	11.67	339	5
1525598972	20289	64.202	11.593	339	11
1525598972	20243	64.202	11.587	339	3
1525598972	20336	64.202	11.593	339	5
1525598972	20483	64.202	11.732	339	1
1525598972	20425	64.202	11.726	339	14
1525598972	20531	64.202	11.744	339	3
1525598972	20578	64.202	11.649	339	9
1525598972	20380	64.202	11.688	339	3
1525598972	20681	64.314	11.984	339	1
1525598972	20633	64.314	11.99	339	1
1525598972	20735	64.314	12.04	339	1
1525598972	20785	64.314	12.085	339	5
1525598973	19949	63.864	12.575	339	3
1525598973	19908	63.864	12.626	339	3
1525598973	19989	63.864	12.626	339	1
1525598973	20072	63.864	12.632	339	7
1525598973	20028	63.864	12.582	339	1
1525598973	20119	63.864	12.676	339	1
1525598973	20165	63.864	12.663	339	5
1525598973	20251	63.864	12.67	339	1
1525598973	20299	63.864	12.676	339	1
1525598973	20210	63.864	12.72	339	7
1525598973	20388	63.864	12.626	339	3
1525598973	20344	63.864	12.626	339	1
1525598973	20436	63.864	12.588	339	1
1525598973	20493	63.899	12.72	339	5
1525598973	20540	63.974	12.626	339	1
1525598973	20590	63.974	12.481	339	5
1525598973	20640	63.974	12.437	339	3
1525598973	20692	63.974	12.437	339	1
1525598973	20744	64.049	12.387	339	1
1525598973	20795	64.088	12.38	339	7
1525598974	19956	64.201	11.75	339	1
1525598974	19996	64.201	11.661	339	1
1525598974	19916	64.201	11.762	339	1
1525598974	20080	64.201	11.61	339	1
1525598974	20037	64.201	11.655	339	1
1525598974	20125	64.201	11.661	339	1
1525598974	20174	64.201	11.61	339	9
1525598974	20260	64.201	11.61	339	1
1525598974	20217	64.201	11.616	339	1
1525598974	20310	64.201	11.661	339	9
1525598974	20397	64.201	11.61	339	3
1525598974	20351	64.201	11.655	339	1
1525598974	20502	64.201	11.61	339	7
1525598974	20446	64.201	11.604	339	1
1525598974	20553	64.315	11.655	339	5
1525598974	20603	64.315	11.655	339	7
1525598974	20701	64.315	11.8	339	3
1525598974	20648	64.315	11.756	339	1
1525598974	20754	64.315	11.604	339	11
1525598974	20802	64.315	11.604	339	1
1525598975	19884	63.981	12.147	339	1
1525598975	20045	63.981	12.103	339	1
1525598975	19964	63.981	12.153	339	3
1525598975	19924	63.981	12.191	339	9
1525598975	20005	63.981	12.097	339	1
1525598975	20090	63.981	12.097	339	1
1525598975	20135	63.981	11.996	339	7
1525598975	20227	63.981	12.091	339	1
1525598975	20182	63.981	12.097	339	1
1525598975	20272	63.981	12.097	339	9
1525598975	20319	63.981	12.097	339	5
1525598975	20358	63.981	12.097	339	2
1525598975	20404	63.981	12.153	339	2
1525598975	20511	63.981	12.198	339	1
1525598975	20453	63.981	12.248	339	7
1525598975	20560	63.981	12.159	339	1
1525598975	20613	64.091	12.059	339	1
1525598975	20659	64.091	12.059	339	1
1525598975	20709	64.091	12.008	339	1
1525598975	20764	64.196	12.002	339	5
1525598976	19892	63.874	11.964	339	1
1525598976	19972	63.874	11.958	339	1
1525598976	19932	63.874	11.958	339	1
1525598976	20013	63.874	12.008	339	1
1525598976	20056	63.874	11.964	339	5
1525598976	20098	63.874	11.958	339	1
1525598976	20142	63.874	12.002	339	1
1525598976	20193	63.874	12.002	339	1
1525598976	20236	63.874	11.958	339	1
1525598976	20279	63.874	11.958	339	1
1525598976	20330	63.874	12.002	339	5
1525598976	20465	63.874	11.952	339	7
1525598976	20520	63.983	12.046	339	1
1525598976	20416	63.983	11.952	339	1
1525598976	20366	63.983	11.952	339	1
1525598976	20570	63.983	11.946	339	1
1525598976	20625	63.983	11.806	339	1
1525598976	20673	63.983	11.851	339	1
1525598976	20719	64.069	11.857	339	1
1525598976	20773	64.095	11.762	339	1
1525598977	19938	64.208	11.61	339	1
1525598977	19981	64.208	11.61	339	1
1525598977	19899	64.208	11.61	339	11
1525598977	20020	64.208	11.604	339	1
1525598977	20064	64.209	11.655	339	3
1525598977	20110	64.209	11.649	339	1
1525598977	20153	64.209	11.649	339	1
1525598977	20201	64.209	11.61	339	5
1525598977	20289	64.209	11.599	339	1
1525598977	20243	64.209	11.604	339	3
1525598977	20336	64.209	11.643	339	1
1525598977	20483	64.209	11.554	339	1
1525598977	20425	64.266	11.554	339	1
1525598977	20380	64.317	11.599	339	3
1525598977	20578	64.306	11.593	339	9
1525598977	20531	64.306	11.498	339	3
1525598977	20681	64.306	11.403	339	1
1525598977	20633	64.306	11.397	339	1
1525598977	20735	64.306	11.492	339	1
1525598977	20785	64.308	11.492	339	5
1525598978	19908	63.978	11.156	339	1
1525598978	19949	63.978	11.201	339	3
1525598978	19989	63.978	11.201	339	1
1525598978	20028	63.978	11.251	339	1
1525598978	20119	63.978	11.201	339	1
1525598978	20072	63.978	11.246	339	7
1525598978	20165	63.978	11.117	339	5
1525598978	20251	63.978	11.106	339	1
1525598978	20299	63.978	11.106	339	1
1525598978	20210	63.978	11.106	339	7
1525598978	20388	63.978	11.15	339	3
1525598978	20344	63.978	11.156	339	1
1525598978	20436	63.978	11.201	339	1
1525598978	20493	63.978	11.106	339	5
1525598978	20540	64.087	11.106	339	1
1525598978	20590	64.087	11.111	339	5
1525598978	20640	64.087	11.195	339	3
1525598978	20692	64.087	11.195	339	1
1525598978	20744	64.087	11.302	339	1
1525598978	20795	64.199	11.352	339	7
1525598979	19956	64.312	11.442	339	1
1525598979	19916	64.312	11.436	339	1
1525598979	19996	64.312	11.486	339	1
1525598979	20037	64.312	11.492	339	1
1525598979	20080	64.312	11.498	339	1
1525598979	20217	64.324	11.626	339	1
1525598979	20174	64.324	11.581	339	9
1525598979	20125	64.324	11.626	339	1
1525598979	20310	64.324	11.637	339	9
1525598979	20260	64.324	11.626	339	1
1525598979	20351	64.324	11.694	339	1
1525598979	20397	64.324	11.694	339	3
1525598979	20446	64.324	11.682	339	1
1525598979	20502	64.324	11.682	339	7
1525598979	20553	64.324	11.688	339	5
1525598979	20603	64.324	11.738	339	7
1525598979	20701	64.433	11.75	339	3
1525598979	20648	64.435	11.833	339	1
1525598979	20802	64.435	11.839	339	1
1525598979	20754	64.435	11.839	339	11
1525598980	19884	63.884	11.851	339	1
1525598980	20045	63.884	11.94	339	1
1525598980	19964	63.884	11.851	339	3
1525598980	19924	63.884	11.812	339	9
1525598980	20005	63.884	11.895	339	1
1525598980	20090	63.884	11.845	339	1
1525598980	20135	63.884	11.895	339	7
1525598980	20182	63.884	11.839	339	1
1525598980	20227	63.884	11.8	339	1
1525598980	20272	63.884	11.794	339	9
1525598980	20319	63.884	11.75	339	5
1525598980	20358	63.884	11.75	339	2
1525598980	20404	63.884	11.699	339	2
1525598980	20511	63.884	11.699	339	1
1525598980	20453	63.995	11.548	339	7
1525598980	20560	63.995	11.548	339	1
1525598980	20613	63.995	11.492	339	1
1525598980	20659	63.995	11.537	339	1
1525598980	20709	63.995	11.637	339	1
1525598980	20764	64.109	11.833	339	5
1525598981	19892	64.221	11.329	339	1
1525598981	19932	64.221	11.335	339	1
1525598981	19972	64.221	11.329	339	1
1525598981	20013	64.221	11.324	339	1
1525598981	20056	64.221	11.374	339	5
1525598981	20098	64.221	11.329	339	1
1525598981	20142	64.221	11.374	339	1
1525598981	20193	64.221	11.374	339	1
1525598981	20236	64.221	11.329	339	1
1525598981	20279	64.221	11.329	339	1
1525598981	20330	64.221	11.329	339	5
1525598981	20465	64.222	11.374	339	7
1525598981	20520	64.331	11.329	339	1
1525598981	20416	64.333	11.419	339	1
1525598981	20366	64.333	11.419	339	1
1525598981	20570	64.333	11.469	339	1
1525598981	20625	64.333	11.519	339	1
1525598981	20673	64.333	11.525	339	1
1525598981	20719	64.333	11.62	339	1
1525598981	20773	64.333	11.67	339	1
1525598982	19899	63.883	12.205	339	11
1525598982	19938	63.883	12.205	339	1
1525598982	19981	63.883	12.161	339	1
1525598982	20020	63.883	12.211	339	1
1525598982	20064	63.883	12.211	339	3
1525598982	20110	63.883	12.211	339	1
1525598982	20153	63.883	12.211	339	1
1525598982	20201	63.883	12.255	339	5
1525598982	20289	63.883	12.217	339	1
1525598982	20243	63.883	12.217	339	3
1525598982	20336	63.883	12.167	339	1
1525598982	20483	63.883	12.205	339	1
1525598982	20380	63.883	12.117	339	3
1525598982	20425	63.883	12.211	339	1
1525598982	20578	63.992	12.161	339	9
1525598982	20531	63.992	12.161	339	3
1525598982	20681	63.992	12.06	339	1
1525598982	20633	63.992	12.016	339	1
1525598982	20735	63.992	11.871	339	1
1525598982	20785	64.1	11.865	339	5
1525598983	19908	64.218	11.463	339	1
1525598983	19949	64.218	11.424	339	3
1525598983	19989	64.218	11.469	339	1
1525598983	20072	64.218	11.463	339	7
1525598983	20028	64.218	11.463	339	1
1525598983	20119	64.218	11.419	339	1
1525598983	20165	64.218	11.463	339	5
1525598983	20251	64.218	11.469	339	1
1525598983	20299	64.218	11.424	339	1
1525598983	20210	64.218	11.419	339	7
1525598983	20388	64.218	11.469	339	3
1525598983	20344	64.218	11.469	339	1
1525598983	20436	64.218	11.38	339	1
1525598983	20493	64.218	11.469	339	5
1525598983	20540	64.33	11.463	339	1
1525598983	20590	64.33	11.558	339	5
1525598983	20692	64.33	11.569	339	1
1525598983	20640	64.33	11.569	339	3
1525598983	20744	64.33	11.469	339	1
1525598983	20795	64.33	11.519	339	7
1525598984	19916	64.007	11.916	339	1
1525598984	19956	64.007	11.922	339	1
1525598984	19996	64.007	11.916	339	1
1525598984	20037	64.007	11.865	339	1
1525598984	20080	64.007	11.865	339	1
1525598984	20125	64.007	11.777	339	1
1525598984	20174	64.007	11.777	339	9
1525598984	20217	64.007	11.827	339	1
1525598984	20260	64.007	11.827	339	1
1525598984	20310	64.007	11.865	339	9
1525598984	20397	64.007	11.916	339	3
1525598984	20351	64.007	11.871	339	1
1525598984	20446	64.007	11.972	339	1
1525598984	20502	64.007	11.972	339	7
1525598984	20553	64.117	11.966	339	5
1525598984	20603	64.117	11.916	339	7
1525598984	20701	64.116	11.853	339	3
1525598984	20648	64.116	11.771	339	1
1525598984	20754	64.229	11.714	339	11
1525598984	20802	64.229	11.709	339	1
1525598985	19964	64.343	11.195	339	3
1525598985	19924	64.343	11.15	339	9
1525598985	20045	64.343	11.156	339	1
1525598985	19884	64.343	11.15	339	1
1525598985	20005	64.343	11.111	339	1
1525598985	20090	64.343	11.156	339	1
1525598985	20135	64.343	11.2	339	7
1525598985	20227	64.343	11.2	339	1
1525598985	20182	64.343	11.206	339	1
1525598985	20272	64.343	11.2	339	9
1525598985	20319	64.343	11.245	339	5
1525598985	20358	64.343	11.245	339	2
1525598985	20404	64.343	11.156	339	2
1525598985	20511	64.343	11.156	339	1
1525598985	20453	64.455	11.156	339	7
1525598985	20560	64.457	11.156	339	1
1525598985	20659	64.457	11.251	339	1
1525598985	20613	64.457	11.251	339	1
1525598985	20709	64.457	11.156	339	1
1525598985	20764	64.457	11.011	339	5
1525598986	19932	64.015	11.362	339	1
1525598986	19972	64.015	11.368	339	1
1525598986	19892	64.015	11.362	339	3
1525598986	20013	64.015	11.324	339	1
1525598986	20056	64.015	11.362	339	5
1525598986	20098	64.015	11.362	339	1
1525598986	20142	64.015	11.324	339	1
1525598986	20193	64.015	11.318	339	1
1525598986	20236	64.015	11.407	339	1
1525598986	20279	64.015	11.368	339	1
1525598986	20330	64.015	11.362	339	5
1525598986	20465	64.015	11.368	339	7
1525598986	20520	64.121	11.362	339	1
1525598986	20416	64.127	11.318	339	1
1525598986	20366	64.127	11.318	339	1
1525598986	20570	64.127	11.273	339	1
1525598986	20625	64.127	11.262	339	1
1525598986	20673	64.127	11.301	339	1
1525598986	20719	64.127	11.407	339	1
1525598986	20773	64.127	11.647	339	7
1525598987	19899	64.352	11.295	339	11
1525598987	19981	64.352	11.251	339	1
1525598987	19938	64.352	11.256	339	1
1525598987	20020	64.352	11.212	339	1
1525598987	20064	64.352	11.206	339	3
1525598987	20110	64.352	11.206	339	1
1525598987	20153	64.352	11.251	339	1
1525598987	20201	64.352	11.206	339	5
1525598987	20289	64.352	11.256	339	1
1525598987	20243	64.352	11.251	339	3
1525598987	20336	64.352	11.301	339	1
1525598987	20483	64.346	11.307	339	9
1525598987	20425	64.353	11.301	339	1
1525598987	20380	64.45	11.351	339	3
1525598987	20531	64.456	11.401	339	3
1525598987	20578	64.456	11.307	339	9
1525598987	20633	64.456	11.502	339	1
1525598987	20681	64.456	11.457	339	5
1525598987	20735	64.456	11.647	339	7
1525598987	20785	64.456	11.564	339	5
1525598988	19908	63.688	12.701	339	1
1525598988	19949	63.688	12.738	339	3
1525598988	19989	63.688	12.694	339	1
1525598988	20072	63.688	12.651	339	7
1525598988	20028	63.688	12.732	339	9
1525598988	20119	63.688	12.694	339	7
1525598988	20165	63.688	12.738	339	5
1525598988	20251	63.688	12.795	339	1
1525598988	20299	63.688	12.882	339	7
1525598988	20210	63.688	12.932	339	7
1525598988	20388	63.688	12.889	339	3
1525598988	20344	63.688	12.882	339	1
1525598988	20436	63.688	13.013	339	9
1525598988	20493	63.688	12.976	339	5
1525598988	20540	63.797	12.932	339	1
1525598988	20590	63.797	12.889	339	5
1525598988	20640	63.797	12.745	339	3
1525598988	20692	63.797	12.745	339	1
1525598988	20744	63.909	12.782	339	1
1525598988	20795	63.909	12.688	339	7
1525598989	19916	64.021	12.299	339	1
1525598989	19996	64.021	12.299	339	1
1525598989	19956	64.021	12.293	339	7
1525598989	20037	64.021	12.349	339	1
1525598989	20080	64.021	12.343	339	1
1525598989	20125	64.021	12.299	339	1
1525598989	20174	64.021	12.349	339	9
1525598989	20260	64.021	12.293	339	1
1525598989	20217	64.021	12.293	339	1
1525598989	20310	64.021	12.199	339	9
1525598989	20351	64.021	12.142	339	1
1525598989	20397	64.021	12.142	339	3
1525598989	20446	64.021	12.098	339	3
1525598989	20502	64.03	12.098	339	7
1525598989	20553	64.135	12.092	339	5
1525598989	20603	64.135	12.098	339	7
1525598989	20701	64.135	12.104	339	3
1525598989	20648	64.135	12.098	339	1
1525598989	20754	64.135	12.243	339	11
1525598989	20802	64.135	12.249	339	1
1525598990	19884	63.8	12.619	339	1
1525598990	20045	63.799	12.525	339	7
1525598990	19964	63.799	12.525	339	3
1525598990	19924	63.8	12.613	339	9
1525598990	20005	63.799	12.613	339	1
1525598990	20090	63.799	12.569	339	11
1525598990	20135	63.799	12.619	339	7
1525598990	20182	63.799	12.619	339	1
1525598990	20227	63.799	12.619	339	9
1525598990	20272	63.801	12.663	339	9
1525598990	20358	63.801	12.67	339	2
1525598990	20319	63.801	12.67	339	5
1525598990	20404	63.801	12.67	339	2
1525598990	20511	63.801	12.714	339	1
1525598990	20453	63.91	12.714	339	7
1525598990	20560	63.91	12.714	339	1
1525598990	20659	63.91	12.575	339	1
1525598990	20613	63.91	12.619	339	1
1525598990	20709	63.91	12.757	339	9
1525598990	20764	64.019	12.864	339	5
1525598991	19892	64.125	12.45	339	3
1525598991	19972	64.125	12.406	339	9
1525598991	19932	64.125	12.406	339	3
1525598991	20013	64.125	12.494	339	1
1525598991	20056	64.125	12.456	339	5
1525598991	20142	64.125	12.456	339	1
1525598991	20098	64.125	12.456	339	1
1525598991	20193	64.125	12.456	339	9
1525598991	20236	64.125	12.456	339	1
1525598991	20279	64.125	12.45	339	1
1525598991	20330	64.125	12.412	339	5
1525598991	20465	64.125	12.45	339	7
1525598991	20520	64.231	12.456	339	9
1525598991	20366	64.239	12.456	339	1
1525598991	20416	64.239	12.456	339	1
1525598991	20570	64.239	12.506	339	5
1525598991	20625	64.239	12.563	339	1
1525598991	20673	64.239	12.563	339	9
1525598991	20719	64.24	12.374	339	1
1525598991	20773	64.24	12.179	339	7
1525598992	19938	63.685	12.431	339	1
1525598992	19981	63.685	12.569	339	1
1525598992	19899	63.685	12.437	339	11
1525598992	20020	63.685	12.519	339	1
1525598992	20064	63.685	12.569	339	3
1525598992	20110	63.685	12.575	339	1
1525598992	20153	63.685	12.575	339	1
1525598992	20201	63.685	12.575	339	5
1525598992	20289	63.685	12.613	339	1
1525598992	20243	63.685	12.619	339	3
1525598992	20425	63.685	12.626	339	1
1525598992	20336	63.685	12.619	339	1
1525598992	20483	63.685	12.663	339	9
1525598992	20380	63.685	12.626	339	3
1525598992	20578	63.685	12.72	339	9
1525598992	20531	63.685	12.676	339	3
1525598992	20681	63.797	12.626	339	5
1525598992	20633	63.797	12.582	339	1
1525598992	20735	63.797	12.582	339	7
1525598992	20785	63.797	12.575	339	5
1525598993	19908	64.022	11.587	339	1
1525598993	19949	64.022	11.581	339	3
1525598993	19989	64.022	11.542	339	1
1525598993	20072	64.022	11.537	339	7
1525598993	20028	64.022	11.492	339	9
1525598993	20119	64.022	11.537	339	7
1525598993	20165	64.022	11.581	339	5
1525598993	20251	64.022	11.531	339	1
1525598993	20299	64.022	11.48	339	7
1525598993	20210	64.022	11.391	339	7
1525598993	20388	64.022	11.385	339	3
1525598993	20344	64.024	11.48	339	1
1525598993	20436	64.024	11.385	339	9
1525598993	20493	64.024	11.296	339	5
1525598993	20540	64.136	11.391	339	1
1525598993	20590	64.136	11.442	339	5
1525598993	20640	64.136	11.581	339	3
1525598993	20692	64.136	11.581	339	1
1525598993	20744	64.136	11.593	339	1
1525598993	20795	64.136	11.688	339	7
1525598994	19916	63.686	12.223	339	1
1525598994	19956	63.686	12.261	339	7
1525598994	19996	63.686	12.217	339	1
1525598994	20037	63.686	12.261	339	1
1525598994	20080	63.686	12.261	339	1
1525598994	20125	63.686	12.261	339	1
1525598994	20174	63.686	12.267	339	9
1525598994	20260	63.686	12.28	339	1
1525598994	20217	63.686	12.28	339	1
1525598994	20310	63.686	12.324	339	9
1525598994	20351	63.686	12.368	339	1
1525598994	20397	63.686	12.324	339	3
1525598994	20446	63.686	12.324	339	3
1525598994	20502	63.743	12.368	339	7
1525598994	20553	63.795	12.368	339	5
1525598994	20603	63.795	12.324	339	7
1525598994	20701	63.795	12.267	339	3
1525598994	20648	63.795	12.267	339	1
1525598994	20754	63.903	12.462	339	11
1525598994	20802	63.906	12.469	339	1
1525598995	19884	64.02	12.149	339	1
1525598995	19964	64.02	12.243	339	3
1525598995	20045	64.02	12.243	339	7
1525598995	20005	64.02	12.155	339	1
1525598995	19924	64.02	12.149	339	9
1525598995	20090	64.02	12.243	339	11
1525598995	20135	64.02	12.098	339	7
1525598995	20227	64.02	12.104	339	9
1525598995	20182	64.02	12.104	339	1
1525598995	20272	64.02	12.06	339	9
1525598995	20319	64.02	12.054	339	5
1525598995	20358	64.02	12.054	339	2
1525598995	20404	64.02	12.054	339	2
1525598995	20511	64.02	12.048	339	1
1525598995	20453	64.132	12.054	339	7
1525598995	20560	64.134	12.098	339	1
1525598995	20613	64.134	12.199	339	1
1525598995	20659	64.134	12.205	339	1
1525598995	20709	64.134	12.111	339	9
1525598995	20764	64.134	11.96	339	5
1525598996	19892	63.694	12.418	339	3
1525598996	19972	63.694	12.406	339	9
1525598996	19932	63.694	12.412	339	3
1525598996	20013	63.694	12.412	339	1
1525598996	20056	63.694	12.362	339	5
1525598996	20142	63.694	12.406	339	1
1525598996	20098	63.694	12.406	339	1
1525598996	20193	63.694	12.406	339	9
1525598996	20236	63.694	12.412	339	1
1525598996	20279	63.694	12.406	339	1
1525598996	20330	63.694	12.406	339	5
1525598996	20465	63.694	12.368	339	7
1525598996	20520	63.805	12.362	339	9
1525598996	20416	63.805	12.362	339	1
1525598996	20366	63.805	12.362	339	1
1525598996	20570	63.805	12.267	339	5
1525598996	20625	63.805	12.217	339	1
1525598996	20673	63.805	12.173	339	9
1525598996	20719	63.918	12.205	339	1
1525598996	20773	63.918	12.066	339	7
1525598997	19899	64.02	11.67	339	11
1525598997	19938	64.02	11.72	339	1
1525598997	19981	64.02	11.581	339	1
1525598997	20020	64.02	11.587	339	1
1525598997	20064	64.02	11.581	339	3
1525598997	20110	64.02	11.581	339	1
1525598997	20153	64.02	11.537	339	1
1525598997	20201	64.02	11.531	339	5
1525598997	20289	64.02	11.531	339	1
1525598997	20243	64.02	11.531	339	3
1525598997	20425	64.02	11.486	339	1
1525598997	20336	64.02	11.525	339	1
1525598997	20483	64.02	11.442	339	9
1525598997	20531	64.02	11.486	339	3
1525598997	20578	64.02	11.442	339	9
1525598997	20380	64.02	11.569	339	3
1525598997	20681	64.133	11.732	339	5
1525598997	20633	64.134	11.732	339	1
1525598997	20735	64.134	11.688	339	7
1525598997	20785	64.134	11.738	339	5
1525598998	19908	63.684	12.255	339	1
1525598998	19949	63.684	12.217	339	3
1525598998	19989	63.684	12.255	339	1
1525598998	20072	63.684	12.261	339	7
1525598998	20028	63.684	12.223	339	9
1525598998	20119	63.684	12.261	339	7
1525598998	20165	63.684	12.223	339	5
1525598998	20251	63.684	12.217	339	1
1525598998	20299	63.684	12.173	339	7
1525598998	20210	63.684	12.223	339	7
1525598998	20344	63.684	12.179	339	1
1525598998	20436	63.684	12.179	339	9
1525598998	20493	63.684	12.223	339	5
1525598998	20388	63.684	12.267	339	3
1525598998	20540	63.792	12.229	339	1
1525598998	20590	63.792	12.217	339	5
1525598998	20640	63.792	12.123	339	3
1525598998	20692	63.792	12.123	339	1
1525598998	20744	63.792	12.173	339	1
1525598998	20795	63.875	12.217	339	7
1525598999	19916	64.015	11.664	339	1
1525598999	19956	64.015	11.626	339	7
1525598999	19996	64.015	11.664	339	1
1525598999	20037	64.015	11.62	339	1
1525598999	20080	64.015	11.626	339	1
1525598999	20125	64.015	11.626	339	1
1525598999	20174	64.015	11.614	339	9
1525598999	20260	64.015	11.564	339	1
1525598999	20217	64.015	11.558	339	1
1525598999	20310	64.015	11.519	339	9
1525598999	20351	64.015	11.513	339	1
1525598999	20397	64.015	11.558	339	3
1525598999	20446	64.015	11.564	339	3
1525598999	20502	64.015	11.519	339	7
1525598999	20553	64.128	11.519	339	5
1525598999	20603	64.128	11.519	339	7
1525598999	20701	64.128	11.62	339	3
1525598999	20648	64.128	11.626	339	1
1525598999	20754	64.128	11.374	339	11
1525598999	20802	64.128	11.374	339	1
1525599000	19884	63.688	11.782	339	1
1525599000	19964	63.688	11.738	339	3
1525599000	19924	63.688	11.782	339	9
1525599000	20045	63.688	11.777	339	7
1525599000	20005	63.689	11.821	339	1
1525599000	20090	63.689	11.732	339	11
1525599000	20135	63.689	11.782	339	7
1525599000	20182	63.689	11.771	339	1
1525599000	20227	63.689	11.821	339	9
1525599000	20272	63.689	11.777	339	9
1525599000	20358	63.689	11.777	339	2
1525599000	20404	63.689	11.827	339	2
1525599000	20453	63.689	11.972	339	7
1525599000	20560	63.689	11.928	339	1
1525599000	20511	63.689	11.833	339	1
1525599000	20319	63.689	11.777	339	5
1525599000	20613	63.799	11.928	339	1
1525599000	20659	63.799	11.922	339	1
1525599000	20709	63.799	11.871	339	9
1525599000	20764	63.799	11.827	339	5
1525599001	19892	64.024	11.407	339	3
1525599001	19972	64.024	11.457	339	9
1525599001	19932	64.024	11.452	339	3
1525599001	20013	64.024	11.457	339	1
1525599001	20056	64.024	11.457	339	5
1525599001	20098	64.024	11.413	339	1
1525599001	20142	64.024	11.457	339	1
1525599001	20193	64.024	11.463	339	9
1525599001	20236	64.024	11.452	339	1
1525599001	20279	64.024	11.413	339	1
1525599001	20330	64.024	11.552	339	5
1525599001	20465	64.024	11.502	339	7
1525599001	20520	64.024	11.463	339	9
1525599001	20366	64.136	11.558	339	1
1525599001	20416	64.136	11.558	339	1
1525599001	20570	64.138	11.558	339	5
1525599001	20625	64.138	11.608	339	1
1525599001	20673	64.138	11.658	339	9
1525599001	20719	64.138	11.664	339	1
1525599001	20773	64.138	11.714	339	7
1525599002	19899	63.69	11.984	339	11
1525599002	19938	63.69	11.934	339	1
1525599002	19981	63.69	11.984	339	1
1525599002	20020	63.69	12.022	339	1
1525599002	20064	63.69	11.934	339	3
1525599002	20110	63.69	11.934	339	1
1525599002	20153	63.69	11.972	339	1
1525599002	20201	63.69	11.978	339	5
1525599002	20289	63.69	12.022	339	1
1525599002	20243	63.69	12.022	339	3
1525599002	20336	63.69	11.978	339	1
1525599002	20425	63.725	11.966	339	1
1525599002	20380	63.725	11.839	339	3
1525599002	20483	63.69	11.972	339	9
1525599002	20578	63.802	11.871	339	9
1525599002	20531	63.802	11.821	339	3
1525599002	20633	63.802	11.525	339	1
1525599002	20681	63.802	11.525	339	5
1525599002	20735	63.802	11.62	339	7
1525599002	20785	63.802	11.777	339	5
1525599003	19908	64.025	11.442	339	1
1525599003	19949	64.025	11.486	339	3
1525599003	19989	64.025	11.531	339	1
1525599003	20072	64.025	11.531	339	7
1525599003	20028	64.025	11.531	339	9
1525599003	20119	64.025	11.537	339	7
1525599003	20165	64.025	11.486	339	5
1525599003	20251	64.025	11.48	339	1
1525599003	20299	64.025	11.531	339	7
1525599003	20210	64.025	11.525	339	7
1525599003	20436	64.025	11.486	339	9
1525599003	20388	64.025	11.486	339	3
1525599003	20493	64.025	11.525	339	5
1525599003	20344	64.025	11.48	339	1
1525599003	20540	64.139	11.48	339	1
1525599003	20590	64.14	11.531	339	5
1525599003	20692	64.14	11.581	339	1
1525599003	20640	64.14	11.581	339	3
1525599003	20744	64.14	11.525	339	1
1525599003	20795	64.152	11.48	339	7
1525599004	19956	63.693	11.889	339	7
1525599004	19996	63.693	11.851	339	1
1525599004	19916	63.693	11.889	339	1
1525599004	20037	63.693	11.889	339	1
1525599004	20080	63.693	11.889	339	1
1525599004	20125	63.693	11.934	339	1
1525599004	20174	63.693	11.934	339	9
1525599004	20260	63.693	11.934	339	1
1525599004	20217	63.693	11.94	339	1
1525599004	20310	63.693	11.984	339	9
1525599004	20351	63.693	11.946	339	1
1525599004	20397	63.693	11.946	339	3
1525599004	20446	63.693	11.895	339	3
1525599004	20502	63.693	11.889	339	7
1525599004	20553	63.802	11.895	339	5
1525599004	20603	63.802	11.895	339	7
1525599004	20648	63.802	11.744	339	1
1525599004	20701	63.802	11.744	339	3
1525599004	20754	63.876	11.857	339	11
1525599004	20802	63.901	11.851	339	1
1525599005	19884	64.03	11.397	339	1
1525599005	19964	64.03	11.391	339	3
1525599005	20045	64.03	11.397	339	7
1525599005	19924	64.03	11.397	339	9
1525599005	20005	64.03	11.397	339	1
1525599005	20090	64.03	11.486	339	11
1525599005	20135	64.03	11.442	339	7
1525599005	20227	64.03	11.397	339	9
1525599005	20182	64.03	11.442	339	1
1525599005	20272	64.03	11.486	339	9
1525599005	20319	64.03	11.486	339	5
1525599005	20358	64.03	11.486	339	10
1525599005	20404	64.03	11.48	339	6
1525599005	20511	64.03	11.486	339	1
1525599005	20560	64.142	11.469	339	1
1525599005	20453	64.14	11.391	339	7
1525599005	20613	64.142	11.48	339	1
1525599005	20659	64.142	11.48	339	1
1525599005	20709	64.142	11.486	339	9
1525599005	20764	64.142	11.664	339	5
1525599006	19892	63.707	11.996	339	3
1525599006	19932	63.707	12.002	339	3
1525599006	19972	63.707	12.002	339	9
1525599006	20013	63.707	11.952	339	1
1525599006	20056	63.707	12.052	339	5
1525599006	20098	63.707	12.046	339	7
1525599006	20142	63.707	12.046	339	1
1525599006	20193	63.707	12.046	339	9
1525599006	20236	63.707	12.008	339	7
1525599006	20279	63.707	12.091	339	1
1525599006	20330	63.707	11.952	339	5
1525599006	20465	63.707	11.952	339	7
1525599006	20520	63.807	12.034	339	9
1525599006	20416	63.817	11.946	339	1
1525599006	20366	63.817	11.946	339	3
1525599006	20570	63.817	11.946	339	5
1525599006	20625	63.817	11.94	339	1
1525599006	20673	63.817	11.845	339	9
1525599006	20719	63.817	11.794	339	1
1525599006	20773	63.817	11.889	339	7
1525599007	19899	64.036	12.205	339	12
1525599007	19981	64.036	12.205	339	1
1525599007	19938	64.036	12.205	339	1
1525599007	20020	64.036	12.249	339	1
1525599007	20110	64.036	12.299	339	1
1525599007	20064	64.036	12.299	339	3
1525599007	20153	64.036	12.261	339	1
1525599007	20201	64.036	12.261	339	5
1525599007	20289	64.036	12.211	339	1
1525599007	20243	64.036	12.205	339	3
1525599007	20336	64.036	12.217	339	1
1525599007	20380	64.036	12.299	339	3
1525599007	20425	64.039	12.299	339	1
1525599007	20483	64.036	12.211	339	9
1525599007	20578	64.145	12.305	339	9
1525599007	20531	64.146	12.305	339	3
1525599007	20681	64.146	12.456	339	5
1525599007	20633	64.146	12.5	339	3
1525599007	20735	64.146	12.4	339	7
1525599007	20785	64.148	12.287	339	5
1525599008	19949	63.693	12.45	339	3
1525599008	19908	63.693	12.45	339	1
1525599008	19989	63.693	12.406	339	1
1525599008	20072	63.693	12.45	339	7
1525599008	20028	63.693	12.487	339	9
1525599008	20119	63.693	12.444	339	7
1525599008	20165	63.693	12.45	339	5
1525599008	20251	63.693	12.5	339	1
1525599008	20299	63.693	12.544	339	7
1525599008	20210	63.693	12.544	339	7
1525599008	20388	63.693	12.538	339	3
1525599008	20344	63.693	12.544	339	1
1525599008	20493	63.693	12.544	339	5
1525599008	20436	63.693	12.669	339	9
1525599008	20540	63.805	12.625	339	1
1525599008	20590	63.805	12.531	339	5
1525599008	20640	63.805	12.437	339	3
1525599008	20692	63.805	12.437	339	1
1525599008	20744	63.917	12.481	339	1
1525599008	20795	63.917	12.343	339	7
1525599009	19916	64.029	11.936	339	1
1525599009	19956	64.029	11.974	339	7
1525599009	19996	64.029	11.974	339	1
1525599009	20037	64.029	11.93	339	1
1525599009	20080	64.029	11.924	339	1
1525599009	20125	64.029	11.93	339	1
1525599009	20174	64.029	11.974	339	9
1525599009	20260	64.029	11.93	339	1
1525599009	20217	64.029	11.93	339	1
1525599009	20310	64.029	11.924	339	9
1525599009	20351	64.029	11.88	339	1
1525599009	20397	64.029	11.88	339	3
1525599009	20446	64.029	11.924	339	3
1525599009	20502	64.029	11.924	339	7
1525599009	20603	64.143	11.924	339	7
1525599009	20553	64.141	11.93	339	5
1525599009	20648	64.143	12.162	339	1
1525599009	20701	64.143	12.124	339	3
1525599009	20754	64.143	12.106	339	11
1525599009	20802	64.143	12.112	339	1
1525599010	19884	63.694	12.556	339	1
1525599010	19924	63.694	12.556	339	13
1525599010	19964	63.694	12.513	339	3
1525599010	20045	63.694	12.469	339	7
1525599010	20005	63.694	12.519	339	1
1525599010	20090	63.694	12.475	339	11
1525599010	20135	63.694	12.481	339	7
1525599010	20227	63.694	12.519	339	9
1525599010	20182	63.694	12.519	339	1
1525599010	20272	63.694	12.475	339	9
1525599010	20319	63.694	12.481	339	6
1525599010	20358	63.694	12.475	339	10
1525599010	20511	63.694	12.481	339	1
1525599010	20404	63.694	12.487	339	6
1525599010	20453	63.803	12.431	339	7
1525599010	20560	63.803	12.349	339	1
1525599010	20613	63.803	12.331	339	1
1525599010	20659	63.803	12.287	339	1
1525599010	20709	63.803	12.281	339	9
1525599010	20764	63.916	12.098	339	5
1525599011	19932	64.027	11.791	339	3
1525599011	19892	64.027	11.791	339	3
1525599011	19972	64.027	11.791	339	9
1525599011	20013	64.027	11.741	339	1
1525599011	20056	64.027	11.735	339	7
1525599011	20098	64.027	11.791	339	7
1525599011	20142	64.027	11.747	339	1
1525599011	20193	64.027	11.747	339	9
1525599011	20236	64.027	11.741	339	7
1525599011	20279	64.027	11.709	339	1
1525599011	20330	64.027	11.797	339	5
1525599011	20465	64.028	11.797	339	1
1525599011	20520	64.028	11.709	339	9
1525599011	20416	64.142	11.753	339	1
1525599011	20366	64.142	11.753	339	3
1525599011	20570	64.142	11.797	339	5
1525599011	20625	64.142	11.847	339	1
1525599011	20673	64.142	11.853	339	9
1525599011	20719	64.142	11.942	339	1
1525599011	20773	64.142	11.898	339	7
1525599012	19938	63.819	11.948	339	1
1525599012	19981	63.819	11.898	339	1
1525599012	19899	63.819	11.898	339	13
1525599012	20020	63.819	11.904	339	1
1525599012	20064	63.819	11.859	339	3
1525599012	20110	63.819	11.859	339	1
1525599012	20153	63.819	11.898	339	1
1525599012	20201	63.819	11.942	339	1
1525599012	20289	63.819	11.904	339	1
1525599012	20243	63.819	11.91	339	3
1525599012	20336	63.819	11.904	339	1
1525599012	20425	63.819	11.91	339	1
1525599012	20483	63.819	11.948	339	9
1525599012	20380	63.819	11.91	339	3
1525599012	20578	63.819	11.998	339	9
1525599012	20531	63.819	11.96	339	3
1525599012	20681	63.928	11.91	339	5
1525599012	20633	63.928	11.904	339	3
1525599012	20735	63.928	11.765	339	7
1525599012	20785	63.928	11.771	339	5
1525599013	19908	64.152	11.614	339	1
1525599013	19949	64.152	11.575	339	3
1525599013	19989	64.152	11.569	339	1
1525599013	20028	64.152	11.486	339	9
1525599013	20119	64.152	11.569	339	7
1525599013	20072	64.152	11.525	339	4
1525599013	20165	64.152	11.525	339	5
1525599013	20251	64.152	11.525	339	1
1525599013	20299	64.152	11.475	339	7
1525599013	20210	64.152	11.48	339	1
1525599013	20344	64.152	11.475	339	1
1525599013	20436	64.152	11.302	339	9
1525599013	20388	64.152	11.48	339	1
1525599013	20493	64.152	11.43	339	1
1525599013	20540	64.266	11.391	339	1
1525599013	20590	64.266	11.442	339	7
1525599013	20640	64.266	11.537	339	3
1525599013	20692	64.266	11.537	339	1
1525599013	20744	64.266	11.447	339	1
1525599013	20795	64.266	11.587	339	7
1525599014	19916	63.705	12.046	339	1
1525599014	19956	63.705	12.052	339	7
1525599014	19996	63.705	12.097	339	1
1525599014	20037	63.705	12.103	339	1
1525599014	20080	63.705	12.109	339	1
1525599014	20125	63.705	12.059	339	1
1525599014	20174	63.705	12.02	339	1
1525599014	20260	63.705	12.065	339	1
1525599014	20217	63.705	12.059	339	1
1525599014	20310	63.705	12.065	339	1
1525599014	20351	63.705	12.147	339	1
1525599014	20397	63.705	12.147	339	3
1525599014	20446	63.705	12.097	339	3
1525599014	20502	63.705	12.103	339	7
1525599014	20553	63.811	12.097	339	5
1525599014	20603	63.814	12.097	339	3
1525599014	20648	63.814	11.958	339	1
1525599014	20701	63.814	11.996	339	3
1525599014	20802	63.927	11.895	339	1
1525599014	20754	63.927	11.901	339	4
1525599015	19884	64.046	11.857	339	1
1525599015	19964	64.046	11.863	339	3
1525599015	19924	64.046	11.863	339	19
1525599015	20045	64.046	11.863	339	7
1525599015	20005	64.046	11.901	339	1
1525599015	20090	64.046	11.857	339	11
1525599015	20135	64.046	11.895	339	10
1525599015	20227	64.046	11.901	339	9
1525599015	20182	64.046	11.863	339	1
1525599015	20272	64.046	11.907	339	9
1525599015	20319	64.046	11.901	339	9
1525599015	20358	64.046	11.907	339	10
1525599015	20404	64.046	11.895	339	6
1525599015	20511	64.046	11.851	339	1
1525599015	20560	64.16	11.907	339	1
1525599015	20453	64.158	11.901	339	9
1525599015	20613	64.16	11.907	339	1
1525599015	20659	64.16	11.907	339	1
1525599015	20709	64.16	11.958	339	9
1525599015	20764	64.16	12.052	339	5
1525599016	19892	63.71	12.349	339	3
1525599016	19932	63.71	12.349	339	3
1525599016	19972	63.71	12.431	339	9
1525599016	20013	63.71	12.443	339	1
1525599016	20056	63.71	12.349	339	9
1525599016	20142	63.71	12.343	339	3
1525599016	20098	63.71	12.305	339	7
1525599016	20193	63.71	12.343	339	9
1525599016	20236	63.71	12.393	339	7
1525599016	20279	63.71	12.387	339	1
1525599016	20330	63.71	12.343	339	5
1525599016	20465	63.71	12.349	339	6
1525599016	20520	63.819	12.437	339	9
1525599016	20416	63.819	12.343	339	1
1525599016	20366	63.819	12.343	339	3
1525599016	20570	63.819	12.292	339	5
1525599016	20625	63.819	12.153	339	1
1525599016	20673	63.819	12.242	339	9
1525599016	20719	63.93	12.153	339	1
1525599016	20773	63.932	12.052	339	7
1525599017	19899	64.042	11.788	339	20
1525599017	19938	64.042	11.738	339	1
1525599017	19981	64.042	11.833	339	1
1525599017	20020	64.042	11.833	339	1
1525599017	20064	64.042	11.871	339	3
1525599017	20110	64.042	11.871	339	1
1525599017	20153	64.042	11.827	339	1
1525599017	20201	64.042	11.782	339	4
1525599017	20289	64.042	11.833	339	1
1525599017	20243	64.042	11.833	339	3
1525599017	20336	64.042	11.877	339	1
1525599017	20483	64.042	11.877	339	9
1525599017	20425	64.153	11.833	339	1
1525599017	20380	64.153	11.877	339	3
1525599017	20578	64.154	11.782	339	10
1525599017	20531	64.154	11.865	339	3
1525599017	20681	64.154	11.916	339	5
1525599017	20633	64.154	11.922	339	3
1525599017	20735	64.156	12.072	339	7
1525599017	20785	64.156	12.111	339	5
1525599018	19908	63.707	12.412	339	1
1525599018	19949	63.707	12.45	339	3
1525599018	19989	63.707	12.462	339	1
1525599018	20028	63.707	12.456	339	9
1525599018	20119	63.707	12.368	339	7
1525599018	20072	63.707	12.412	339	10
1525599018	20165	63.707	12.406	339	5
1525599018	20251	63.707	12.412	339	1
1525599018	20299	63.707	12.368	339	7
1525599018	20210	63.707	12.362	339	6
1525599018	20344	63.707	12.412	339	1
1525599018	20388	63.707	12.412	339	2
1525599018	20436	63.707	12.412	339	9
1525599018	20493	63.707	12.456	339	4
1525599018	20540	63.816	12.362	339	1
1525599018	20692	63.816	12.362	339	1
1525599018	20640	63.816	12.356	339	3
1525599018	20744	63.816	12.557	339	3
1525599018	20590	63.816	12.312	339	10
1525599018	20795	63.929	12.613	339	7
1525599019	19916	64.043	12.022	339	1
1525599019	19996	64.043	11.934	339	1
1525599019	19956	64.043	11.984	339	7
1525599019	20037	64.043	11.972	339	1
1525599019	20080	64.043	11.972	339	1
1525599019	20125	64.043	12.016	339	1
1525599019	20174	64.043	12.066	339	9
1525599019	20260	64.043	12.167	339	1
1525599019	20217	64.043	12.217	339	1
1525599019	20310	64.043	12.173	339	10
1525599019	20351	64.043	12.135	339	1
1525599019	20397	64.043	12.135	339	3
1525599019	20446	64.043	12.191	339	3
1525599019	20502	64.043	12.191	339	13
1525599019	20553	64.157	12.191	339	9
1525599019	20603	64.157	12.242	339	8
1525599019	20701	64.154	12.343	339	3
1525599019	20648	64.154	12.387	339	1
1525599019	20754	64.154	12.393	339	17
1525599019	20802	64.154	12.393	339	1
1525599020	19964	63.806	12.443	339	3
1525599020	20045	63.806	12.443	339	7
1525599020	19924	63.806	12.393	339	26
1525599020	19884	63.806	12.399	339	1
1525599020	20005	63.806	12.405	339	1
1525599020	20090	63.806	12.5	339	11
1525599020	20135	63.806	12.405	339	14
1525599020	20182	63.808	12.443	339	1
1525599020	20227	63.808	12.443	339	9
1525599020	20272	63.808	12.443	339	7
1525599020	20319	63.808	12.405	339	9
1525599020	20358	63.808	12.399	339	10
1525599020	20404	63.808	12.399	339	6
1525599020	20511	63.808	12.443	339	1
1525599020	20453	63.92	12.399	339	13
1525599020	20560	63.92	12.393	339	1
1525599020	20613	63.92	12.349	339	1
1525599020	20659	63.92	12.393	339	1
1525599020	20709	63.92	12.298	339	9
1525599020	20764	63.92	12.355	339	5
1525599021	19932	63.7	12.778	339	3
1525599021	19972	63.7	12.696	339	9
1525599021	19892	63.7	12.784	339	3
1525599021	20013	63.7	12.727	339	1
1525599021	20056	63.699	12.778	339	11
1525599021	20193	63.699	12.727	339	9
1525599021	20142	63.699	12.734	339	3
1525599021	20098	63.699	12.778	339	7
1525599021	20236	63.699	12.822	339	7
1525599021	20279	63.699	12.835	339	1
1525599021	20330	63.699	12.879	339	5
1525599021	20465	63.699	12.872	339	11
1525599021	20520	63.798	12.835	339	9
1525599021	20416	63.81	12.923	339	1
1525599021	20366	63.81	12.923	339	3
1525599021	20570	63.81	12.929	339	5
1525599021	20625	63.81	13.017	339	1
1525599021	20673	63.81	12.923	339	9
1525599021	20719	63.81	13.068	339	1
1525599021	20773	63.871	13.169	339	7
1525599022	19899	64.037	12.804	339	43
1525599022	19938	64.037	12.848	339	1
1525599022	19981	64.037	12.804	339	1
1525599022	20020	64.037	12.753	339	1
1525599022	20064	64.037	12.709	339	3
1525599022	20110	64.037	12.709	339	1
1525599022	20153	64.037	12.759	339	1
1525599022	20289	64.037	12.804	339	1
1525599022	20201	64.037	12.759	339	5
1525599022	20243	64.037	12.797	339	3
1525599022	20336	64.039	12.848	339	1
1525599022	20483	64.039	12.854	339	9
1525599022	20380	64.042	12.898	339	3
1525599022	20425	64.039	12.854	339	1
1525599022	20578	64.151	12.898	339	12
1525599022	20531	64.152	12.861	339	3
1525599022	20681	64.152	12.81	339	5
1525599022	20633	64.152	12.81	339	3
1525599022	20735	64.152	12.759	339	7
1525599022	20785	64.152	12.665	339	5
1525599023	20072	63.824	12.969	339	19
1525599023	19949	63.822	12.823	339	3
1525599023	20119	63.824	12.975	339	7
1525599023	19989	63.822	12.817	339	1
1525599023	19908	63.822	12.817	339	5
1525599023	20165	63.825	13.121	339	5
1525599023	20028	63.824	12.924	339	9
1525599023	20251	63.825	13.171	339	7
1525599023	20299	63.825	13.323	339	7
1525599023	20210	63.825	13.367	339	8
1525599023	20436	63.825	13.316	339	9
1525599023	20493	63.825	13.279	339	6
1525599023	20344	63.825	13.316	339	11
1525599023	20388	63.825	13.316	339	2
1525599023	20540	63.825	13.316	339	9
1525599023	20590	63.93	13.418	339	9
1525599023	20640	63.937	13.33	339	3
1525599023	20692	63.937	13.316	339	11
1525599023	20744	63.937	13.063	339	3
1525599023	20795	63.937	12.955	339	6
1525599024	19916	64.162	13.556	339	9
1525599024	19956	64.162	13.549	339	7
1525599024	19996	64.162	13.593	339	9
1525599024	20080	64.162	13.549	339	9
1525599024	20037	64.162	13.556	339	9
1525599024	20125	64.162	13.556	339	11
1525599024	20174	64.162	13.512	339	13
1525599024	20260	64.162	13.462	339	7
1525599024	20217	64.162	13.411	339	7
1525599024	20310	64.162	13.455	339	11
1525599024	20351	64.162	13.448	339	1
1525599024	20397	64.162	13.455	339	3
1525599024	20446	64.162	13.397	339	3
1525599024	20502	64.162	13.397	339	12
1525599024	20553	64.162	13.391	339	9
1525599024	20603	64.17	13.391	339	11
1525599024	20648	64.276	13.252	339	5
1525599024	20701	64.276	13.296	339	3
1525599024	20802	64.276	13.31	339	9
1525599024	20754	64.276	13.303	339	28
1525599025	20045	63.719	13.414	339	7
1525599025	19964	63.719	13.333	339	3
1525599025	20005	63.719	13.32	339	9
1525599025	19924	63.719	13.377	339	22
1525599025	20090	63.719	13.232	339	11
1525599025	19884	63.719	13.384	339	3
1525599025	20135	63.719	13.421	339	13
1525599025	20182	63.719	13.384	339	5
1525599025	20227	63.719	13.347	339	9
1525599025	20272	63.719	13.34	339	10
1525599025	20319	63.719	13.478	339	9
1525599025	20358	63.719	13.485	339	10
1525599025	20404	63.719	13.441	339	6
1525599025	20511	63.719	13.441	339	7
1525599025	20453	63.719	13.529	339	22
1525599025	20560	63.825	13.572	339	1
1525599025	20613	63.831	13.579	339	11
1525599025	20659	63.831	13.529	339	5
1525599025	20709	63.831	13.579	339	9
1525599025	20764	63.94	13.428	339	5
1525599026	19892	64.054	12.55	339	3
1525599026	19972	64.054	12.638	339	9
1525599026	19932	64.054	12.601	339	3
1525599026	20013	64.054	12.607	339	5
1525599026	20056	64.054	12.651	339	13
1525599026	20098	64.054	12.695	339	7
1525599026	20193	64.054	12.702	339	9
1525599026	20142	64.054	12.695	339	3
1525599026	20236	64.054	12.658	339	7
1525599026	20279	64.054	12.689	339	11
1525599026	20330	64.054	12.645	339	5
1525599026	20465	64.054	12.645	339	13
1525599026	20520	64.153	12.645	339	9
1525599026	20366	64.163	12.689	339	3
1525599026	20416	64.156	12.645	339	7
1525599026	20570	64.165	12.689	339	5
1525599026	20625	64.165	12.746	339	1
1525599026	20673	64.165	12.84	339	9
1525599026	20719	64.165	12.796	339	1
1525599026	20773	64.165	12.79	339	7
1525599027	19938	63.831	13.162	339	11
1525599027	19899	63.831	13.155	339	43
1525599027	19981	63.831	13.155	339	1
1525599027	20020	63.831	13.155	339	7
1525599027	20064	63.831	13.162	339	3
1525599027	20110	63.831	13.162	339	1
1525599027	20153	63.831	13.206	339	1
1525599027	20201	63.831	13.206	339	12
1525599027	20243	63.831	13.256	339	3
1525599027	20289	63.831	13.249	339	11
1525599027	20336	63.831	13.269	339	5
1525599027	20483	63.831	13.175	339	9
1525599027	20380	63.831	13.169	339	3
1525599027	20425	63.929	13.249	339	13
1525599027	20578	63.943	13.169	339	12
1525599027	20531	63.943	13.169	339	3
1525599027	20681	63.943	13.068	339	5
1525599027	20633	63.943	13.068	339	3
1525599027	20735	63.943	13.162	339	7
1525599027	20785	64.055	13.313	339	5
1525599028	19949	64.169	12.513	339	4
1525599028	19908	64.169	12.525	339	5
1525599028	19989	64.169	12.519	339	1
1525599028	20072	64.169	12.468	339	19
1525599028	20028	64.169	12.462	339	9
1525599028	20119	64.169	12.418	339	7
1525599028	20165	64.169	12.323	339	5
1525599028	20251	64.169	12.267	339	7
1525599028	20299	64.169	12.166	339	7
1525599028	20388	64.169	12.172	339	3
1525599028	20210	64.169	12.172	339	18
1525599028	20344	64.169	12.178	339	11
1525599028	20436	64.169	12.216	339	9
1525599028	20493	64.169	12.127	339	9
1525599028	20540	64.28	12.273	339	9
1525599028	20590	64.281	12.222	339	9
1525599028	20640	64.281	12.311	339	3
1525599028	20692	64.281	12.323	339	11
1525599028	20744	64.281	12.424	339	3
1525599028	20795	64.281	12.431	339	8
1525599029	19916	63.723	12.196	339	9
1525599029	19956	63.723	12.241	339	7
1525599029	19996	63.723	12.285	339	9
1525599029	20037	63.723	12.241	339	9
1525599029	20080	63.723	12.329	339	9
1525599029	20125	63.723	12.291	339	11
1525599029	20174	63.723	12.323	339	29
1525599029	20260	63.724	12.279	339	7
1525599029	20217	63.724	12.367	339	7
1525599029	20310	63.724	12.329	339	34
1525599029	20351	63.724	12.393	339	1
1525599029	20397	63.724	12.38	339	3
1525599029	20502	63.724	12.481	339	12
1525599029	20446	63.724	12.481	339	3
1525599029	20553	63.834	12.487	339	9
1525599029	20603	63.834	12.481	339	16
1525599029	20701	63.834	12.431	339	3
1525599029	20648	63.834	12.431	339	5
1525599029	20802	63.947	12.367	339	9
1525599029	20754	63.947	12.367	339	36
1525599030	19924	64.061	11.78	339	17
1525599030	19964	64.061	11.774	339	3
1525599030	20045	64.061	11.69	339	7
1525599030	19884	64.061	11.774	339	3
1525599030	20005	64.061	11.786	339	9
1525599030	20090	64.061	11.78	339	11
1525599030	20135	64.061	11.684	339	13
1525599030	20182	64.061	11.735	339	5
1525599030	20227	64.061	11.774	339	9
1525599030	20272	64.061	11.78	339	14
1525599030	20358	64.061	11.729	339	10
1525599030	20404	64.061	11.729	339	6
1525599030	20319	64.061	11.729	339	9
1525599030	20511	64.061	11.729	339	7
1525599030	20560	64.176	11.651	339	1
1525599030	20453	64.175	11.69	339	17
1525599030	20659	64.176	11.842	339	5
1525599030	20613	64.176	11.791	339	11
1525599030	20709	64.176	11.887	339	9
1525599030	20764	64.176	11.982	339	8
1525599031	19892	63.838	12.576	339	3
1525599031	19932	63.838	12.525	339	3
1525599031	19972	63.838	12.487	339	9
1525599031	20013	63.838	12.481	339	5
1525599031	20056	63.838	12.487	339	9
1525599031	20098	63.838	12.443	339	7
1525599031	20142	63.838	12.443	339	3
1525599031	20193	63.838	12.443	339	9
1525599031	20236	63.838	12.437	339	7
1525599031	20330	63.838	12.595	339	5
1525599031	20465	63.838	12.645	339	15
1525599031	20279	63.838	12.544	339	11
1525599031	20520	63.84	12.645	339	9
1525599031	20416	63.95	12.601	339	7
1525599031	20366	63.95	12.557	339	3
1525599031	20570	63.95	12.645	339	5
1525599031	20625	63.95	12.551	339	1
1525599031	20673	63.95	12.456	339	9
1525599031	20719	63.95	12.399	339	1
1525599031	20773	64.058	12.399	339	7
1525599032	19981	64.172	11.887	339	1
1525599032	19938	64.172	11.881	339	11
1525599032	20020	64.172	11.887	339	7
1525599032	19899	64.172	11.887	339	24
1525599032	20110	64.172	11.931	339	1
1525599032	20064	64.172	11.931	339	3
1525599032	20153	64.172	11.887	339	1
1525599032	20201	64.172	11.976	339	18
1525599032	20243	64.172	11.881	339	3
1525599032	20289	64.172	11.887	339	11
1525599032	20336	64.172	11.875	339	5
1525599032	20425	64.172	11.786	339	13
1525599032	20380	64.172	11.824	339	3
1525599032	20578	64.284	11.881	339	14
1525599032	20531	64.284	11.925	339	3
1525599032	20483	64.172	11.869	339	9
1525599032	20681	64.285	12.071	339	5
1525599032	20633	64.285	12.071	339	3
1525599032	20735	64.285	12.02	339	7
1525599032	20785	64.285	11.919	339	5
1525599033	19908	63.725	12.468	339	5
1525599033	19949	63.725	12.475	339	4
1525599033	19989	63.725	12.468	339	1
1525599033	20028	63.725	12.468	339	9
1525599033	20119	63.725	12.513	339	7
1525599033	20072	63.725	12.462	339	16
1525599033	20165	63.725	12.506	339	5
1525599033	20251	63.725	12.468	339	7
1525599033	20299	63.725	12.513	339	7
1525599033	20210	63.725	12.513	339	32
1525599033	20344	63.725	12.513	339	11
1525599033	20436	63.725	12.519	339	9
1525599033	20493	63.725	12.563	339	11
1525599033	20388	63.725	12.519	339	6
1525599033	20540	63.837	12.563	339	9
1525599033	20590	63.837	12.475	339	9
1525599033	20640	63.837	12.418	339	3
1525599033	20692	63.837	12.418	339	11
1525599033	20744	63.948	12.367	339	3
1525599033	20795	63.951	12.361	339	10
1525599034	19916	64.068	12.097	339	9
1525599034	19996	64.068	11.97	339	9
1525599034	19956	64.068	12.052	339	7
1525599034	20080	64.068	11.97	339	9
1525599034	20037	64.068	12.059	339	9
1525599034	20125	64.068	12.008	339	11
1525599034	20174	64.068	12.014	339	24
1525599034	20217	64.068	11.97	339	7
1525599034	20260	64.068	12.052	339	7
1525599034	20310	64.068	12.008	339	49
1525599034	20351	64.068	11.952	339	1
1525599034	20397	64.068	11.958	339	3
1525599034	20446	64.068	11.913	339	3
1525599034	20502	64.068	11.913	339	12
1525599034	20553	64.181	11.913	339	9
1525599034	20603	64.181	11.913	339	20
1525599034	20701	64.182	12.059	339	3
1525599034	20648	64.182	12.052	339	5
1525599034	20754	64.182	12.166	339	24
1525599034	20802	64.182	12.159	339	9
1525599035	19884	63.848	12.765	339	3
1525599035	20045	63.848	12.765	339	7
1525599035	19964	63.848	12.809	339	3
1525599035	19924	63.848	12.765	339	17
1525599035	20005	63.848	12.714	339	9
1525599035	20090	63.848	12.809	339	11
1525599035	20135	63.848	12.853	339	13
1525599035	20182	63.848	12.802	339	5
1525599035	20227	63.848	12.758	339	9
1525599035	20272	63.848	12.846	339	15
1525599035	20319	63.848	12.853	339	9
1525599035	20358	63.848	12.853	339	10
1525599035	20404	63.848	12.853	339	6
1525599035	20511	63.848	12.853	339	7
1525599035	20560	63.96	12.846	339	1
1525599035	20453	63.959	12.846	339	13
1525599035	20613	63.96	12.702	339	11
1525599035	20659	63.96	12.746	339	5
1525599035	20709	63.96	12.651	339	9
1525599035	20764	64.074	12.607	339	8
1525599036	19892	64.189	12.399	339	3
1525599036	19972	64.189	12.443	339	9
1525599036	20013	64.189	12.443	339	5
1525599036	19932	64.189	12.443	339	3
1525599036	20056	64.189	12.443	339	9
1525599036	20098	64.189	12.487	339	7
1525599036	20142	64.189	12.494	339	3
1525599036	20193	64.189	12.494	339	9
1525599036	20236	64.189	12.45	339	7
1525599036	20279	64.189	12.343	339	11
1525599036	20330	64.189	12.343	339	5
1525599036	20465	64.189	12.248	339	13
1525599036	20520	64.189	12.248	339	9
1525599036	20416	64.298	12.298	339	7
1525599036	20570	64.298	12.298	339	5
1525599036	20366	64.298	12.298	339	3
1525599036	20625	64.298	12.387	339	1
1525599036	20673	64.298	12.393	339	9
1525599036	20719	64.298	12.443	339	1
1525599036	20773	64.298	12.443	339	7
1525599037	19899	63.848	13.142	339	21
1525599037	19938	63.848	13.142	339	11
1525599037	19981	63.848	13.098	339	1
1525599037	20020	63.848	13.098	339	7
1525599037	20153	63.848	13.149	339	1
1525599037	20110	63.848	13.149	339	1
1525599037	20064	63.848	13.149	339	3
1525599037	20201	63.848	13.155	339	13
1525599037	20243	63.848	13.111	339	3
1525599037	20289	63.848	13.105	339	11
1525599037	20336	63.848	13.048	339	5
1525599037	20425	63.848	13.105	339	13
1525599037	20483	63.848	13.105	339	9
1525599037	20380	63.848	13.061	339	3
1525599037	20578	63.958	13.105	339	15
1525599037	20531	63.958	13.048	339	3
1525599037	20681	63.958	12.91	339	5
1525599037	20633	63.958	12.91	339	3
1525599037	20735	63.958	12.91	339	7
1525599037	20785	63.966	12.96	339	5
1525599038	19908	64.184	12.594	339	5
1525599038	19949	64.184	12.55	339	4
1525599038	19989	64.184	12.55	339	1
1525599038	20028	64.184	12.557	339	9
1525599038	20119	64.184	12.55	339	7
1525599038	20072	64.184	12.557	339	13
1525599038	20165	64.184	12.557	339	5
1525599038	20251	64.184	12.55	339	7
1525599038	20299	64.184	12.55	339	7
1525599038	20210	64.184	12.506	339	18
1525599038	20436	64.184	12.5	339	9
1525599038	20388	64.184	12.5	339	4
1525599038	20344	64.184	12.5	339	11
1525599038	20493	64.184	12.5	339	9
1525599038	20540	64.298	12.5	339	9
1525599038	20590	64.299	12.638	339	9
1525599038	20640	64.299	12.651	339	3
1525599038	20692	64.299	12.651	339	11
1525599038	20744	64.299	12.658	339	3
1525599038	20795	64.299	12.702	339	11
1525599039	19916	63.748	13.263	339	9
1525599039	19956	63.748	13.263	339	7
1525599039	19996	63.748	13.256	339	9
1525599039	20037	63.748	13.256	339	9
1525599039	20080	63.748	13.256	339	9
1525599039	20125	63.748	13.212	339	11
1525599039	20174	63.748	13.212	339	16
1525599039	20260	63.748	13.169	339	7
1525599039	20217	63.748	13.169	339	7
1525599039	20351	63.748	13.212	339	1
1525599039	20310	63.748	13.162	339	27
1525599039	20397	63.748	13.219	339	3
1525599039	20446	63.748	13.212	339	3
1525599039	20502	63.748	13.212	339	12
1525599039	20553	63.859	13.212	339	9
1525599039	20603	63.859	13.219	339	17
1525599039	20648	63.859	13.162	339	5
1525599039	20701	63.859	13.068	339	3
1525599039	20754	63.954	13.111	339	21
1525599039	20802	63.965	13.118	339	9
1525599040	19964	64.08	12.734	339	3
1525599040	20045	64.08	12.771	339	7
1525599040	19924	64.08	12.727	339	17
1525599040	19884	64.08	12.721	339	3
1525599040	20005	64.08	12.771	339	9
1525599040	20090	64.08	12.727	339	11
1525599040	20135	64.08	12.771	339	13
1525599040	20227	64.08	12.778	339	9
1525599040	20182	64.08	12.778	339	5
1525599040	20272	64.08	12.69	339	14
1525599040	20319	64.08	12.677	339	9
1525599040	20358	64.08	12.677	339	10
1525599040	20404	64.08	12.771	339	6
1525599040	20511	64.08	12.765	339	7
1525599040	20560	64.182	12.771	339	1
1525599040	20453	64.182	12.778	339	13
1525599040	20613	64.194	12.879	339	11
1525599040	20659	64.194	12.879	339	5
1525599040	20709	64.194	12.923	339	9
1525599040	20764	64.194	13.017	339	8
1525599041	19932	63.751	13.158	339	3
1525599041	19892	63.751	13.202	339	3
1525599041	19972	63.751	13.202	339	9
1525599041	20013	63.751	13.209	339	5
1525599041	20056	63.751	13.246	339	9
1525599041	20098	63.751	13.202	339	7
1525599041	20142	63.751	13.202	339	3
1525599041	20193	63.751	13.195	339	9
1525599041	20236	63.751	13.195	339	7
1525599041	20279	63.751	13.158	339	11
1525599041	20330	63.751	13.107	339	5
1525599041	20465	63.751	13.151	339	13
1525599041	20520	63.751	13.195	339	9
1525599041	20416	63.86	13.107	339	7
1525599041	20366	63.86	13.107	339	3
1525599041	20570	63.86	13.101	339	5
1525599041	20625	63.86	12.969	339	1
1525599041	20673	63.86	13.006	339	9
1525599041	20719	63.86	12.874	339	1
1525599041	20773	63.97	12.955	339	7
1525599042	19981	64.084	12.588	339	1
1525599042	19938	64.084	12.544	339	11
1525599042	19899	64.084	12.588	339	21
1525599042	20064	64.084	12.538	339	3
1525599042	20020	64.084	12.588	339	7
1525599042	20110	64.084	12.538	339	1
1525599042	20153	64.084	12.582	339	1
1525599042	20201	64.084	12.487	339	9
1525599042	20289	64.084	12.582	339	11
1525599042	20243	64.084	12.569	339	3
1525599042	20336	64.084	12.588	339	5
1525599042	20483	64.084	12.626	339	9
1525599042	20380	64.084	12.67	339	3
1525599042	20578	64.197	12.576	339	15
1525599042	20425	64.084	12.588	339	13
1525599042	20531	64.198	12.633	339	3
1525599042	20633	64.2	12.784	339	3
1525599042	20681	64.2	12.734	339	5
1525599042	20735	64.2	12.784	339	7
1525599042	20785	64.2	12.727	339	5
1525599043	19908	63.755	13.107	339	5
1525599043	19949	63.755	13.107	339	4
1525599043	19989	63.755	13.151	339	1
1525599043	20072	63.755	13.101	339	13
1525599043	20028	63.755	13.094	339	9
1525599043	20119	63.755	13.057	339	7
1525599043	20165	63.755	13.101	339	5
1525599043	20251	63.755	13.145	339	7
1525599043	20299	63.755	13.057	339	7
1525599043	20210	63.755	13.101	339	13
1525599043	20344	63.755	13.107	339	11
1525599043	20388	63.755	13.101	339	4
1525599043	20436	63.755	13.107	339	9
1525599043	20493	63.755	13.145	339	9
1525599043	20540	63.865	13.101	339	9
1525599043	20590	63.865	12.999	339	9
1525599043	20640	63.865	12.949	339	3
1525599043	20692	63.865	12.949	339	11
1525599043	20744	63.865	12.936	339	3
1525599043	20795	63.865	12.993	339	11
1525599044	19956	64.089	12.487	339	7
1525599044	19996	64.088	12.538	339	9
1525599044	20037	64.088	12.538	339	9
1525599044	19916	64.089	12.487	339	9
1525599044	20080	64.088	12.538	339	9
1525599044	20125	64.088	12.588	339	11
1525599044	20174	64.088	12.588	339	16
1525599044	20260	64.088	12.633	339	7
1525599044	20217	64.088	12.626	339	7
1525599044	20310	64.088	12.595	339	17
1525599044	20351	64.088	12.588	339	1
1525599044	20397	64.088	12.532	339	3
1525599044	20446	64.088	12.576	339	3
1525599044	20502	64.088	12.569	339	12
1525599044	20553	64.088	12.487	339	9
1525599044	20603	64.088	12.487	339	13
1525599044	20648	64.202	12.544	339	5
1525599044	20701	64.202	12.633	339	3
1525599044	20754	64.202	12.588	339	21
1525599044	20802	64.202	12.582	339	9
1525599045	19924	63.756	12.929	339	17
1525599045	19884	63.756	12.929	339	3
1525599045	19964	63.757	12.879	339	3
1525599045	20045	63.757	12.929	339	7
1525599045	20005	63.757	12.936	339	9
1525599045	20090	63.757	12.929	339	11
1525599045	20135	63.757	12.841	339	13
1525599045	20182	63.757	12.879	339	5
1525599045	20227	63.757	12.879	339	9
1525599045	20272	63.757	12.879	339	14
1525599045	20319	63.757	12.885	339	9
1525599045	20358	63.757	12.885	339	10
1525599045	20404	63.757	12.835	339	6
1525599045	20511	63.757	12.841	339	7
1525599045	20453	63.866	12.784	339	13
1525599045	20560	63.866	12.784	339	1
1525599045	20613	63.866	12.677	339	11
1525599045	20659	63.866	12.588	339	5
1525599045	20709	63.866	12.683	339	9
1525599045	20764	63.975	12.696	339	8
1525599046	19932	64.09	12.323	339	3
1525599046	19892	64.09	12.273	339	3
1525599046	19972	64.09	12.279	339	9
1525599046	20013	64.09	12.273	339	5
1525599046	20056	64.09	12.279	339	9
1525599046	20098	64.09	12.317	339	7
1525599046	20142	64.09	12.311	339	3
1525599046	20193	64.09	12.317	339	9
1525599046	20236	64.09	12.317	339	7
1525599046	20279	64.09	12.355	339	11
1525599046	20330	64.09	12.317	339	5
1525599046	20520	64.192	12.323	339	9
1525599046	20416	64.199	12.456	339	7
1525599046	20465	64.09	12.361	339	13
1525599046	20366	64.2	12.456	339	3
1525599046	20570	64.2	12.418	339	5
1525599046	20625	64.2	12.645	339	1
1525599046	20673	64.2	12.601	339	9
1525599046	20719	64.2	12.702	339	1
1525599046	20773	64.2	12.664	339	7
1525599047	19899	63.754	12.954	339	21
1525599047	19981	63.754	12.954	339	1
1525599047	19938	63.754	12.96	339	11
1525599047	20020	63.754	12.96	339	7
1525599047	20064	63.754	13.004	339	3
1525599047	20110	63.754	13.004	339	1
1525599047	20153	63.754	12.916	339	1
1525599047	20201	63.754	13.004	339	9
1525599047	20243	63.754	12.96	339	3
1525599047	20289	63.754	12.954	339	11
1525599047	20336	63.754	12.91	339	5
1525599047	20380	63.754	12.916	339	3
1525599047	20483	63.754	12.916	339	9
1525599047	20425	63.754	12.954	339	13
1525599047	20531	63.866	12.866	339	3
1525599047	20578	63.866	12.916	339	15
1525599047	20681	63.866	12.758	339	5
1525599047	20735	63.866	12.802	339	7
1525599047	20633	63.866	12.67	339	3
1525599047	20785	63.979	12.859	339	5
1525599048	19908	64.092	12.833	339	5
1525599048	19989	64.092	12.833	339	1
1525599048	19949	64.092	12.877	339	4
1525599048	20028	64.092	12.89	339	9
1525599048	20072	64.092	12.884	339	13
1525599048	20119	64.092	12.978	339	7
1525599048	20165	64.092	12.934	339	5
1525599048	20251	64.092	12.89	339	7
1525599048	20299	64.092	12.971	339	7
1525599048	20210	64.092	12.884	339	13
1525599048	20436	64.092	12.921	339	9
1525599048	20388	64.092	12.884	339	4
1525599048	20344	64.092	12.884	339	11
1525599048	20493	64.092	12.833	339	9
1525599048	20540	64.204	12.928	339	9
1525599048	20590	64.206	12.984	339	9
1525599048	20640	64.206	13.035	339	3
1525599048	20692	64.206	13.028	339	11
1525599048	20744	64.206	13.142	339	3
1525599048	20795	64.206	13.142	339	11
1525599049	19916	63.719	13.632	339	9
1525599049	19996	63.719	13.632	339	9
1525599049	19956	63.719	13.675	339	7
1525599049	20080	63.719	13.632	339	9
1525599049	20037	63.719	13.632	339	9
1525599049	20125	63.719	13.661	339	11
1525599049	20174	63.719	13.618	339	16
1525599049	20260	63.719	13.575	339	7
1525599049	20217	63.719	13.581	339	7
1525599049	20310	63.719	13.611	339	17
1525599049	20351	63.719	13.568	339	1
1525599049	20397	63.719	13.581	339	3
1525599049	20502	63.719	13.588	339	12
1525599049	20446	63.719	13.581	339	3
1525599049	20553	63.83	13.625	339	9
1525599049	20603	63.83	13.618	339	13
1525599049	20701	63.83	13.437	339	3
1525599049	20648	63.83	13.431	339	5
1525599049	20802	63.933	13.488	339	9
1525599049	20754	63.887	13.481	339	21
1525599050	19884	64.053	13.129	339	3
1525599050	19964	64.053	13.122	339	3
1525599050	20045	64.053	13.078	339	7
1525599050	20005	64.053	13.078	339	9
1525599050	20090	64.053	13.078	339	11
1525599050	19924	64.053	13.122	339	17
1525599050	20135	64.053	13.129	339	13
1525599050	20227	64.053	13.085	339	9
1525599050	20182	64.053	13.085	339	5
1525599050	20272	64.053	13.122	339	14
1525599050	20358	64.053	13.072	339	10
1525599050	20511	64.053	13.085	339	7
1525599050	20319	64.053	13.078	339	9
1525599050	20560	64.154	13.186	339	1
1525599050	20404	64.053	13.122	339	6
1525599050	20453	64.154	13.186	339	13
1525599050	20613	64.166	13.337	339	11
1525599050	20659	64.166	13.424	339	5
1525599050	20709	64.166	13.337	339	9
1525599050	20764	64.169	13.317	339	8
1525599051	19892	63.723	13.725	339	3
1525599051	19932	63.723	13.682	339	3
1525599051	19972	63.723	13.675	339	9
1525599051	20013	63.723	13.725	339	5
1525599051	20056	63.723	13.632	339	9
1525599051	20142	63.723	13.595	339	3
1525599051	20098	63.723	13.632	339	7
1525599051	20193	63.723	13.588	339	9
1525599051	20236	63.723	13.588	339	7
1525599051	20279	63.723	13.639	339	11
1525599051	20330	63.723	13.632	339	5
1525599051	20465	63.723	13.632	339	13
1525599051	20520	63.723	13.625	339	9
1525599051	20366	63.837	13.538	339	3
1525599051	20416	63.837	13.575	339	7
1525599051	20570	63.837	13.531	339	5
1525599051	20625	63.838	13.401	339	1
1525599051	20673	63.838	13.401	339	9
1525599051	20719	63.839	13.424	339	1
1525599051	20773	63.951	13.424	339	7
1525599052	19938	64.065	12.934	339	11
1525599052	19899	64.065	12.941	339	21
1525599052	19981	64.065	12.941	339	1
1525599052	20020	64.065	12.978	339	7
1525599052	20064	64.065	12.934	339	3
1525599052	20110	64.065	12.934	339	1
1525599052	20153	64.065	12.978	339	1
1525599052	20201	64.065	12.89	339	9
1525599052	20289	64.065	12.89	339	11
1525599052	20243	64.065	12.89	339	3
1525599052	20336	64.065	12.934	339	5
1525599052	20483	64.065	12.928	339	9
1525599052	20380	64.065	12.978	339	3
1525599052	20425	64.065	12.934	339	13
1525599052	20531	64.065	13.035	339	3
1525599052	20578	64.065	13.028	339	15
1525599052	20633	64.175	13.273	339	3
1525599052	20681	64.175	13.273	339	5
1525599052	20735	64.175	13.142	339	7
1525599052	20785	64.175	13.092	339	5
1525599053	19908	63.728	13.323	339	5
1525599053	19949	63.728	13.33	339	4
1525599053	19989	63.728	13.286	339	1
1525599053	20072	63.728	13.286	339	13
1525599053	20119	63.728	13.33	339	7
1525599053	20028	63.728	13.286	339	9
1525599053	20165	63.728	13.367	339	5
1525599053	20251	63.728	13.323	339	7
1525599053	20299	63.728	13.286	339	7
1525599053	20344	63.728	13.417	339	11
1525599053	20388	63.728	13.424	339	4
1525599053	20210	63.728	13.374	339	13
1525599053	20436	63.728	13.33	339	9
1525599053	20493	63.728	13.38	339	9
1525599053	20540	63.837	13.323	339	9
1525599053	20590	63.84	13.273	339	9
1525599053	20640	63.84	13.273	339	3
1525599053	20692	63.84	13.273	339	11
1525599053	20744	63.84	13.159	339	3
1525599053	20795	63.956	13.065	339	11
1525599054	19916	64.069	12.707	339	9
1525599054	19956	64.069	12.657	339	7
1525599054	19996	64.069	12.701	339	9
1525599054	20037	64.069	12.663	339	9
1525599054	20080	64.069	12.663	339	9
1525599054	20125	64.069	12.626	339	11
1525599054	20174	64.069	12.619	339	16
1525599054	20260	64.069	12.626	339	7
1525599054	20217	64.069	12.626	339	7
1525599054	20310	64.069	12.626	339	17
1525599054	20351	64.069	12.626	339	1
1525599054	20397	64.069	12.663	339	3
1525599054	20502	64.069	12.663	339	12
1525599054	20446	64.069	12.663	339	3
1525599054	20553	64.182	12.707	339	9
1525599054	20603	64.182	12.67	339	13
1525599054	20648	64.184	12.864	339	5
1525599054	20701	64.184	12.858	339	3
1525599054	20754	64.184	12.814	339	21
1525599054	20802	64.184	12.814	339	9
1525599055	19884	63.727	13.26	339	3
1525599055	19924	63.727	13.26	339	17
1525599055	20045	63.727	13.297	339	7
1525599055	19964	63.727	13.26	339	3
1525599055	20005	63.727	13.253	339	9
1525599055	20090	63.727	13.253	339	11
1525599055	20135	63.727	13.26	339	13
1525599055	20182	63.727	13.26	339	5
1525599055	20227	63.727	13.26	339	9
1525599055	20272	63.727	13.266	339	14
1525599055	20319	63.727	13.303	339	9
1525599055	20511	63.727	13.266	339	7
1525599055	20358	63.727	13.31	339	10
1525599055	20453	63.727	13.303	339	13
1525599055	20404	63.727	13.31	339	6
1525599055	20560	63.727	13.31	339	1
1525599055	20613	63.837	13.303	339	11
1525599055	20659	63.837	13.209	339	5
1525599055	20709	63.837	13.166	339	9
1525599055	20764	63.837	13.122	339	8
1525599056	19892	64.062	12.821	339	3
1525599056	19932	64.062	12.77	339	3
1525599056	19972	64.062	12.777	339	9
1525599056	20013	64.062	12.814	339	5
1525599056	20056	64.062	12.858	339	9
1525599056	20098	64.062	12.864	339	7
1525599056	20193	64.062	12.864	339	9
1525599056	20142	64.062	12.945	339	3
1525599056	20236	64.062	12.908	339	7
1525599056	20279	64.062	12.814	339	11
1525599056	20330	64.062	12.952	339	5
1525599056	20465	64.062	12.958	339	13
1525599056	20520	64.161	12.915	339	9
1525599056	20416	64.176	12.921	339	7
1525599056	20366	64.176	12.958	339	3
1525599056	20570	64.176	13.002	339	5
1525599056	20673	64.176	13.052	339	9
1525599056	20625	64.176	13.052	339	1
1525599056	20719	64.171	13.065	339	1
1525599056	20773	64.171	13.022	339	7
1525599057	19899	63.724	13.561	339	21
1525599057	19938	63.724	13.611	339	11
1525599057	19981	63.724	13.648	339	1
1525599057	20020	63.724	13.604	339	7
1525599057	20064	63.724	13.554	339	3
1525599057	20110	63.724	13.554	339	1
1525599057	20153	63.724	13.641	339	1
1525599057	20201	63.724	13.641	339	9
1525599057	20289	63.724	13.648	339	11
1525599057	20243	63.724	13.655	339	3
1525599057	20336	63.724	13.698	339	5
1525599057	20380	63.807	13.561	339	3
1525599057	20483	63.724	13.655	339	9
1525599057	20425	63.724	13.611	339	13
1525599057	20578	63.833	13.554	339	15
1525599057	20531	63.833	13.547	339	3
1525599057	20681	63.833	13.404	339	5
1525599057	20633	63.833	13.397	339	3
1525599057	20735	63.938	13.39	339	7
1525599057	20785	63.942	13.253	339	5
1525599058	19908	64.061	12.5	339	5
1525599058	19949	64.061	12.487	339	4
1525599058	19989	64.061	12.538	339	1
1525599058	20072	64.061	12.531	339	13
1525599058	20028	64.061	12.531	339	9
1525599058	20119	64.061	12.443	339	7
1525599058	20165	64.061	12.399	339	6
1525599058	20251	64.061	12.487	339	7
1525599058	20299	64.061	12.487	339	7
1525599058	20210	64.061	12.437	339	13
1525599058	20436	64.061	12.481	339	9
1525599058	20493	64.061	12.481	339	9
1525599058	20344	64.061	12.481	339	11
1525599058	20388	64.061	12.387	339	4
1525599058	20540	64.173	12.443	339	9
1525599058	20590	64.175	12.538	339	9
1525599058	20640	64.175	12.544	339	3
1525599058	20692	64.175	12.55	339	11
1525599058	20744	64.177	12.645	339	3
1525599058	20795	64.177	12.689	339	11
1525599059	19916	63.725	13.186	339	9
1525599059	19996	63.725	13.192	339	9
1525599059	20037	63.725	13.28	339	9
1525599059	20080	63.725	13.28	339	9
1525599059	19956	63.725	13.236	339	7
1525599059	20125	63.725	13.273	339	11
1525599059	20174	63.725	13.323	339	16
1525599059	20260	63.725	13.317	339	7
1525599059	20217	63.725	13.31	339	7
1525599059	20310	63.725	13.273	339	17
1525599059	20351	63.725	13.317	339	1
1525599059	20397	63.725	13.323	339	3
1525599059	20446	63.725	13.323	339	3
1525599059	20502	63.725	13.323	339	12
1525599059	20603	63.834	13.317	339	13
1525599059	20553	63.834	13.28	339	9
1525599059	20701	63.835	13.209	339	3
1525599059	20648	63.835	13.209	339	5
1525599059	20754	63.948	13.028	339	21
1525599059	20802	63.948	13.022	339	9
1525599060	19884	64.061	12.487	339	3
1525599060	19924	64.061	12.487	339	17
1525599060	19964	64.061	12.575	339	3
1525599060	20005	64.061	12.582	339	9
1525599060	20045	64.061	12.494	339	7
1525599060	20090	64.061	12.538	339	11
1525599060	20135	64.061	12.487	339	13
1525599060	20227	64.061	12.525	339	9
1525599060	20182	64.061	12.481	339	5
1525599060	20272	64.061	12.525	339	14
1525599060	20319	64.061	12.437	339	9
1525599060	20358	64.061	12.437	339	10
1525599060	20404	64.061	12.481	339	6
1525599060	20511	64.061	12.519	339	7
1525599060	20560	64.176	12.469	339	1
1525599060	20453	64.175	12.469	339	13
1525599060	20613	64.176	12.469	339	11
1525599060	20659	64.176	12.519	339	5
1525599060	20709	64.176	12.563	339	9
1525599060	20764	64.176	12.569	339	8
1525599061	19892	63.852	12.733	339	3
1525599061	19932	63.852	12.783	339	3
1525599061	19972	63.852	12.783	339	9
1525599061	20013	63.852	12.79	339	5
1525599061	20056	63.853	12.79	339	9
1525599061	20098	63.853	12.79	339	7
1525599061	20142	63.853	12.752	339	3
1525599061	20193	63.853	12.833	339	9
1525599061	20236	63.853	12.79	339	7
1525599061	20279	63.853	12.752	339	11
1525599061	20465	63.853	12.651	339	13
1525599061	20330	63.853	12.702	339	7
1525599061	20520	63.853	12.739	339	9
1525599061	20416	63.963	12.702	339	7
1525599061	20366	63.963	12.695	339	3
1525599061	20570	63.963	12.658	339	5
1525599061	20625	63.963	12.601	339	1
1525599061	20673	63.963	12.645	339	9
1525599061	20719	63.963	12.5	339	1
1525599061	20773	64.066	12.588	339	7
1525599062	19899	64.191	12.052	339	21
1525599062	19981	64.191	12.014	339	1
1525599062	20020	64.191	12.014	339	7
1525599062	19938	64.191	12.008	339	11
1525599062	20064	64.191	12.026	339	3
1525599062	20110	64.191	12.026	339	1
1525599062	20153	64.191	11.982	339	1
1525599062	20201	64.191	11.982	339	9
1525599062	20289	64.191	11.976	339	11
1525599062	20243	64.191	11.976	339	3
1525599062	20336	64.191	11.925	339	5
1525599062	20380	64.191	12.02	339	3
1525599062	20578	64.191	11.982	339	15
1525599062	20483	64.191	11.976	339	9
1525599062	20425	64.191	11.97	339	13
1525599062	20531	64.291	12.026	339	3
1525599062	20633	64.305	12.216	339	3
1525599062	20681	64.305	12.127	339	5
1525599062	20735	64.305	12.228	339	7
1525599062	20785	64.305	12.317	339	9
1525599063	19908	63.741	13.122	339	5
1525599063	19949	63.741	13.122	339	4
1525599063	19989	63.741	13.122	339	1
1525599063	20072	63.741	13.078	339	13
1525599063	20028	63.741	13.078	339	9
1525599063	20119	63.741	13.072	339	7
1525599063	20165	63.741	13.035	339	9
1525599063	20251	63.741	13.035	339	7
1525599063	20299	63.754	13.078	339	7
1525599063	20210	63.754	13.122	339	13
1525599063	20436	63.754	13.041	339	9
1525599063	20388	63.754	13.129	339	4
1525599063	20493	63.754	13.085	339	9
1525599063	20344	63.754	13.035	339	11
1525599063	20540	63.864	13.035	339	9
1525599063	20590	63.864	13.028	339	9
1525599063	20640	63.864	12.971	339	3
1525599063	20692	63.864	12.965	339	11
1525599063	20744	63.9	12.884	339	3
1525599063	20795	63.978	12.827	339	11
1525599064	19916	64.092	12.079	339	9
1525599064	19956	64.092	12.034	339	7
1525599064	19996	64.092	12.072	339	9
1525599064	20080	64.092	11.984	339	9
1525599064	20037	64.092	11.984	339	9
1525599064	20125	64.092	11.984	339	11
1525599064	20174	64.092	11.94	339	16
1525599064	20217	64.092	11.99	339	7
1525599064	20260	64.092	11.99	339	7
1525599064	20310	64.092	12.028	339	17
1525599064	20351	64.092	11.984	339	1
1525599064	20397	64.092	11.94	339	3
1525599064	20502	64.092	11.895	339	12
1525599064	20446	64.092	11.895	339	3
1525599064	20553	64.204	11.94	339	9
1525599064	20603	64.204	11.946	339	13
1525599064	20648	64.206	12.052	339	5
1525599064	20701	64.206	12.052	339	3
1525599064	20802	64.206	12.242	339	9
1525599064	20754	64.206	12.236	339	21
1525599065	19924	63.874	12.777	339	17
1525599065	19964	63.874	12.777	339	3
1525599065	20045	63.874	12.777	339	7
1525599065	19884	63.874	12.777	339	3
1525599065	20090	63.874	12.814	339	11
1525599065	20005	63.874	12.814	339	9
1525599065	20135	63.874	12.864	339	13
1525599065	20182	63.874	12.908	339	5
1525599065	20227	63.874	12.871	339	9
1525599065	20272	63.874	12.864	339	14
1525599065	20319	63.874	12.915	339	9
1525599065	20358	63.874	12.915	339	10
1525599065	20404	63.874	12.821	339	6
1525599065	20511	63.874	12.821	339	7
1525599065	20453	63.983	12.777	339	13
1525599065	20560	63.984	12.77	339	1
1525599065	20659	63.984	12.626	339	5
1525599065	20709	63.984	12.632	339	9
1525599065	20613	63.984	12.626	339	11
1525599065	20764	64.097	12.726	339	8
1525599066	19932	64.218	12.456	339	3
1525599066	19892	64.218	12.418	339	3
1525599066	19972	64.218	12.456	339	9
1525599066	20013	64.218	12.362	339	5
1525599066	20056	64.218	12.406	339	9
1525599066	20098	64.218	12.362	339	7
1525599066	20142	64.218	12.356	339	3
1525599066	20193	64.218	12.362	339	9
1525599066	20236	64.218	12.318	339	7
1525599066	20279	64.218	12.45	339	11
1525599066	20330	64.218	12.406	339	9
1525599066	20465	64.209	12.362	339	13
1525599066	20366	64.323	12.312	339	3
1525599066	20416	64.323	12.305	339	7
1525599066	20520	64.317	12.356	339	9
1525599066	20570	64.324	12.362	339	5
1525599066	20625	64.324	12.412	339	1
1525599066	20673	64.324	12.412	339	9
1525599066	20719	64.324	12.557	339	1
1525599066	20773	64.324	12.513	339	7
1525599067	19981	63.869	13.303	339	1
1525599067	19938	63.869	13.347	339	11
1525599067	19899	63.869	13.353	339	21
1525599067	20020	63.869	13.347	339	7
1525599067	20064	63.869	13.39	339	3
1525599067	20110	63.869	13.383	339	1
1525599067	20153	63.869	13.347	339	1
1525599067	20201	63.869	13.347	339	9
1525599067	20289	63.869	13.347	339	11
1525599067	20243	63.869	13.347	339	3
1525599067	20336	63.869	13.397	339	5
1525599067	20425	63.869	13.397	339	13
1525599067	20578	63.869	13.39	339	15
1525599067	20380	63.869	13.397	339	3
1525599067	20531	63.979	13.434	339	3
1525599067	20483	63.869	13.347	339	9
1525599067	20681	63.979	13.303	339	5
1525599067	20633	63.979	13.216	339	3
1525599067	20735	63.979	13.196	339	7
1525599067	20785	64.086	13.203	339	9
1525599068	19908	64.2	12.393	339	5
1525599068	19949	64.2	12.399	339	4
1525599068	19989	64.2	12.393	339	1
1525599068	20072	64.2	12.437	339	13
1525599068	20028	64.2	12.437	339	9
1525599068	20119	64.2	12.393	339	7
1525599068	20165	64.2	12.481	339	9
1525599068	20251	64.2	12.437	339	7
1525599068	20299	64.2	12.437	339	7
1525599068	20210	64.2	12.443	339	13
1525599068	20436	64.2	12.487	339	9
1525599068	20344	64.2	12.443	339	11
1525599068	20388	64.2	12.437	339	4
1525599068	20493	64.2	12.437	339	9
1525599068	20540	64.31	12.525	339	9
1525599068	20640	64.31	12.582	339	3
1525599068	20590	64.31	12.487	339	9
1525599068	20692	64.31	12.588	339	11
1525599068	20744	64.312	12.638	339	3
1525599068	20795	64.312	12.689	339	11
1525599069	19956	63.757	13.474	339	7
1525599069	19996	63.757	13.518	339	9
1525599069	20037	63.757	13.518	339	9
1525599069	19916	63.757	13.474	339	9
1525599069	20080	63.757	13.561	339	9
1525599069	20125	63.757	13.524	339	11
1525599069	20174	63.757	13.568	339	16
1525599069	20217	63.757	13.524	339	7
1525599069	20260	63.757	13.518	339	7
1525599069	20310	63.757	13.531	339	17
1525599069	20351	63.757	13.531	339	1
1525599069	20397	63.757	13.524	339	3
1525599069	20446	63.757	13.568	339	3
1525599069	20502	63.757	13.568	339	12
1525599069	20553	63.869	13.568	339	9
1525599069	20603	63.869	13.518	339	13
1525599069	20701	63.869	13.417	339	3
1525599069	20648	63.869	13.41	339	5
1525599069	20802	63.983	13.518	339	9
1525599069	20754	63.978	13.518	339	21
1525599070	19884	64.096	12.934	339	3
1525599070	19924	64.096	12.934	339	17
1525599070	20045	64.096	12.934	339	7
1525599070	19964	64.096	12.846	339	3
1525599070	20090	64.096	12.947	339	11
1525599070	20005	64.096	12.853	339	9
1525599070	20135	64.096	12.934	339	13
1525599070	20182	64.096	12.897	339	5
1525599070	20227	64.096	12.897	339	9
1525599070	20272	64.096	12.897	339	14
1525599070	20358	64.096	12.934	339	10
1525599070	20319	64.096	12.941	339	9
1525599070	20511	64.096	12.991	339	7
1525599070	20404	64.096	12.897	339	6
1525599070	20560	64.119	13.048	339	1
1525599070	20453	64.096	13.041	339	13
1525599070	20613	64.208	13.186	339	11
1525599070	20659	64.208	13.186	339	5
1525599070	20709	64.208	13.266	339	9
1525599070	20764	64.208	13.135	339	8
1525599071	19972	63.758	13.494	339	9
1525599071	19892	63.758	13.575	339	3
1525599071	19932	63.758	13.494	339	3
1525599071	20013	63.758	13.538	339	5
1525599071	20056	63.758	13.501	339	9
1525599071	20098	63.758	13.494	339	7
1525599071	20193	63.758	13.545	339	9
1525599071	20142	63.758	13.545	339	3
1525599071	20236	63.758	13.581	339	7
1525599071	20279	63.758	13.538	339	11
1525599071	20330	63.758	13.545	339	9
1525599071	20465	63.758	13.632	339	13
1525599071	20520	63.758	13.545	339	9
1525599071	20366	63.871	13.675	339	3
1525599071	20416	63.871	13.675	339	7
1525599071	20570	63.871	13.581	339	5
1525599071	20625	63.871	13.481	339	1
1525599071	20673	63.871	13.444	339	9
1525599071	20719	63.871	13.387	339	1
1525599071	20773	63.985	13.343	339	7
1525599072	19938	64.099	12.601	339	11
1525599072	20020	64.099	12.513	339	7
1525599072	19981	64.099	12.594	339	1
1525599072	19899	64.099	12.594	339	21
1525599072	20110	64.099	12.55	339	1
1525599072	20064	64.099	12.544	339	3
1525599072	20153	64.099	12.544	339	1
1525599072	20201	64.099	12.55	339	9
1525599072	20243	64.099	12.594	339	3
1525599072	20289	64.099	12.594	339	11
1525599072	20336	64.099	12.5	339	5
1525599072	20425	64.099	12.588	339	13
1525599072	20380	64.099	12.544	339	3
1525599072	20483	64.099	12.55	339	9
1525599072	20531	64.203	12.557	339	3
1525599072	20578	64.099	12.594	339	15
1525599072	20633	64.214	12.689	339	3
1525599072	20681	64.214	12.689	339	5
1525599072	20735	64.214	12.746	339	7
1525599072	20785	64.214	12.752	339	9
1525599073	19908	63.767	13.199	339	5
1525599073	19949	63.767	13.155	339	4
1525599073	19989	63.767	13.199	339	1
1525599073	20028	63.767	13.199	339	10
1525599073	20072	63.767	13.206	339	13
1525599073	20119	63.767	13.206	340	7
1525599073	20165	63.771	13.256	340	9
1525599073	20251	63.768	13.256	339	7
1525599073	20299	63.768	13.212	339	7
1525599073	20210	63.768	13.206	339	13
1525599073	20344	63.768	13.206	339	11
1525599073	20436	63.768	13.249	339	9
1525599073	20388	63.768	13.206	339	4
1525599073	20493	63.768	13.256	339	9
1525599073	20540	63.878	13.206	339	9
1525599073	20590	63.878	13.162	339	9
1525599073	20640	63.878	13.061	339	3
1525599073	20692	63.878	13.061	339	11
1525599073	20744	63.878	13.048	339	3
1525599073	20795	63.878	13.098	339	11
1525599074	19916	64.105	12.664	339	9
1525599074	19996	64.105	12.62	339	9
1525599074	20080	64.105	12.62	339	9
1525599074	20037	64.105	12.62	339	9
1525599074	19956	64.105	12.664	339	9
1525599074	20125	64.105	12.576	339	11
1525599074	20174	64.105	12.576	339	16
1525599074	20260	64.105	12.62	339	7
1525599074	20217	64.105	12.62	339	7
1525599074	20310	64.105	12.62	339	17
1525599074	20397	64.105	12.664	339	3
1525599074	20351	64.105	12.62	339	1
1525599074	20446	64.105	12.62	339	3
1525599074	20502	64.105	12.62	339	12
1525599074	20553	64.218	12.714	339	9
1525599074	20603	64.218	12.714	339	13
1525599074	20648	64.22	12.822	339	5
1525599074	20701	64.22	12.815	339	3
1525599074	20754	64.22	12.714	339	21
1525599074	20802	64.22	12.714	339	9
1525599075	19924	63.879	13.37	339	17
1525599075	20045	63.879	13.414	339	10
1525599075	19884	63.879	13.364	339	3
1525599075	19964	63.879	13.421	339	3
1525599075	20005	63.879	13.414	339	9
1525599075	20090	63.879	13.32	339	16
1525599075	20135	63.879	13.364	339	13
1525599075	20227	63.879	13.407	339	9
1525599075	20182	63.879	13.364	339	5
1525599075	20272	63.879	13.414	339	14
1525599075	20319	63.879	13.32	339	9
1525599075	20511	63.879	13.401	339	7
1525599075	20560	63.879	13.364	339	1
1525599075	20404	63.879	13.407	339	6
1525599075	20358	63.879	13.327	339	10
1525599075	20453	63.879	13.364	339	13
1525599075	20613	63.99	13.421	339	11
1525599075	20659	63.99	13.377	339	5
1525599075	20709	63.99	13.283	339	9
1525599075	20764	64.04	13.263	339	8
1525599076	19892	63.756	13.552	339	3
1525599076	19932	63.756	13.595	339	3
1525599076	19972	63.756	13.595	339	9
1525599076	20013	63.756	13.595	339	5
1525599076	20056	63.756	13.501	339	9
1525599076	20098	63.756	13.545	339	7
1525599076	20142	63.756	13.458	339	3
1525599076	20193	63.756	13.451	339	9
1525599076	20236	63.756	13.508	339	7
1525599076	20279	63.756	13.414	339	11
1525599076	20330	63.756	13.451	339	9
1525599076	20465	63.756	13.458	339	13
1525599076	20520	63.869	13.508	339	9
1525599076	20416	63.869	13.414	339	7
1525599076	20366	63.869	13.407	339	3
1525599076	20570	63.869	13.451	339	5
1525599076	20625	63.869	13.407	339	1
1525599076	20673	63.869	13.451	339	9
1525599076	20719	63.87	13.451	339	1
1525599076	20773	63.983	13.451	339	1
1525599077	19938	64.097	13.357	339	11
1525599077	19981	64.097	13.364	339	1
1525599077	19899	64.097	13.364	339	21
1525599077	20020	64.097	13.401	339	7
1525599077	20064	64.097	13.364	339	3
1525599077	20110	64.097	13.364	339	1
1525599077	20153	64.097	13.407	339	1
1525599077	20201	64.097	13.401	339	9
1525599077	20289	64.097	13.313	339	11
1525599077	20243	64.097	13.306	339	3
1525599077	20336	64.097	13.313	339	5
1525599077	20425	64.097	13.313	339	13
1525599077	20483	64.097	13.306	339	5
1525599077	20380	64.097	13.313	339	3
1525599077	20578	64.211	13.263	339	15
1525599077	20531	64.211	13.219	339	3
1525599077	20681	64.211	13.169	339	5
1525599077	20633	64.211	13.212	339	3
1525599077	20735	64.211	13.169	339	4
1525599077	20785	64.211	13.162	339	9
1525599078	19908	63.759	13.293	339	5
1525599078	19949	63.759	13.3	339	4
1525599078	19989	63.759	13.256	339	1
1525599078	20072	63.759	13.249	339	13
1525599078	20119	63.759	13.293	339	2
1525599078	20028	63.759	13.249	339	13
1525599078	20165	63.759	13.199	339	9
1525599078	20251	63.759	13.243	339	7
1525599078	20210	63.759	13.192	339	13
1525599078	20299	63.759	13.192	339	1
1525599078	20344	63.759	13.192	339	11
1525599078	20436	63.759	13.105	339	3
1525599078	20493	63.759	13.149	339	9
1525599078	20388	63.759	13.199	339	4
1525599078	20540	63.87	13.155	339	9
1525599078	20590	63.87	13.149	339	9
1525599078	20640	63.87	13.199	339	3
1525599078	20692	63.87	13.192	339	11
1525599078	20744	63.984	13.293	339	3
1525599078	20795	63.984	13.149	339	11
1525599079	19916	64.098	13.135	339	9
1525599079	19956	64.098	13.129	339	13
1525599079	19996	64.098	13.135	339	9
1525599079	20037	64.098	13.172	339	9
1525599079	20080	64.098	13.129	339	9
1525599079	20125	64.098	13.172	339	11
1525599079	20174	64.098	13.129	339	16
1525599079	20260	64.098	13.085	339	7
1525599079	20217	64.098	13.078	339	7
1525599079	20310	64.098	13.078	339	17
1525599079	20351	64.098	13.078	339	1
1525599079	20397	64.098	13.028	339	3
1525599079	20502	64.098	13.072	339	12
1525599079	20446	64.098	13.078	339	3
1525599079	20553	64.21	12.934	339	9
1525599079	20603	64.212	12.984	339	13
1525599079	20701	64.213	12.897	339	3
1525599079	20648	64.213	12.897	339	5
1525599079	20754	64.213	12.89	339	21
1525599079	20802	64.213	12.89	339	9
1525599080	19884	63.771	12.689	339	3
1525599080	19964	63.771	12.682	339	3
1525599080	20045	63.771	12.645	339	11
1525599080	19924	63.771	12.689	339	17
1525599080	20005	63.771	12.682	339	9
1525599080	20090	63.771	12.733	339	18
1525599080	20135	63.771	12.645	339	13
1525599080	20227	63.771	12.594	339	5
1525599080	20182	63.771	12.682	339	5
1525599080	20272	63.771	12.588	339	14
1525599080	20319	63.771	12.638	339	9
1525599080	20358	63.771	12.632	339	10
1525599080	20404	63.771	12.594	339	6
1525599080	20511	63.771	12.55	339	7
1525599080	20453	63.874	12.582	339	13
1525599080	20560	63.882	12.575	339	1
1525599080	20613	63.882	12.38	339	11
1525599080	20659	63.882	12.38	339	5
1525599080	20709	63.882	12.38	339	3
1525599080	20764	63.995	12.437	339	8
1525599081	19892	64.111	11.521	339	3
1525599081	19972	64.111	11.604	339	9
1525599081	19932	64.111	11.566	339	1
1525599081	20013	64.111	11.56	339	5
1525599081	20056	64.111	11.649	339	9
1525599081	20098	64.111	11.61	339	7
1525599081	20142	64.111	11.699	339	3
1525599081	20193	64.111	11.705	339	10
1525599081	20236	64.111	11.649	339	7
1525599081	20279	64.111	11.699	339	11
1525599081	20330	64.111	11.655	339	9
1525599081	20465	64.111	11.604	339	13
1525599081	20520	64.224	11.655	339	6
1525599081	20366	64.225	11.711	339	3
1525599081	20416	64.225	11.705	339	7
1525599081	20570	64.227	11.711	339	1
1525599081	20625	64.223	11.806	339	1
1525599081	20673	64.223	11.806	339	12
1525599081	20719	64.223	11.818	339	1
1525599081	20773	64.223	11.863	339	1
1525599082	19899	63.767	12.292	339	21
1525599082	19938	63.767	12.343	339	11
1525599082	19981	63.767	12.298	339	1
1525599082	20020	63.767	12.298	339	7
1525599082	20064	63.767	12.298	339	3
1525599082	20110	63.767	12.298	339	1
1525599082	20201	63.767	12.387	339	9
1525599082	20153	63.767	12.298	339	1
1525599082	20243	63.767	12.393	339	3
1525599082	20289	63.767	12.393	339	11
1525599082	20336	63.767	12.582	339	5
1525599082	20425	63.767	12.544	339	13
1525599082	20483	63.767	12.588	339	11
1525599082	20380	63.88	12.575	339	3
1525599082	20578	63.88	12.538	339	15
1525599082	20531	63.881	12.582	339	3
1525599082	20681	63.881	12.437	339	6
1525599082	20735	63.881	12.494	339	10
1525599082	20633	63.881	12.393	339	3
1525599082	20785	63.994	12.594	339	9
1525599083	19908	64.11	12.311	339	5
1525599083	19949	64.11	12.298	339	4
1525599083	19989	64.11	12.305	339	1
1525599083	20119	64.11	12.26	339	8
1525599083	20072	64.11	12.305	339	13
1525599083	20028	64.11	12.311	339	16
1525599083	20165	64.11	12.26	339	9
1525599083	20251	64.11	12.26	339	7
1525599083	20299	64.11	12.361	339	7
1525599083	20210	64.11	12.267	339	13
1525599083	20388	64.11	12.311	339	4
1525599083	20493	64.11	12.311	339	9
1525599083	20436	64.11	12.399	339	8
1525599083	20344	64.11	12.317	339	11
1525599083	20540	64.224	12.405	339	9
1525599083	20590	64.225	12.5	339	9
1525599083	20640	64.225	12.506	339	3
1525599083	20692	64.225	12.513	339	11
1525599083	20744	64.225	12.424	339	3
1525599083	20795	64.225	12.519	339	11
1525599084	19916	63.778	12.892	339	9
1525599084	19956	63.778	12.986	339	13
1525599084	19996	63.778	12.936	339	9
1525599084	20037	63.778	12.98	339	9
1525599084	20080	63.778	12.986	339	9
1525599084	20125	63.778	13.024	339	11
1525599084	20174	63.778	13.068	339	16
1525599084	20260	63.778	13.068	339	7
1525599084	20217	63.778	13.074	339	7
1525599084	20310	63.778	13.03	339	17
1525599084	20351	63.778	13.03	339	1
1525599084	20397	63.778	13.081	339	3
1525599084	20446	63.778	13.024	339	3
1525599084	20502	63.778	13.03	339	12
1525599084	20553	63.889	13.081	339	9
1525599084	20603	63.889	13.125	339	13
1525599084	20648	63.889	13.061	339	5
1525599084	20701	63.889	13.061	339	3
1525599084	20754	63.889	12.923	339	21
1525599084	20802	63.889	12.916	339	9
1525599085	20045	64.117	12.815	339	13
1525599085	19924	64.117	12.771	339	17
1525599085	19884	64.117	12.771	339	3
1525599085	19964	64.117	12.815	339	3
1525599085	20005	64.117	12.771	339	9
1525599085	20090	64.117	12.815	339	20
1525599085	20135	64.117	12.815	339	13
1525599085	20227	64.117	12.822	339	14
1525599085	20182	64.117	12.778	339	5
1525599085	20272	64.117	12.822	339	14
1525599085	20319	64.117	12.822	339	9
1525599085	20358	64.117	12.822	339	10
1525599085	20404	64.117	12.822	339	6
1525599085	20511	64.117	12.778	339	7
1525599085	20453	64.229	12.69	339	13
1525599085	20560	64.231	12.69	339	1
1525599085	20613	64.231	12.784	339	11
1525599085	20659	64.231	12.791	339	5
1525599085	20709	64.231	12.841	339	9
1525599085	20764	64.231	12.835	339	8
1525599086	19892	63.771	13.428	339	3
1525599086	19932	63.771	13.384	339	1
1525599086	19972	63.771	13.384	339	16
1525599086	20013	63.771	13.391	339	5
1525599086	20056	63.771	13.347	339	9
1525599086	20142	63.771	13.34	339	3
1525599086	20193	63.771	13.34	339	12
1525599086	20098	63.771	13.384	339	7
1525599086	20236	63.771	13.347	339	7
1525599086	20279	63.771	13.391	339	11
1525599086	20330	63.771	13.391	339	9
1525599086	20465	63.771	13.391	339	13
1525599086	20520	63.83	13.34	339	10
1525599086	20416	63.883	13.34	339	7
1525599086	20366	63.883	13.34	339	3
1525599086	20570	63.883	13.34	339	3
1525599086	20625	63.883	13.441	339	1
1525599086	20673	63.884	13.391	339	13
1525599086	20719	63.884	13.434	339	1
1525599086	20773	63.997	13.391	339	10
1525599087	19899	64.111	13.195	339	21
1525599087	19981	64.111	13.188	339	1
1525599087	19938	64.111	13.188	339	11
1525599087	20020	64.111	13.232	339	7
1525599087	20064	64.111	13.232	339	3
1525599087	20110	64.111	13.232	339	1
1525599087	20153	64.111	13.188	339	1
1525599087	20201	64.111	13.145	339	9
1525599087	20289	64.111	13.138	339	11
1525599087	20243	64.111	13.138	339	3
1525599087	20336	64.111	12.993	339	5
1525599087	20425	64.145	13.068	339	13
1525599087	20380	64.111	12.999	339	3
1525599087	20531	64.222	12.986	339	3
1525599087	20578	64.222	12.986	339	15
1525599087	20483	64.111	12.993	339	15
1525599087	20681	64.223	13.188	339	6
1525599087	20633	64.223	13.276	339	3
1525599087	20735	64.223	13.175	339	14
1525599087	20785	64.223	13.074	339	9
1525599088	19989	63.774	13.32	339	1
1525599088	19949	63.774	13.32	339	4
1525599088	20072	63.774	13.327	339	13
1525599088	19908	63.774	13.269	339	5
1525599088	20028	63.774	13.32	339	16
1525599088	20119	63.774	13.458	339	13
1525599088	20165	63.774	13.464	339	9
1525599088	20251	63.774	13.377	339	7
1525599088	20299	63.774	13.37	339	8
1525599088	20210	63.774	13.464	339	13
1525599088	20388	63.774	13.421	339	4
1525599088	20344	63.774	13.414	339	11
1525599088	20436	63.774	13.464	339	13
1525599088	20493	63.774	13.464	339	9
1525599088	20540	63.888	13.327	339	9
1525599088	20590	63.888	13.232	339	9
1525599088	20640	63.888	13.188	339	3
1525599088	20692	63.888	13.182	339	11
1525599088	20744	63.889	13.175	339	3
1525599088	20795	64.003	13.182	339	11
1525599089	19916	64.116	12.431	339	9
1525599089	19956	64.116	12.336	339	13
1525599089	19996	64.116	12.342	339	9
1525599089	20037	64.116	12.342	339	9
1525599089	20080	64.116	12.342	339	9
1525599089	20174	64.116	12.342	339	16
1525599089	20125	64.116	12.348	339	11
1525599089	20217	64.116	12.342	339	7
1525599089	20260	64.116	12.348	339	7
1525599089	20310	64.116	12.386	339	17
1525599089	20351	64.116	12.437	339	1
1525599089	20397	64.116	12.393	339	3
1525599089	20446	64.116	12.443	339	3
1525599089	20502	64.116	12.443	339	12
1525599089	20603	64.23	12.348	339	13
1525599089	20553	64.23	12.393	339	9
1525599089	20701	64.231	12.449	339	3
1525599089	20648	64.231	12.449	339	5
1525599089	20802	64.231	12.551	339	9
1525599089	20754	64.231	12.544	339	21
1525599090	19884	63.778	13.043	339	3
1525599090	19924	63.778	13.037	339	17
1525599090	19964	63.778	12.993	339	3
1525599090	20045	63.778	12.993	339	13
1525599090	20005	63.778	13.043	339	9
1525599090	20090	63.778	12.993	339	20
1525599090	20135	63.778	13.043	339	13
1525599090	20182	63.778	13.03	339	5
1525599090	20227	63.778	13.03	339	21
1525599090	20272	63.778	12.986	339	14
1525599090	20358	63.778	13.081	339	10
1525599090	20404	63.778	13.081	339	6
1525599090	20453	63.778	13.226	339	13
1525599090	20560	63.823	13.232	339	1
1525599090	20511	63.778	13.087	339	7
1525599090	20319	63.778	12.986	339	9
1525599090	20613	63.889	13.232	339	11
1525599090	20659	63.889	13.269	339	5
1525599090	20709	63.889	13.175	339	12
1525599090	20764	63.962	13.276	339	8
1525599091	19932	64.117	12.866	339	5
1525599091	20013	64.117	12.91	339	5
1525599091	19972	64.117	12.91	339	21
1525599091	19892	64.117	12.866	339	3
1525599091	20056	64.117	13.004	339	9
1525599091	20098	64.117	12.967	339	9
1525599091	20142	64.117	13.011	339	3
1525599091	20193	64.117	13.011	339	15
1525599091	20236	64.117	12.96	339	10
1525599091	20279	64.117	12.916	339	11
1525599091	20330	64.117	12.96	339	9
1525599091	20465	64.117	12.954	339	13
1525599091	20366	64.229	12.91	339	3
1525599091	20416	64.229	12.91	339	7
1525599091	20520	64.117	12.916	339	14
1525599091	20570	64.232	12.96	339	9
1525599091	20625	64.232	12.859	339	1
1525599091	20673	64.232	12.954	339	14
1525599091	20719	64.232	12.859	339	1
1525599091	20773	64.232	12.866	339	15
1525599092	19981	63.786	13.087	339	1
1525599092	19899	63.786	13.087	339	21
1525599092	20020	63.786	13.037	339	7
1525599092	19938	63.786	13.087	339	11
1525599092	20064	63.786	13.081	339	3
1525599092	20110	63.786	13.081	339	1
1525599092	20153	63.786	13.087	339	1
1525599092	20201	63.786	13.087	339	9
1525599092	20243	63.786	13.094	339	3
1525599092	20289	63.786	13.087	339	11
1525599092	20336	63.786	13.131	339	5
1525599092	20380	63.786	13.037	339	3
1525599092	20483	63.786	13.081	339	17
1525599092	20425	63.786	13.006	339	13
1525599092	20578	63.896	13.131	339	15
1525599092	20531	63.896	13.081	339	3
1525599092	20633	63.896	12.841	339	3
1525599092	20735	63.896	12.841	339	15
1525599092	20681	63.896	12.929	339	6
1525599092	20785	63.896	12.999	339	9
1525599093	19908	64.121	12.727	339	5
1525599093	19949	64.121	12.683	339	4
1525599093	19989	64.121	12.721	339	1
1525599093	20072	64.121	12.677	339	13
1525599093	20119	64.121	12.588	339	13
1525599093	20028	64.121	12.683	339	16
1525599093	20165	64.121	12.582	339	9
1525599093	20251	64.121	12.67	339	7
1525599093	20299	64.121	12.626	339	12
1525599093	20210	64.121	12.588	339	13
1525599093	20388	64.121	12.582	339	4
1525599093	20436	64.121	12.538	339	17
1525599093	20344	64.121	12.582	339	11
1525599093	20493	64.121	12.664	339	9
1525599093	20540	64.235	12.677	339	9
1525599093	20590	64.236	12.727	339	9
1525599093	20692	64.236	12.822	339	11
1525599093	20640	64.236	12.815	339	3
1525599093	20744	64.236	12.815	339	3
1525599093	20795	64.236	12.815	339	11
1525599094	19916	63.787	13.515	339	9
1525599094	19956	63.787	13.522	339	13
1525599094	19996	63.787	13.522	339	9
1525599094	20037	63.787	13.471	339	9
1525599094	20080	63.787	13.471	339	9
1525599094	20125	63.787	13.471	339	11
1525599094	20174	63.787	13.478	339	16
1525599094	20260	63.787	13.471	339	7
1525599094	20217	63.787	13.478	339	7
1525599094	20310	63.787	13.471	339	17
1525599094	20351	63.787	13.421	339	1
1525599094	20397	63.787	13.421	339	3
1525599094	20502	63.787	13.421	339	12
1525599094	20446	63.787	13.414	339	3
1525599094	20603	63.892	13.458	339	13
1525599094	20553	63.795	13.458	339	9
1525599094	20648	63.896	13.364	339	5
1525599094	20701	63.896	13.364	339	3
1525599094	20802	64.01	13.357	339	9
1525599094	20754	64.01	13.364	339	21
1525599095	20005	64.124	12.796	339	9
1525599095	19924	64.124	12.846	339	17
1525599095	19884	64.124	12.846	339	3
1525599095	20135	64.124	12.897	339	13
1525599095	20045	64.124	12.846	339	13
1525599095	19964	64.124	12.89	339	3
1525599095	20090	64.124	12.758	339	20
1525599095	20227	64.124	12.954	339	17
1525599095	20182	64.124	12.96	339	5
1525599095	20272	64.124	12.967	339	14
1525599095	20319	64.124	12.967	339	9
1525599095	20358	64.124	12.872	339	15
1525599095	20404	64.124	12.916	339	8
1525599095	20511	64.124	12.91	339	7
1525599095	20453	64.124	12.765	339	13
1525599095	20560	64.124	12.765	339	1
1525599095	20613	64.239	12.765	339	11
1525599095	20659	64.239	12.765	339	5
1525599095	20709	64.239	12.815	339	15
1525599095	20764	64.239	12.765	339	8
1525599096	19892	63.783	13.263	339	3
1525599096	19972	63.783	13.219	339	18
1525599096	19932	63.783	13.219	339	5
1525599096	20013	63.783	13.219	339	5
1525599096	20056	63.783	13.169	339	9
1525599096	20098	63.783	13.212	339	15
1525599096	20193	63.783	13.3	339	15
1525599096	20142	63.783	13.256	339	3
1525599096	20236	63.783	13.306	339	12
1525599096	20279	63.783	13.306	339	11
1525599096	20330	63.783	13.306	339	9
1525599096	20465	63.783	13.306	339	13
1525599096	20366	63.878	13.35	339	5
1525599096	20520	63.783	13.35	339	15
1525599096	20416	63.893	13.35	339	7
1525599096	20570	63.893	13.306	339	9
1525599096	20625	63.893	13.3	339	1
1525599096	20673	63.893	13.249	339	14
1525599096	20719	63.893	13.293	339	1
1525599096	20773	64.002	13.286	339	13
1525599097	19981	64.119	13.102	339	1
1525599097	19899	64.119	13.059	339	21
1525599097	19938	64.119	13.065	339	11
1525599097	20020	64.119	13.109	339	7
1525599097	20064	64.119	13.072	339	3
1525599097	20110	64.119	13.065	339	1
1525599097	20153	64.119	13.153	339	1
1525599097	20201	64.119	13.109	339	9
1525599097	20289	64.119	13.153	339	11
1525599097	20243	64.119	13.153	339	3
1525599097	20336	64.119	13.065	339	5
1525599097	20483	64.119	13.109	339	17
1525599097	20578	64.221	13.022	339	15
1525599097	20531	64.23	13.028	339	3
1525599097	20380	64.119	13.065	339	3
1525599097	20425	64.119	13.065	339	13
1525599097	20633	64.231	13.172	339	3
1525599097	20681	64.231	13.166	339	6
1525599097	20735	64.231	13.166	339	13
1525599097	20785	64.231	13.015	339	9
1525599098	19949	63.78	13.611	339	4
1525599098	19908	63.78	13.604	339	5
1525599098	20072	63.78	13.604	339	13
1525599098	19989	63.78	13.568	339	1
1525599098	20119	63.78	13.561	339	13
1525599098	20028	63.78	13.604	339	15
1525599098	20251	63.78	13.655	339	7
1525599098	20165	63.78	13.604	339	9
1525599098	20299	63.78	13.661	339	11
1525599098	20344	63.781	13.762	339	11
1525599098	20493	63.781	13.682	339	9
1525599098	20210	63.781	13.741	339	13
1525599098	20436	63.781	13.719	339	17
1525599098	20388	63.781	13.755	339	4
1525599098	20540	63.895	13.712	339	9
1525599098	20590	63.895	13.661	339	9
1525599098	20640	63.895	13.568	339	3
1525599098	20692	63.895	13.568	339	11
1525599098	20744	63.895	13.568	339	3
1525599098	20795	64.007	13.568	339	11
1525599099	19996	64.12	12.965	339	9
1525599099	20037	64.12	12.934	339	9
1525599099	19916	64.12	12.884	339	9
1525599099	20080	64.12	12.934	339	9
1525599099	19956	64.12	12.928	339	13
1525599099	20125	64.12	12.971	339	11
1525599099	20174	64.12	12.934	339	16
1525599099	20260	64.12	12.934	339	7
1525599099	20217	64.12	12.934	339	7
1525599099	20310	64.12	12.934	339	17
1525599099	20351	64.12	12.934	339	1
1525599099	20397	64.12	12.978	339	3
1525599099	20446	64.12	12.941	339	3
1525599099	20502	64.12	12.928	339	12
1525599099	20553	64.12	12.89	339	9
1525599099	20603	64.125	12.89	339	13
1525599099	20701	64.236	12.991	339	3
1525599099	20648	64.236	13.072	339	5
1525599099	20754	64.236	12.991	339	21
1525599099	20802	64.236	12.991	339	9
1525599100	19924	63.789	13.226	339	17
1525599100	19964	63.789	13.145	339	3
1525599100	20045	63.789	13.226	339	13
1525599100	19884	63.789	13.226	339	3
1525599100	20005	63.789	13.232	339	9
1525599100	20090	63.789	13.269	339	20
1525599100	20135	63.789	13.131	339	13
1525599100	20182	63.789	13.081	339	5
1525599100	20227	63.789	13.131	339	17
1525599100	20272	63.789	13.118	339	14
1525599100	20319	63.789	13.111	339	9
1525599100	20358	63.789	13.118	339	17
1525599100	20404	63.789	13.111	339	11
1525599100	20511	63.789	13.111	339	7
1525599100	20453	63.903	13.169	339	13
1525599100	20560	63.903	13.162	339	1
1525599100	20613	63.903	13.024	339	11
1525599100	20659	63.903	13.024	339	5
1525599100	20709	63.903	12.973	339	16
1525599100	20764	64.017	12.923	339	8
1525599101	19932	64.132	12.752	339	5
1525599101	20013	64.132	12.708	339	5
1525599101	19972	64.132	12.708	339	16
1525599101	19892	64.132	12.708	339	3
1525599101	20056	64.132	12.664	339	9
1525599101	20098	64.132	12.614	339	14
1525599101	20193	64.132	12.525	339	17
1525599101	20236	64.132	12.569	339	16
1525599101	20142	64.132	12.569	339	3
1525599101	20279	64.132	12.569	339	11
1525599101	20330	64.132	12.569	339	9
1525599101	20465	64.132	12.576	339	13
1525599101	20520	64.132	12.563	339	16
1525599101	20416	64.244	12.525	339	7
1525599101	20366	64.244	12.525	339	6
1525599101	20570	64.246	12.519	339	9
1525599101	20625	64.246	12.626	339	1
1525599101	20673	64.246	12.626	339	14
1525599101	20719	64.247	12.67	339	1
1525599101	20773	64.247	12.677	339	12
1525599102	19938	63.791	12.892	339	11
1525599102	19899	63.791	12.898	339	21
1525599102	19981	63.791	12.898	339	1
1525599102	20020	63.791	12.898	339	7
1525599102	20110	63.791	12.848	339	1
1525599102	20064	63.791	12.848	339	3
1525599102	20153	63.791	12.759	339	1
1525599102	20201	63.791	12.81	339	9
1525599102	20289	63.791	12.898	339	11
1525599102	20243	63.791	12.898	339	3
1525599102	20336	63.788	12.942	339	5
1525599102	20380	63.788	13.081	339	3
1525599102	20483	63.788	12.999	339	17
1525599102	20425	63.788	13.125	339	13
1525599102	20531	63.902	13.043	339	3
1525599102	20578	63.902	13.087	339	15
1525599102	20633	63.902	12.929	339	5
1525599102	20681	63.902	12.936	339	6
1525599102	20735	63.902	13.03	339	13
1525599102	20785	64.015	13.087	339	9
1525599103	19949	64.129	12.456	339	4
1525599103	19908	64.129	12.462	339	5
1525599103	19989	64.129	12.456	339	1
1525599103	20072	64.129	12.468	339	13
1525599103	20028	64.129	12.456	339	16
1525599103	20119	64.129	12.462	339	13
1525599103	20165	64.129	12.418	339	9
1525599103	20251	64.129	12.373	339	7
1525599103	20299	64.129	12.367	339	11
1525599103	20210	64.129	12.278	339	13
1525599103	20388	64.129	12.272	339	4
1525599103	20344	64.129	12.266	339	11
1525599103	20436	64.129	12.266	339	17
1525599103	20493	64.129	12.266	339	9
1525599103	20540	64.244	12.221	339	9
1525599103	20590	64.244	12.272	339	9
1525599103	20640	64.244	12.411	339	3
1525599103	20692	64.244	12.405	339	11
1525599103	20744	64.244	12.411	339	3
1525599103	20795	64.244	12.367	339	11
1525599104	19916	63.798	13.057	339	9
1525599104	19996	63.798	12.969	339	9
1525599104	20037	63.798	13.006	339	9
1525599104	19956	63.798	13.013	339	13
1525599104	20080	63.798	13.006	339	9
1525599104	20125	63.798	13.006	339	11
1525599104	20260	63.798	12.999	339	7
1525599104	20174	63.798	12.999	339	16
1525599104	20217	63.798	12.999	339	7
1525599104	20310	63.798	13.006	339	17
1525599104	20351	63.798	12.962	339	1
1525599104	20397	63.798	12.962	339	3
1525599104	20446	63.798	12.955	339	3
1525599104	20502	63.798	12.962	339	12
1525599104	20553	63.798	13.013	339	9
1525599104	20603	63.798	13.057	339	13
1525599104	20701	63.909	13.057	339	3
1525599104	20648	63.909	12.975	339	5
1525599104	20802	63.909	12.867	339	9
1525599104	20754	63.909	12.867	339	21
1525599105	19964	64.136	12.393	339	3
1525599105	20045	64.136	12.31	339	13
1525599105	19884	64.136	12.354	339	3
1525599105	20005	64.136	12.304	339	9
1525599105	19924	64.136	12.399	339	17
1525599105	20090	64.136	12.348	339	20
1525599105	20135	64.136	12.354	339	13
1525599105	20227	64.136	12.348	339	17
1525599105	20182	64.136	12.354	339	5
1525599105	20272	64.136	12.399	339	14
1525599105	20319	64.136	12.393	339	8
1525599105	20358	64.136	12.393	339	16
1525599105	20511	64.136	12.399	339	7
1525599105	20404	64.136	12.31	339	9
1525599105	20453	64.249	12.393	339	13
1525599105	20560	64.25	12.399	339	1
1525599105	20659	64.25	12.544	339	5
1525599105	20613	64.25	12.5	339	11
1525599105	20709	64.252	12.595	339	16
1525599105	20764	64.252	12.69	339	8
1525599106	19892	63.793	12.791	339	3
1525599106	19932	63.793	12.835	339	5
1525599106	19972	63.793	12.835	339	16
1525599106	20013	63.793	12.828	339	5
1525599106	20056	63.793	12.835	339	9
1525599106	20098	63.793	12.835	339	13
1525599106	20142	63.793	12.835	339	3
1525599106	20193	63.795	12.835	339	17
1525599106	20236	63.795	12.835	339	14
1525599106	20279	63.795	12.828	339	11
1525599106	20330	63.794	12.835	339	9
1525599106	20465	63.794	12.835	339	13
1525599106	20520	63.902	12.835	339	16
1525599106	20366	63.902	12.835	339	6
1525599106	20416	63.902	12.835	339	7
1525599106	20570	63.902	12.828	339	9
1525599106	20625	63.902	12.727	339	1
1525599106	20673	63.902	12.683	339	14
1525599106	20719	63.902	12.588	339	1
1525599106	20773	63.902	12.582	339	12
1525599107	19899	64.128	12.329	339	21
1525599107	19981	64.128	12.285	339	1
1525599107	19938	64.128	12.329	339	11
1525599107	20020	64.128	12.241	339	7
1525599107	20064	64.128	12.374	339	3
1525599107	20110	64.128	12.38	339	1
1525599107	20153	64.128	12.329	339	1
1525599107	20201	64.128	12.323	339	9
1525599107	20289	64.128	12.241	339	11
1525599107	20243	64.128	12.235	339	3
1525599107	20336	64.128	12.196	339	5
1525599107	20483	64.128	12.095	339	17
1525599107	20380	64.128	12.057	339	3
1525599107	20425	64.128	12.089	339	13
1525599107	20578	64.24	12.089	339	15
1525599107	20531	64.242	12.089	339	3
1525599107	20681	64.243	12.152	339	6
1525599107	20633	64.243	12.196	339	4
1525599107	20735	64.243	12.107	339	13
1525599107	20785	64.243	12.089	339	9
1525599108	19949	63.794	12.752	339	4
1525599108	19989	63.794	12.714	339	1
1525599108	19908	63.794	12.714	339	5
1525599108	20072	63.794	12.746	339	13
1525599108	20028	63.794	12.758	339	16
1525599108	20119	63.794	12.758	339	13
1525599108	20165	63.794	12.752	339	9
1525599108	20251	63.796	12.746	339	7
1525599108	20299	63.796	12.79	339	11
1525599108	20210	63.796	12.79	339	13
1525599108	20388	63.796	12.79	339	4
1525599108	20344	63.796	12.79	339	11
1525599108	20436	63.796	12.739	339	17
1525599108	20493	63.796	12.739	339	9
1525599108	20540	63.904	12.796	339	9
1525599108	20590	63.904	12.739	339	8
1525599108	20640	63.904	12.601	339	3
1525599108	20692	63.904	12.607	339	11
1525599108	20744	63.904	12.557	339	3
1525599108	20795	64.016	12.55	339	11
1525599109	19956	64.13	11.952	339	13
1525599109	19916	64.13	11.952	339	9
1525599109	19996	64.13	11.958	339	9
1525599109	20037	64.13	11.952	339	10
1525599109	20080	64.13	11.952	339	9
1525599109	20125	64.13	11.958	339	11
1525599109	20174	64.13	12.002	339	16
1525599109	20217	64.13	12.008	339	7
1525599109	20260	64.13	12.008	339	7
1525599109	20310	64.13	12.002	339	17
1525599109	20351	64.13	12.046	339	1
1525599109	20397	64.13	12.052	339	3
1525599109	20502	64.13	12.097	339	10
1525599109	20446	64.13	12.103	339	3
1525599109	20553	64.244	12.141	339	8
1525599109	20603	64.244	12.052	339	13
1525599109	20648	64.245	12.135	339	5
1525599109	20701	64.245	12.046	339	3
1525599109	20754	64.245	12.28	339	21
1525599109	20802	64.245	12.286	339	9
1525599110	19884	63.797	12.864	339	3
1525599110	19924	63.797	12.821	339	16
1525599110	20045	63.797	12.908	339	13
1525599110	19964	63.797	12.864	339	1
1525599110	20005	63.797	12.915	339	9
1525599110	20090	63.797	12.921	339	20
1525599110	20135	63.797	12.864	339	11
1525599110	20227	63.797	12.864	339	17
1525599110	20182	63.797	12.864	339	5
1525599110	20272	63.797	12.858	339	14
1525599110	20358	63.797	12.864	339	16
1525599110	20319	63.797	12.864	339	6
1525599110	20404	63.797	12.952	339	9
1525599110	20511	63.797	12.864	339	7
1525599110	20560	63.909	12.814	339	1
1525599110	20453	63.909	12.821	339	13
1525599110	20613	63.909	12.764	339	11
1525599110	20659	63.909	12.72	339	5
1525599110	20709	63.909	12.707	339	16
1525599110	20764	64.021	12.569	339	8
1525599111	19932	64.134	12.255	339	5
1525599111	19892	64.134	12.349	339	3
1525599111	19972	64.134	12.217	339	16
1525599111	20013	64.134	12.267	339	5
1525599111	20056	64.134	12.356	339	9
1525599111	20098	64.134	12.4	339	13
1525599111	20142	64.134	12.318	339	3
1525599111	20193	64.134	12.312	339	17
1525599111	20236	64.134	12.312	339	13
1525599111	20279	64.134	12.318	339	11
1525599111	20465	64.136	12.267	339	13
1525599111	20330	64.134	12.312	339	9
1525599111	20520	64.243	12.356	339	16
1525599111	20416	64.249	12.4	339	7
1525599111	20673	64.252	12.506	339	14
1525599111	20625	64.252	12.418	339	1
1525599111	20570	64.251	12.406	339	9
1525599111	20366	64.249	12.444	339	5
1525599111	20719	64.252	12.563	339	1
1525599111	20773	64.252	12.607	339	12
1525599112	19981	63.799	12.939	339	1
1525599112	19938	63.799	12.895	339	11
1525599112	19899	63.799	12.939	339	20
1525599112	20020	63.799	12.982	339	7
1525599112	20110	63.799	12.939	339	1
1525599112	20064	63.799	12.939	339	3
1525599112	20153	63.799	12.982	339	1
1525599112	20201	63.799	13.026	339	9
1525599112	20289	63.799	12.982	339	11
1525599112	20243	63.799	12.989	339	3
1525599112	20483	63.799	13.026	339	17
1525599112	20380	63.799	13.076	339	3
1525599112	20336	63.799	12.976	339	5
1525599112	20578	63.799	13.083	339	14
1525599112	20531	63.799	13.17	339	3
1525599112	20425	63.799	12.952	339	13
1525599112	20681	63.911	13.233	339	6
1525599112	20633	63.911	13.277	339	4
1525599112	20735	63.911	13.213	339	13
1525599112	20785	63.911	13.076	339	9
1525599113	19949	64.137	12.229	339	4
1525599113	19989	64.137	12.312	339	1
1525599113	20072	64.137	12.274	339	11
1525599113	20028	64.137	12.274	339	16
1525599113	19908	64.137	12.261	339	8
1525599113	20119	64.137	12.318	339	13
1525599113	20165	64.137	12.318	339	9
1525599113	20251	64.137	12.324	339	1
1525599113	20299	64.137	12.33	339	11
1525599113	20210	64.137	12.286	339	13
1525599113	20388	64.137	12.324	339	4
1525599113	20493	64.137	12.324	339	9
1525599113	20436	64.137	12.374	339	17
1525599113	20344	64.137	12.33	339	1
1525599113	20540	64.239	12.318	339	1
1525599113	20590	64.251	12.374	339	7
1525599113	20640	64.251	12.418	339	3
1525599113	20692	64.251	12.462	339	1
1525599113	20744	64.251	12.519	339	3
1525599113	20795	64.251	12.607	339	11
1525599114	19916	63.807	13.052	339	1
1525599114	19996	63.807	13.052	339	1
1525599114	19956	63.807	13.052	339	13
1525599114	20037	63.807	13.059	339	12
1525599114	20080	63.807	13.059	339	1
1525599114	20125	63.807	12.965	339	3
1525599114	20174	63.807	12.958	339	16
1525599114	20217	63.807	12.958	339	1
1525599114	20260	63.807	12.958	339	8
1525599114	20310	63.807	12.958	339	17
1525599114	20351	63.807	12.915	339	1
1525599114	20446	63.807	12.864	339	3
1525599114	20502	63.807	12.871	339	9
1525599114	20397	63.807	12.908	339	1
1525599114	20553	63.921	12.821	339	6
1525599114	20603	63.921	12.858	339	12
1525599114	20701	63.921	12.764	339	3
1525599114	20648	63.921	12.676	339	6
1525599114	20754	64.033	12.67	339	20
1525599114	20802	64.033	12.663	339	1
1525599115	19884	64.148	11.934	339	1
1525599115	19964	64.148	11.972	339	1
1525599115	19924	64.148	11.934	339	16
1525599115	20045	64.148	11.928	339	13
1525599115	20005	64.148	11.928	339	3
1525599115	20135	64.148	11.978	339	10
1525599115	20227	64.148	12.028	339	17
1525599115	20090	64.148	11.928	339	20
1525599115	20182	64.148	12.117	339	3
1525599115	20358	64.146	12.229	339	16
1525599115	20404	64.146	12.135	339	9
1525599115	20272	64.148	12.085	339	14
1525599115	20560	64.259	12.28	339	1
1525599115	20511	64.146	12.229	339	4
1525599115	20319	64.146	12.229	339	6
1525599115	20453	64.259	12.274	339	10
1525599115	20613	64.261	12.469	339	10
1525599115	20659	64.261	12.425	339	4
1525599115	20709	64.261	12.525	339	16
1525599115	20764	64.257	12.531	339	8
1525599116	19892	63.912	12.91	339	3
1525599116	19972	63.912	12.91	339	16
1525599116	19932	63.912	12.91	339	5
1525599116	20013	63.912	12.903	339	4
1525599116	20056	63.912	12.809	339	6
1525599116	20098	63.912	12.815	339	13
1525599116	20142	63.912	12.846	339	3
1525599116	20193	63.912	12.853	339	17
1525599116	20236	63.912	12.853	339	13
1525599116	20279	63.912	12.853	339	10
1525599116	20330	63.912	12.809	339	9
1525599116	20465	63.912	12.897	339	9
1525599116	20520	63.923	12.859	339	16
1525599116	20416	64.025	12.815	339	5
1525599116	20366	64.025	12.771	339	5
1525599116	20570	64.025	12.765	339	9
1525599116	20625	64.025	12.702	339	1
1525599116	20673	64.025	12.664	339	14
1525599116	20719	64.025	12.651	339	1
1525599116	20773	64.138	12.563	339	12
1525599117	19938	64.256	12.083	339	9
1525599117	19899	64.256	12.083	339	16
1525599117	19981	64.256	12.127	339	1
1525599117	20020	64.256	12.127	339	13
1525599117	20064	64.256	12.045	339	3
1525599117	20153	64.256	12.089	339	1
1525599117	20201	64.256	12	339	9
1525599117	20110	64.256	12.038	339	1
1525599117	20243	64.256	12.083	339	3
1525599117	20289	64.256	12.083	339	9
1525599117	20336	64.256	12.133	339	9
1525599117	20483	64.256	12.045	339	17
1525599117	20380	64.256	11.994	339	3
1525599117	20425	64.256	12.038	339	12
1525599117	20578	64.258	11.988	339	14
1525599117	20531	64.362	11.943	339	3
1525599117	20681	64.37	11.887	339	6
1525599117	20633	64.37	11.842	339	4
1525599117	20735	64.37	11.899	339	13
1525599117	20785	64.37	11.994	339	9
1525599118	19908	63.805	12.815	339	8
1525599118	19989	63.805	12.809	339	1
1525599118	19949	63.805	12.853	339	4
1525599118	20028	63.805	12.802	339	16
1525599118	20072	63.805	12.802	339	9
1525599118	20119	63.805	12.758	339	13
1525599118	20165	63.805	12.809	339	9
1525599118	20251	63.806	12.758	339	5
1525599118	20299	63.806	12.708	339	11
1525599118	20210	63.806	12.802	339	13
1525599118	20388	63.806	12.765	339	4
1525599118	20436	63.806	12.765	339	17
1525599118	20493	63.806	12.765	339	6
1525599118	20344	63.806	12.758	339	9
1525599118	20540	63.917	12.765	339	7
1525599118	20590	63.917	12.714	339	6
1525599118	20692	63.917	12.62	339	10
1525599118	20640	63.917	12.67	339	3
1525599118	20744	63.917	12.569	339	3
1525599118	20795	63.917	12.532	339	11
1525599119	19996	64.144	12.267	339	8
1525599119	19916	64.144	12.222	339	6
1525599119	20080	64.144	12.222	339	5
1525599119	20037	64.144	12.222	339	17
1525599119	19956	64.144	12.267	339	13
1525599119	20174	64.144	12.323	339	16
1525599119	20125	64.144	12.317	339	15
1525599119	20260	64.144	12.311	339	15
1525599119	20217	64.144	12.355	339	6
1525599119	20310	64.144	12.317	339	17
1525599119	20351	64.144	12.405	339	1
1525599119	20397	64.144	12.361	339	1
1525599119	20446	64.144	12.399	339	3
1525599119	20502	64.144	12.399	339	9
1525599119	20553	64.258	12.405	339	6
1525599119	20603	64.258	12.367	339	12
1525599119	20648	64.259	12.544	339	7
1525599119	20701	64.259	12.462	339	3
1525599119	20754	64.259	12.513	339	14
1525599119	20802	64.259	12.513	339	6
1525599120	19884	63.923	13.327	339	2
1525599120	19924	63.923	13.333	339	11
1525599120	19964	63.923	13.296	339	1
1525599120	20045	63.923	13.333	339	13
1525599120	20005	63.923	13.333	339	11
1525599120	20090	63.923	13.283	339	20
1525599120	20135	63.923	13.283	339	10
1525599120	20227	63.923	13.232	339	17
1525599120	20182	63.923	13.188	339	3
1525599120	20272	63.923	13.175	339	12
1525599120	20358	63.923	12.993	339	16
1525599120	20319	63.923	12.993	339	4
1525599120	20404	63.923	13.081	339	9
1525599120	20511	63.923	13.037	339	4
1525599120	20453	64.034	13.03	339	8
1525599120	20560	64.034	13.03	339	1
1525599120	20659	64.034	12.828	339	4
1525599120	20613	64.034	12.784	339	10
1525599120	20709	64.034	12.74	339	16
1525599120	20764	64.147	12.734	339	7
1525599121	20013	64.259	12.216	339	4
1525599121	19892	64.259	12.166	339	3
1525599121	19932	64.259	12.172	339	5
1525599121	19972	64.259	12.172	339	16
1525599121	20056	64.259	12.317	339	5
1525599121	20098	64.259	12.317	339	13
1525599121	20142	64.259	12.323	339	3
1525599121	20193	64.259	12.323	339	17
1525599121	20236	64.259	12.323	339	13
1525599121	20279	64.259	12.374	339	10
1525599121	20330	64.259	12.462	339	9
1525599121	20465	64.259	12.418	339	8
1525599121	20416	64.259	12.323	339	5
1525599121	20520	64.259	12.323	339	16
1525599121	20366	64.259	12.323	339	5
1525599121	20570	64.372	12.468	339	9
1525599121	20625	64.372	12.569	339	1
1525599121	20673	64.372	12.525	339	14
1525599121	20719	64.372	12.569	339	1
1525599121	20773	64.374	12.62	339	12
1525599122	19899	63.812	13.33	339	11
1525599122	19981	63.812	13.33	339	1
1525599122	19938	63.812	13.33	339	9
1525599122	20020	63.812	13.33	339	14
1525599122	20064	63.812	13.323	339	3
1525599122	20110	63.812	13.33	339	1
1525599122	20153	63.812	13.236	339	1
1525599122	20201	63.814	13.323	339	7
1525599122	20289	63.814	13.236	339	9
1525599122	20243	63.814	13.236	339	3
1525599122	20336	63.814	13.28	339	9
1525599122	20483	63.814	13.417	339	17
1525599122	20380	63.814	13.424	339	3
1525599122	20425	63.814	13.38	339	12
1525599122	20531	63.814	13.38	339	3
1525599122	20578	63.814	13.38	339	14
1525599122	20681	63.925	13.424	339	6
1525599122	20633	63.925	13.38	339	4
1525599122	20735	63.925	13.28	339	13
1525599122	20785	64.033	13.236	339	9
1525599123	19908	64.15	12.601	339	8
1525599123	19989	64.15	12.557	339	1
1525599123	20072	64.15	12.563	339	7
1525599123	19949	64.15	12.557	339	3
1525599123	20028	64.15	12.563	339	16
1525599123	20119	64.15	12.651	339	13
1525599123	20165	64.15	12.607	339	9
1525599123	20251	64.15	12.689	339	5
1525599123	20299	64.15	12.651	339	11
1525599123	20210	64.15	12.601	339	11
1525599123	20388	64.15	12.594	339	4
1525599123	20344	64.15	12.601	339	16
1525599123	20493	64.15	12.594	339	5
1525599123	20436	64.15	12.72	339	17
1525599123	20540	64.259	12.645	339	7
1525599123	20590	64.264	12.739	339	5
1525599123	20692	64.264	12.79	339	10
1525599123	20640	64.264	12.79	339	3
1525599123	20744	64.264	12.84	339	3
1525599123	20795	64.264	12.79	339	11
1525599124	19916	63.813	13.367	339	6
1525599124	19996	63.813	13.367	339	8
1525599124	19956	63.813	13.367	339	13
1525599124	20037	63.813	13.41	339	16
1525599124	20080	63.813	13.41	339	5
1525599124	20125	63.813	13.36	339	18
1525599124	20174	63.813	13.317	339	9
1525599124	20260	63.813	13.286	339	13
1525599124	20217	63.813	13.236	339	6
1525599124	20310	63.813	13.323	339	15
1525599124	20351	63.813	13.236	339	1
1525599124	20397	63.813	13.273	339	1
1525599124	20446	63.813	13.293	339	3
1525599124	20502	63.813	13.286	339	9
1525599124	20553	63.926	13.236	339	6
1525599124	20603	63.926	13.28	339	12
1525599124	20701	63.925	13.179	339	3
1525599124	20648	63.925	13.098	339	7
1525599124	20754	63.925	13.323	339	13
1525599124	20802	63.925	13.33	339	6
1525599125	19924	64.153	12.707	339	11
1525599125	19964	64.153	12.707	339	1
1525599125	19884	64.153	12.707	339	2
1525599125	20045	64.153	12.714	339	13
1525599125	20005	64.153	12.751	339	16
1525599125	20090	64.153	12.714	339	20
1525599125	20135	64.153	12.707	339	10
1525599125	20182	64.153	12.663	339	3
1525599125	20227	64.153	12.67	339	17
1525599125	20272	64.153	12.663	339	11
1525599125	20319	64.153	12.714	339	4
1525599125	20358	64.153	12.707	339	16
1525599125	20404	64.153	12.67	339	9
1525599125	20511	64.157	12.701	339	5
1525599125	20453	64.263	12.67	339	6
1525599125	20560	64.263	12.663	339	1
1525599125	20613	64.265	12.808	339	15
1525599125	20659	64.265	12.808	339	9
1525599125	20709	64.265	12.814	339	16
1525599125	20764	64.265	12.945	339	6
1525599126	19892	63.923	13.461	339	3
1525599126	19932	63.923	13.461	339	5
1525599126	19972	63.923	13.461	339	16
1525599126	20013	63.923	13.417	339	7
1525599126	20056	63.923	13.367	339	5
1525599126	20098	63.923	13.36	339	13
1525599126	20142	63.923	13.353	339	3
1525599126	20193	63.923	13.353	339	17
1525599126	20236	63.923	13.397	339	13
1525599126	20279	63.923	13.303	339	10
1525599126	20330	63.923	13.26	339	9
1525599126	20465	63.923	13.26	339	8
1525599126	20520	64.029	13.347	339	16
1525599126	20416	64.033	13.347	339	5
1525599126	20366	64.033	13.347	339	5
1525599126	20570	64.033	13.253	339	9
1525599126	20673	64.033	13.153	339	14
1525599126	20625	64.033	13.109	339	1
1525599126	20719	64.033	13.065	339	1
1525599126	20773	64.147	13.059	339	12
1525599127	19899	64.261	12.695	339	11
1525599127	19981	64.261	12.695	339	1
1525599127	20064	64.261	12.746	339	3
1525599127	20020	64.261	12.695	339	12
1525599127	20110	64.261	12.739	339	1
1525599127	19938	64.261	12.746	339	9
1525599127	20153	64.261	12.746	339	1
1525599127	20201	64.261	12.739	339	5
1525599127	20243	64.261	12.827	339	3
1525599127	20289	64.261	12.827	339	9
1525599127	20336	64.261	12.746	339	9
1525599127	20425	64.261	12.777	339	12
1525599127	20483	64.261	12.689	339	17
1525599127	20380	64.261	12.726	339	3
1525599127	20578	64.372	12.689	339	5
1525599127	20531	64.372	12.726	339	3
1525599127	20681	64.372	12.733	339	6
1525599127	20633	64.372	12.733	339	4
1525599127	20735	64.372	12.877	339	13
1525599127	20785	64.375	12.877	339	9
1525599128	19949	63.808	13.273	339	1
1525599128	19908	63.808	13.236	339	8
1525599128	19989	63.808	13.28	339	1
1525599128	20072	63.808	13.273	339	7
1525599128	20119	63.808	13.266	339	13
1525599128	20028	63.808	13.266	339	16
1525599128	20165	63.808	13.223	339	9
1525599128	20251	63.808	13.186	339	6
1525599128	20299	63.808	13.223	339	11
1525599128	20210	63.808	13.266	339	7
1525599128	20388	63.808	13.223	339	3
1525599128	20493	63.808	13.273	339	5
1525599128	20436	63.808	13.105	339	17
1525599128	20344	63.808	13.223	339	18
1525599128	20540	63.922	13.179	339	7
1525599128	20590	63.922	13.078	339	5
1525599128	20640	63.922	13.035	339	3
1525599128	20692	63.922	13.035	339	10
1525599128	20744	63.922	13.022	339	3
1525599128	20795	64.035	13.022	339	3
1525599129	19956	64.149	12.393	339	13
1525599129	19916	64.149	12.443	339	6
1525599129	19996	64.149	12.393	339	8
1525599129	20080	64.149	12.437	339	5
1525599129	20037	64.149	12.443	339	16
1525599129	20125	64.149	12.443	339	20
1525599129	20174	64.149	12.443	339	8
1525599129	20217	64.149	12.538	339	6
1525599129	20260	64.149	12.531	339	13
1525599129	20397	64.149	12.689	339	1
1525599129	20310	64.149	12.45	339	10
1525599129	20351	64.149	12.632	339	1
1525599129	20446	64.15	12.726	339	3
1525599129	20502	64.15	12.733	339	3
1525599129	20553	64.261	12.777	339	3
1525599129	20603	64.264	12.777	339	10
1525599129	20701	64.265	12.928	339	3
1525599129	20648	64.265	13.009	339	8
1525599129	20754	64.265	12.833	339	13
1525599129	20802	64.265	12.877	339	7
1525599130	19924	63.819	13.236	339	11
1525599130	20005	63.82	13.199	339	16
1525599130	19964	63.819	13.243	339	1
1525599130	20045	63.819	13.243	339	13
1525599130	19884	63.819	13.249	339	2
1525599130	20090	63.82	13.243	339	20
1525599130	20135	63.82	13.293	339	3
1525599130	20227	63.82	13.33	339	17
1525599130	20182	63.82	13.337	339	3
1525599130	20272	63.82	13.3	339	2
1525599130	20319	63.82	13.38	339	4
1525599130	20358	63.82	13.387	339	16
1525599130	20404	63.82	13.337	339	9
1525599130	20511	63.82	13.3	339	11
1525599130	20453	63.82	13.337	339	6
1525599130	20560	63.82	13.343	339	1
1525599130	20613	63.929	13.256	339	19
1525599130	20659	63.929	13.212	339	9
1525599130	20709	63.929	13.243	339	16
1525599130	20764	63.938	13.061	339	1
1525599131	19932	64.157	12.758	339	5
1525599131	20013	64.157	12.752	339	8
1525599131	19892	64.157	12.664	339	3
1525599131	19972	64.157	12.758	339	16
1525599131	20056	64.157	12.796	339	5
1525599131	20098	64.157	12.802	339	13
1525599131	20142	64.157	12.853	339	3
1525599131	20193	64.157	12.846	339	17
1525599131	20236	64.157	12.758	339	13
1525599131	20279	64.157	12.846	339	11
1525599131	20330	64.157	12.802	339	9
1525599131	20465	64.157	12.802	339	8
1525599131	20520	64.157	12.765	339	16
1525599131	20416	64.27	12.853	339	5
1525599131	20366	64.27	12.853	339	5
1525599131	20570	64.272	12.853	339	9
1525599131	20673	64.272	12.947	339	14
1525599131	20625	64.272	12.997	339	1
1525599131	20719	64.272	13.092	339	1
1525599131	20773	64.272	13.098	339	12
1525599132	19899	63.932	13.105	339	11
1525599132	19981	63.932	13.054	339	1
1525599132	19938	63.932	13.098	339	10
1525599132	20020	63.932	13.061	339	13
1525599132	20064	63.932	13.054	339	3
1525599132	20110	63.932	13.054	339	1
1525599132	20153	63.932	13.098	339	1
1525599132	20201	63.932	13.017	339	5
1525599132	20243	63.932	12.973	339	3
1525599132	20289	63.932	12.973	339	11
1525599132	20336	63.932	13.011	339	9
1525599132	20380	63.932	12.936	339	3
1525599132	20425	63.932	12.929	339	14
1525599132	20483	63.932	13.017	339	17
1525599132	20578	64.045	13.017	339	1
1525599132	20531	64.045	12.98	339	3
1525599132	20681	64.045	12.866	339	6
1525599132	20633	64.045	12.866	339	4
1525599132	20735	64.045	12.872	339	13
1525599132	20785	64.159	12.923	339	9
1525599133	19949	64.271	12.513	339	1
1525599133	19908	64.271	12.506	339	8
1525599133	19989	64.271	12.462	339	1
1525599133	20028	64.271	12.468	339	16
1525599133	20119	64.271	12.418	339	13
1525599133	20072	64.271	12.462	339	7
1525599133	20165	64.271	12.462	339	9
1525599133	20251	64.271	12.418	339	12
1525599133	20299	64.271	12.418	339	11
1525599133	20210	64.271	12.424	339	7
1525599133	20344	64.271	12.468	339	21
1525599133	20436	64.271	12.468	339	17
1525599133	20388	64.271	12.468	339	3
1525599133	20493	64.271	12.468	339	5
1525599133	20540	64.388	12.468	340	8
1525599133	20590	64.385	12.563	339	5
1525599133	20640	64.385	12.614	339	3
1525599133	20692	64.385	12.614	339	11
1525599133	20744	64.385	12.62	339	3
1525599133	20795	64.385	12.67	339	1
1525599134	19916	63.821	13.212	339	8
1525599134	19956	63.821	13.263	339	13
1525599134	19996	63.821	13.306	339	8
1525599134	20037	63.821	13.3	339	17
1525599134	20080	63.821	13.3	339	9
1525599134	20125	63.821	13.256	339	21
1525599134	20260	63.821	13.293	339	13
1525599134	20217	63.821	13.293	339	7
1525599134	20174	63.821	13.343	339	8
1525599134	20310	63.821	13.337	339	10
1525599134	20351	63.821	13.192	339	1
1525599134	20397	63.821	13.105	339	1
1525599134	20446	63.821	13.011	339	3
1525599134	20502	63.821	13.011	339	1
1525599134	20553	63.931	13.054	339	1
1525599134	20603	63.931	13.011	339	10
1525599134	20648	63.931	12.771	339	8
1525599134	20701	63.931	12.853	339	3
1525599134	20754	64.034	12.91	339	13
1525599134	20802	64.039	12.866	339	9
1525599135	19924	64.159	12.305	339	11
1525599135	19964	64.159	12.254	339	1
1525599135	20045	64.159	12.298	339	13
1525599135	19884	64.159	12.298	339	2
1525599135	20005	64.159	12.305	339	16
1525599135	20090	64.159	12.298	339	20
1525599135	20135	64.159	12.298	339	1
1525599135	20182	64.159	12.254	339	3
1525599135	20227	64.159	12.254	339	17
1525599135	20272	64.159	12.248	339	1
1525599135	20404	64.159	12.343	339	9
1525599135	20560	64.154	12.405	339	1
1525599135	20511	64.159	12.393	339	11
1525599135	20319	64.159	12.204	339	4
1525599135	20453	64.154	12.405	339	6
1525599135	20358	64.159	12.204	339	16
1525599135	20613	64.265	12.645	339	19
1525599135	20659	64.266	12.689	339	9
1525599135	20709	64.266	12.695	339	16
1525599135	20764	64.266	12.796	339	1
1525599136	19892	63.811	13.28	339	3
1525599136	19972	63.811	13.223	339	16
1525599136	19932	63.811	13.223	339	5
1525599136	20013	63.811	13.186	339	8
1525599136	20056	63.811	13.186	339	5
1525599136	20098	63.811	13.135	339	13
1525599136	20142	63.811	13.135	339	3
1525599136	20193	63.811	13.135	339	17
1525599136	20236	63.811	13.142	339	13
1525599136	20279	63.811	13.098	339	13
1525599136	20330	63.811	13.098	339	9
1525599136	20465	63.811	13.098	339	8
1525599136	20520	63.811	13.092	339	16
1525599136	20416	63.922	13.048	339	5
1525599136	20366	63.922	13.048	339	5
1525599136	20570	63.922	13.048	339	9
1525599136	20625	63.922	12.947	339	1
1525599136	20673	63.922	12.997	339	14
1525599136	20719	63.922	12.941	339	1
1525599136	20773	64.033	12.934	339	12
1525599137	19938	64.148	12.569	339	16
1525599137	19981	64.148	12.657	339	1
1525599137	19899	64.148	12.613	339	11
1525599137	20020	64.148	12.613	339	13
1525599137	20110	64.148	12.575	339	1
1525599137	20064	64.148	12.569	339	3
1525599137	20201	64.148	12.714	339	5
1525599137	20153	64.148	12.663	339	1
1525599137	20243	64.148	12.808	339	3
1525599137	20289	64.148	12.808	339	17
1525599137	20336	64.148	12.764	339	9
1525599137	20425	64.148	12.707	339	18
1525599137	20483	64.148	12.67	339	17
1525599137	20578	64.262	12.72	339	1
1525599137	20380	64.148	12.751	339	3
1525599137	20531	64.262	12.757	339	3
1525599137	20633	64.263	12.864	339	4
1525599137	20681	64.263	12.821	339	6
1525599137	20735	64.263	12.864	339	13
1525599137	20785	64.263	12.895	339	9
1525599138	19949	63.818	13.353	339	1
1525599138	19989	63.818	13.397	339	1
1525599138	19908	63.818	13.397	339	8
1525599138	20072	63.818	13.404	339	7
1525599138	20028	63.818	13.404	339	16
1525599138	20119	63.818	13.404	339	13
1525599138	20165	63.817	13.404	339	9
1525599138	20251	63.817	13.49	339	13
1525599138	20299	63.817	13.447	339	11
1525599138	20210	63.817	13.44	339	7
1525599138	20344	63.817	13.484	339	21
1525599138	20388	63.817	13.49	339	3
1525599138	20436	63.817	13.44	339	17
1525599138	20493	63.817	13.49	339	5
1525599138	20540	63.928	13.49	339	8
1525599138	20590	63.928	13.447	339	5
1525599138	20640	63.928	13.434	339	3
1525599138	20692	63.928	13.44	339	11
1525599138	20744	63.928	13.34	339	3
1525599138	20795	64.041	13.34	339	1
1525599139	19916	64.156	12.714	339	12
1525599139	19956	64.156	12.67	339	13
1525599139	19996	64.156	12.626	339	12
1525599139	20037	64.156	12.582	339	17
1525599139	20080	64.156	12.582	339	13
1525599139	20125	64.156	12.67	339	21
1525599139	20174	64.156	12.538	339	8
1525599139	20260	64.156	12.538	339	13
1525599139	20217	64.156	12.538	339	11
1525599139	20310	64.156	12.582	339	10
1525599139	20351	64.156	12.588	339	1
1525599139	20397	64.156	12.626	339	1
1525599139	20446	64.156	12.626	339	3
1525599139	20502	64.156	12.626	339	1
1525599139	20553	64.27	12.582	339	1
1525599139	20603	64.27	12.626	339	10
1525599139	20701	64.272	12.739	339	3
1525599139	20648	64.272	12.733	339	8
1525599139	20754	64.272	12.632	339	13
1525599139	20802	64.272	12.626	339	13
1525599140	19884	63.819	13.223	339	2
1525599140	19924	63.819	13.223	339	11
1525599140	19964	63.819	13.223	339	1
1525599140	20045	63.82	13.179	339	13
1525599140	20005	63.82	13.172	339	16
1525599140	20090	63.82	13.216	339	20
1525599140	20135	63.82	13.179	339	1
1525599140	20182	63.82	13.223	339	3
1525599140	20227	63.82	13.223	339	17
1525599140	20272	63.82	13.229	339	1
1525599140	20319	63.82	13.223	339	4
1525599140	20358	63.82	13.223	339	16
1525599140	20404	63.82	13.129	339	9
1525599140	20511	63.82	13.035	339	13
1525599140	20453	63.934	13.028	339	6
1525599140	20560	63.934	13.022	339	1
1525599140	20613	63.934	12.777	339	19
1525599140	20659	63.934	12.777	339	9
1525599140	20709	63.934	12.682	339	16
1525599140	20764	64.048	12.626	339	1
1525599141	19892	64.162	12.028	339	3
1525599141	19932	64.162	12.028	339	5
1525599141	20013	64.162	12.072	339	8
1525599141	19972	64.162	12.066	339	16
1525599141	20056	64.162	11.984	339	5
1525599141	20142	64.162	12.028	339	3
1525599141	20236	64.162	12.117	339	13
1525599141	20193	64.162	12.034	339	17
1525599141	20098	64.162	12.028	339	13
1525599141	20279	64.162	12.072	339	18
1525599141	20330	64.162	12.167	339	9
1525599141	20465	64.162	12.167	339	8
1525599141	20366	64.277	12.167	339	5
1525599141	20520	64.267	12.173	339	16
1525599141	20570	64.277	12.123	339	9
1525599141	20416	64.276	12.129	339	5
1525599141	20673	64.277	12.267	339	14
1525599141	20625	64.277	12.274	339	1
1525599141	20719	64.277	12.33	339	1
1525599141	20773	64.277	12.374	339	12
1525599142	19899	63.829	12.821	339	11
1525599142	19938	63.829	12.864	339	22
1525599142	19981	63.829	12.827	339	1
1525599142	20020	63.829	12.864	339	13
1525599142	20064	63.829	12.952	339	3
1525599142	20110	63.829	12.952	339	1
1525599142	20153	63.829	12.77	339	1
1525599142	20201	63.829	12.814	339	5
1525599142	20289	63.829	12.72	339	20
1525599142	20243	63.829	12.714	339	3
1525599142	20336	63.829	12.764	339	9
1525599142	20483	63.829	12.902	339	17
1525599142	20425	63.829	12.902	339	23
1525599142	20380	63.829	12.858	339	3
1525599142	20578	63.941	12.851	339	1
1525599142	20531	63.941	12.814	339	3
1525599142	20681	63.941	12.707	339	6
1525599142	20633	63.941	12.707	339	4
1525599142	20735	63.943	12.607	339	13
1525599142	20785	64.055	12.525	339	9
1525599143	19908	64.17	12.085	339	8
1525599143	19949	64.17	12.129	339	1
1525599143	19989	64.17	12.085	339	1
1525599143	20072	64.17	12.085	339	7
1525599143	20028	64.17	12.085	339	16
1525599143	20119	64.17	12.085	339	13
1525599143	20165	64.17	12.085	339	9
1525599143	20251	64.17	12.04	339	13
1525599143	20299	64.17	12.085	339	11
1525599143	20210	64.17	12.091	339	7
1525599143	20436	64.17	12.04	339	17
1525599143	20388	64.17	12.002	339	3
1525599143	20344	64.17	12.002	339	21
1525599143	20493	64.17	11.952	339	5
1525599143	20540	64.272	12.079	339	12
1525599143	20590	64.284	12.085	339	5
1525599143	20640	64.284	12.097	339	3
1525599143	20692	64.284	12.091	339	18
1525599143	20744	64.284	12.236	339	3
1525599143	20795	64.284	12.286	339	1
1525599144	19916	63.945	12.978	339	17
1525599144	19956	63.945	12.971	339	13
1525599144	19996	63.945	13.015	339	17
1525599144	20037	63.945	13.015	339	17
1525599144	20080	63.945	13.022	339	17
1525599144	20125	63.945	12.978	339	21
1525599144	20174	63.945	13.059	339	8
1525599144	20260	63.945	13.059	339	13
1525599144	20217	63.945	13.059	339	13
1525599144	20310	63.945	12.971	339	10
1525599144	20351	63.945	13.065	339	1
1525599144	20397	63.945	13.015	339	1
1525599144	20502	63.945	13.059	339	1
1525599144	20446	63.945	13.059	339	3
1525599144	20603	64.059	13.052	339	10
1525599144	20553	64.059	13.059	339	1
1525599144	20701	64.059	13.002	339	3
1525599144	20648	64.059	13.009	339	8
1525599144	20802	64.171	13.009	339	17
1525599144	20754	64.171	13.002	339	13
1525599145	19884	64.287	12.651	339	2
1525599145	19924	64.287	12.651	339	11
1525599145	19964	64.287	12.694	339	1
1525599145	20005	64.287	12.701	339	16
1525599145	20135	64.287	12.607	339	1
1525599145	20045	64.287	12.651	339	13
1525599145	20090	64.287	12.657	339	20
1525599145	20227	64.287	12.607	339	17
1525599145	20182	64.287	12.607	339	3
1525599145	20272	64.287	12.651	339	1
1525599145	20319	64.287	12.657	339	4
1525599145	20358	64.287	12.657	339	16
1525599145	20404	64.287	12.657	339	9
1525599145	20511	64.287	12.663	339	13
1525599145	20453	64.404	12.657	339	6
1525599145	20560	64.408	12.663	339	1
1525599145	20709	64.405	12.858	339	16
1525599145	20613	64.405	12.764	339	19
1525599145	20659	64.405	12.764	339	9
1525599145	20764	64.405	12.915	339	1
1525599146	19972	63.827	13.531	339	16
1525599146	19892	63.827	13.561	339	3
1525599146	19932	63.827	13.568	339	5
1525599146	20013	63.827	13.575	339	8
1525599146	20056	63.827	13.561	339	5
1525599146	20098	63.827	13.568	339	13
1525599146	20142	63.827	13.518	339	3
1525599146	20193	63.827	13.518	339	17
1525599146	20236	63.827	13.518	339	13
1525599146	20279	63.827	13.604	339	21
1525599146	20330	63.827	13.511	339	9
1525599146	20465	63.827	13.511	339	8
1525599146	20520	63.827	13.518	339	16
1525599146	20366	63.941	13.431	339	5
1525599146	20416	63.941	13.467	339	5
1525599146	20570	63.941	13.511	339	9
1525599146	20625	63.941	13.367	339	1
1525599146	20673	63.941	13.323	339	14
1525599146	20719	63.941	13.26	339	1
1525599146	20773	64.055	13.179	339	12
1525599147	19899	64.17	12.726	339	11
1525599147	19981	64.17	12.726	339	1
1525599147	19938	64.17	12.726	339	22
1525599147	20020	64.17	12.682	339	13
1525599147	20110	64.17	12.682	339	1
1525599147	20064	64.17	12.682	339	3
1525599147	20153	64.17	12.777	339	1
1525599147	20201	64.17	12.764	339	5
1525599147	20243	64.17	12.733	339	3
1525599147	20289	64.17	12.726	339	21
1525599147	20336	64.17	12.77	339	9
1525599147	20483	64.17	12.726	339	17
1525599147	20578	64.17	12.777	339	1
1525599147	20380	64.17	12.777	339	3
1525599147	20531	64.17	12.821	339	3
1525599147	20425	64.17	12.733	339	24
1525599147	20681	64.285	12.978	339	6
1525599147	20633	64.285	12.984	339	4
1525599147	20735	64.285	13.078	339	13
1525599147	20785	64.285	13.085	339	9
1525599148	19908	63.829	13.531	339	8
1525599148	19949	63.829	13.481	339	1
1525599148	19989	63.829	13.575	339	1
1525599148	20072	63.829	13.575	339	7
1525599148	20028	63.829	13.568	339	16
1525599148	20119	63.829	13.575	339	13
1525599148	20165	63.829	13.568	339	9
1525599148	20251	63.829	13.524	339	13
1525599148	20299	63.829	13.531	339	11
1525599148	20210	63.829	13.481	339	7
1525599148	20388	63.829	13.568	339	3
1525599148	20436	63.829	13.531	339	17
1525599148	20344	63.829	13.568	339	21
1525599148	20493	63.832	13.568	339	5
1525599148	20540	63.943	13.531	339	14
1525599148	20590	63.943	13.437	339	5
1525599148	20640	63.943	13.38	339	3
1525599148	20692	63.943	13.38	339	21
1525599148	20744	63.943	13.286	339	3
1525599148	20795	63.943	13.243	339	1
1525599149	19996	64.167	12.978	339	17
1525599149	19916	64.167	12.971	339	17
1525599149	19956	64.167	12.978	339	13
1525599149	20080	64.167	12.928	339	17
1525599149	20037	64.167	12.928	339	17
1525599149	20174	64.167	12.984	339	8
1525599149	20125	64.167	12.978	339	21
1525599149	20260	64.167	13.035	339	13
1525599149	20217	64.167	13.035	339	13
1525599149	20310	64.167	13.028	339	10
1525599149	20351	64.167	12.978	339	1
1525599149	20397	64.167	12.984	339	1
1525599149	20446	64.167	12.941	339	3
1525599149	20502	64.167	12.941	339	1
1525599149	20603	64.273	12.984	339	10
1525599149	20553	64.273	12.941	339	1
1525599149	20701	64.282	12.991	339	3
1525599149	20648	64.282	12.991	339	8
1525599149	20802	64.282	12.991	339	17
1525599149	20754	64.282	12.991	339	13
1525599150	19884	63.83	13.581	339	3
1525599150	19924	63.83	13.632	339	11
1525599150	20045	63.83	13.625	339	13
1525599150	20090	63.83	13.581	339	20
1525599150	19964	63.83	13.588	339	1
1525599150	20005	63.83	13.618	339	16
1525599150	20135	63.83	13.625	339	1
1525599150	20182	63.83	13.625	339	7
1525599150	20227	63.83	13.625	339	17
1525599150	20272	63.83	13.625	339	1
1525599150	20319	63.83	13.575	339	4
1525599150	20358	63.83	13.575	339	16
1525599150	20453	63.83	13.712	339	6
1525599150	20404	63.83	13.581	339	9
1525599150	20511	63.83	13.618	339	13
1525599150	20560	63.83	13.755	339	1
1525599150	20613	63.941	13.755	339	19
1525599150	20659	63.941	13.755	339	9
1525599150	20709	63.941	13.661	339	16
1525599150	20764	63.941	13.611	339	1
1525599151	19892	64.169	13.404	339	3
1525599151	19932	64.169	13.404	339	5
1525599151	19972	64.169	13.404	339	16
1525599151	20013	64.169	13.44	339	8
1525599151	20056	64.169	13.404	339	5
1525599151	20098	64.169	13.404	339	13
1525599151	20236	64.169	13.404	339	13
1525599151	20142	64.169	13.41	339	3
1525599151	20193	64.169	13.447	339	17
1525599151	20279	64.169	13.404	339	21
1525599151	20330	64.169	13.454	339	8
1525599151	20465	64.169	13.454	339	8
1525599151	20416	64.284	13.584	339	12
1525599151	20366	64.284	13.584	339	5
1525599151	20520	64.277	13.447	339	16
1525599151	20570	64.284	13.504	339	9
1525599151	20625	64.284	13.648	339	1
1525599151	20673	64.284	13.691	339	14
1525599151	20719	64.284	13.661	339	1
1525599151	20773	64.284	13.791	339	12
1525599152	19899	63.836	14.393	339	11
1525599152	19938	63.836	14.393	339	21
1525599152	19981	63.836	14.343	339	1
1525599152	20020	63.836	14.393	339	13
1525599152	20064	63.836	14.393	339	3
1525599152	20110	63.836	14.393	339	1
1525599152	20153	63.836	14.386	339	1
1525599152	20201	63.836	14.307	339	5
1525599152	20243	63.836	14.343	339	3
1525599152	20289	63.836	14.343	339	21
1525599152	20336	63.836	14.3	339	9
1525599152	20483	63.836	14.257	339	17
1525599152	20425	63.836	14.25	339	25
1525599152	20380	63.836	14.25	339	3
1525599152	20578	63.942	14.286	339	1
1525599152	20531	63.942	14.2	339	3
1525599152	20681	63.942	14.042	339	6
1525599152	20633	63.942	14.042	339	4
1525599152	20735	63.942	14.085	339	13
1525599152	20785	63.945	14.185	339	6
1525599153	19949	64.17	13.734	339	1
1525599153	19908	64.17	13.727	339	8
1525599153	19989	64.17	13.641	339	1
1525599153	20119	64.17	13.684	339	13
1525599153	20072	64.17	13.684	339	7
1525599153	20028	64.17	13.684	339	16
1525599153	20165	64.17	13.641	339	5
1525599153	20251	64.17	13.691	339	13
1525599153	20299	64.17	13.727	339	11
1525599153	20210	64.17	13.727	339	7
1525599153	20436	64.17	13.727	339	17
1525599153	20493	64.17	13.684	339	5
1525599153	20344	64.17	13.727	339	21
1525599153	20388	64.17	13.684	339	3
1525599153	20540	64.284	13.691	339	17
1525599153	20590	64.285	13.828	339	5
1525599153	20640	64.285	13.921	339	3
1525599153	20692	64.285	13.964	339	21
1525599153	20744	64.285	13.978	339	3
1525599153	20795	64.285	14.021	339	1
1525599154	19996	63.836	13.985	339	17
1525599154	19956	63.836	13.949	339	13
1525599154	20037	63.836	13.956	339	17
1525599154	19916	63.836	13.949	339	17
1525599154	20080	63.836	13.949	339	17
1525599154	20125	63.836	13.942	339	21
1525599154	20174	63.836	13.899	339	8
1525599154	20217	63.836	13.892	339	13
1525599154	20260	63.836	13.935	339	13
1525599154	20310	63.836	13.899	339	10
1525599154	20351	63.836	13.899	339	1
1525599154	20397	63.836	13.942	339	1
1525599154	20502	63.836	13.942	339	1
1525599154	20446	63.836	13.942	339	3
1525599154	20553	63.943	13.942	339	1
1525599154	20603	63.946	13.906	339	10
1525599154	20701	63.946	13.848	339	3
1525599154	20648	63.946	13.885	339	8
1525599154	20754	63.946	13.899	339	13
1525599154	20802	63.946	13.892	339	17
1525599155	19924	64.177	13.404	339	11
1525599155	19964	64.177	13.447	339	1
1525599155	20045	64.177	13.447	339	13
1525599155	19884	64.177	13.447	339	5
1525599155	20090	64.177	13.404	339	20
1525599155	20005	64.177	13.404	339	16
1525599155	20135	64.177	13.447	339	1
1525599155	20227	64.177	13.454	339	17
1525599155	20182	64.177	13.447	339	9
1525599155	20272	64.177	13.404	339	1
1525599155	20319	64.177	13.454	339	5
1525599155	20358	64.177	13.454	339	16
1525599155	20404	64.177	13.497	339	9
1525599155	20511	64.177	13.454	339	13
1525599155	20453	64.286	13.36	339	7
1525599155	20560	64.288	13.31	339	1
1525599155	20613	64.288	13.36	339	19
1525599155	20659	64.288	13.36	339	9
1525599155	20709	64.288	13.461	339	16
1525599155	20764	64.288	13.547	339	1
1525599156	19932	63.833	13.431	339	5
1525599156	19892	63.833	13.431	339	3
1525599156	19972	63.833	13.431	339	16
1525599156	20013	63.833	13.38	339	8
1525599156	20056	63.833	13.431	339	5
1525599156	20098	63.833	13.431	339	13
1525599156	20142	63.833	13.467	339	3
1525599156	20193	63.833	13.467	339	17
1525599156	20236	63.833	13.474	339	13
1525599156	20279	63.833	13.431	339	21
1525599156	20330	63.833	13.38	339	5
1525599156	20465	63.833	13.424	339	8
1525599156	20520	63.833	13.424	339	16
1525599156	20366	63.944	13.337	339	5
1525599156	20416	63.944	13.337	339	13
1525599156	20570	63.944	13.374	339	9
1525599156	20625	63.944	13.273	339	1
1525599156	20673	63.944	13.273	339	14
1525599156	20719	63.946	13.273	339	1
1525599156	20773	64.059	13.179	339	12
1525599157	19938	64.174	12.494	339	21
1525599157	19981	64.174	12.5	339	1
1525599157	19899	64.174	12.544	339	13
1525599157	20020	64.174	12.494	339	13
1525599157	20110	64.174	12.494	339	1
1525599157	20064	64.174	12.494	339	3
1525599157	20153	64.174	12.456	339	1
1525599157	20201	64.174	12.5	339	6
1525599157	20243	64.174	12.494	339	3
1525599157	20289	64.174	12.5	339	21
1525599157	20336	64.174	12.456	339	9
1525599157	20380	64.174	12.405	339	3
1525599157	20483	64.174	12.494	339	17
1525599157	20531	64.287	12.5	339	3
1525599157	20425	64.174	12.494	339	25
1525599157	20578	64.287	12.412	339	1
1525599157	20681	64.287	12.601	339	6
1525599157	20633	64.287	12.557	339	4
1525599157	20735	64.287	12.468	339	13
1525599157	20785	64.287	12.405	339	5
1525599158	19908	63.84	12.872	339	8
1525599158	19989	63.84	12.96	339	1
1525599158	20072	63.84	12.866	339	9
1525599158	20028	63.84	12.872	339	16
1525599158	19949	63.84	12.872	339	1
1525599158	20119	63.84	12.916	339	13
1525599158	20165	63.84	12.967	339	5
1525599158	20251	63.84	12.96	339	13
1525599158	20299	63.84	12.916	339	11
1525599158	20388	63.842	12.916	339	3
1525599158	20210	63.84	12.923	339	8
1525599158	20436	63.842	12.96	339	17
1525599158	20344	63.842	12.916	339	21
1525599158	20493	63.842	12.916	339	5
1525599158	20540	63.953	12.96	339	17
1525599158	20590	63.953	12.822	339	6
1525599158	20640	63.953	12.727	339	3
1525599158	20692	63.953	12.69	339	21
1525599158	20744	63.953	12.677	339	3
1525599158	20795	64.067	12.576	339	1
1525599159	19916	64.18	12.089	339	17
1525599159	19956	64.18	12.089	339	13
1525599159	19996	64.18	12.006	339	17
1525599159	20037	64.18	12.089	339	17
1525599159	20080	64.18	12.095	339	17
1525599159	20125	64.18	12.045	339	21
1525599159	20174	64.18	12.038	339	9
1525599159	20217	64.18	11.994	339	13
1525599159	20260	64.18	11.955	339	13
1525599159	20310	64.18	12.038	339	11
1525599159	20351	64.18	11.994	339	1
1525599159	20397	64.18	12	339	1
1525599159	20446	64.18	12	339	3
1525599159	20502	64.18	11.994	339	1
1525599159	20603	64.293	12.045	339	10
1525599159	20553	64.293	12.095	339	1
1525599159	20701	64.294	12.19	339	3
1525599159	20648	64.294	12.152	339	8
1525599159	20754	64.294	12.101	339	14
1525599159	20802	64.294	12.146	339	17
1525599160	19884	63.838	12.348	338	5
1525599160	19924	63.838	12.341	338	11
1525599160	19964	63.838	12.386	338	3
1525599160	20005	63.838	12.443	338	16
1525599160	20045	63.838	12.392	338	13
1525599160	20090	63.838	12.437	338	20
1525599160	20135	63.838	12.386	338	1
1525599160	20227	63.838	12.386	338	17
1525599160	20182	63.838	12.348	338	9
1525599160	20272	63.838	12.386	338	1
1525599160	20358	63.838	12.386	338	16
1525599160	20404	63.838	12.291	338	9
1525599160	20319	63.838	12.386	338	5
1525599160	20511	63.838	12.38	338	13
1525599160	20453	63.951	12.335	338	7
1525599160	20560	63.952	12.341	338	1
1525599160	20613	63.952	12.189	338	19
1525599160	20659	63.952	12.189	338	9
1525599160	20709	63.952	12.081	338	16
1525599160	20764	64.063	11.998	338	1
1525599161	19892	64.179	11.681	338	3
1525599161	19932	64.179	11.636	338	5
1525599161	19972	64.179	11.636	338	16
1525599161	20013	64.179	11.642	338	8
1525599161	20056	64.179	11.636	338	5
1525599161	20098	64.179	11.63	338	13
1525599161	20142	64.179	11.591	338	3
1525599161	20193	64.179	11.546	338	17
1525599161	20236	64.179	11.54	338	13
1525599161	20279	64.179	11.591	338	21
1525599161	20330	64.179	11.585	338	5
1525599161	20465	64.179	11.546	338	8
1525599161	20366	64.293	11.591	338	5
1525599161	20520	64.202	11.591	338	16
1525599161	20416	64.293	11.591	338	13
1525599161	20570	64.293	11.597	338	9
1525599161	20625	64.294	11.642	338	1
1525599161	20673	64.294	11.603	338	14
1525599161	20719	64.294	11.642	338	1
1525599161	20773	64.294	11.693	338	12
1525599162	19938	63.842	12.15	338	21
1525599162	19981	63.842	12.189	338	1
1525599162	19899	63.842	12.138	338	13
1525599162	20020	63.842	12.24	338	13
1525599162	20064	63.842	12.15	338	3
1525599162	20110	63.842	12.15	338	1
1525599162	20153	63.842	12.195	338	1
1525599162	20201	63.842	12.189	338	6
1525599162	20289	63.842	12.195	338	21
1525599162	20243	63.842	12.195	338	3
1525599162	20336	63.842	12.24	338	9
1525599162	20483	63.842	12.189	338	17
1525599162	20425	63.842	12.15	338	25
1525599162	20380	63.844	12.278	338	3
1525599162	20578	63.953	12.195	338	1
1525599162	20531	63.953	12.189	338	3
1525599162	20681	63.953	12.183	338	6
1525599162	20633	63.953	12.221	338	4
1525599162	20735	63.953	12.17	338	13
1525599162	20785	64.027	12.12	338	5
1525599163	19949	64.184	11.657	338	1
1525599163	19908	64.184	11.613	338	8
1525599163	19989	64.184	11.613	338	1
1525599163	20072	64.184	11.618	338	9
1525599163	20028	64.184	11.618	338	16
1525599163	20119	64.184	11.568	338	13
1525599163	20251	64.184	11.613	338	13
1525599163	20165	64.184	11.613	338	5
1525599163	20299	64.184	11.613	338	11
1525599163	20210	64.184	11.702	338	8
1525599163	20493	64.184	11.708	338	5
1525599163	20436	64.184	11.702	338	17
1525599163	20388	64.184	11.708	338	3
1525599163	20540	64.297	11.657	338	17
1525599163	20344	64.184	11.708	338	21
1525599163	20590	64.298	11.753	338	6
1525599163	20640	64.298	11.854	338	3
1525599163	20692	64.298	11.848	338	21
1525599163	20744	64.298	11.905	338	3
1525599163	20795	64.298	12.045	338	1
1525599164	19956	63.849	12.683	338	12
1525599164	19996	63.849	12.677	338	17
1525599164	19916	63.849	12.683	338	17
1525599164	20080	63.849	12.721	338	17
1525599164	20037	63.849	12.721	338	17
1525599164	20125	63.849	12.727	338	21
1525599164	20174	63.849	12.727	338	9
1525599164	20217	63.849	12.778	338	13
1525599164	20260	63.849	12.771	338	13
1525599164	20310	63.849	12.727	338	11
1525599164	20351	63.849	12.815	338	1
1525599164	20397	63.849	12.765	338	3
1525599164	20446	63.849	12.809	338	3
1525599164	20502	63.849	12.815	338	1
1525599164	20553	63.959	12.714	338	1
1525599164	20603	63.959	12.765	338	10
1525599164	20648	63.959	12.569	338	8
1525599164	20701	63.959	12.569	338	3
1525599164	20754	64.073	12.557	338	14
1525599164	20802	64.073	12.519	338	17
1525599165	19964	64.188	11.895	338	3
1525599165	19884	64.187	11.94	338	5
1525599165	19924	64.187	11.94	338	11
1525599165	20045	64.188	11.895	338	12
1525599165	20005	64.188	11.845	338	16
1525599165	20090	64.188	11.845	338	19
1525599165	20135	64.188	11.901	338	1
1525599165	20182	64.188	11.94	338	9
1525599165	20227	64.188	11.895	338	17
1525599165	20272	64.188	11.94	338	1
1525599165	20319	64.188	11.895	338	5
1525599165	20358	64.188	11.895	338	16
1525599165	20404	64.188	11.94	338	9
1525599165	20511	64.188	11.851	338	13
1525599165	20453	64.188	11.845	338	7
1525599165	20560	64.188	11.845	338	1
1525599165	20613	64.296	11.99	338	19
1525599165	20659	64.296	11.99	338	9
1525599165	20709	64.296	12.091	338	16
1525599165	20764	64.296	12.185	338	1
1525599166	19972	63.844	12.594	338	16
1525599166	19892	63.844	12.594	338	3
1525599166	19932	63.844	12.594	338	5
1525599166	20013	63.844	12.594	338	8
1525599166	20056	63.844	12.638	338	5
1525599166	20098	63.844	12.594	338	13
1525599166	20142	63.844	12.638	338	3
1525599166	20193	63.844	12.689	338	17
1525599166	20236	63.844	12.645	338	13
1525599166	20279	63.844	12.594	338	21
1525599166	20330	63.844	12.601	338	5
1525599166	20465	63.844	12.638	338	8
1525599166	20416	63.956	12.588	338	13
1525599166	20366	63.956	12.588	338	5
1525599166	20520	63.844	12.544	338	16
1525599166	20570	63.956	12.544	338	9
1525599166	20673	63.956	12.531	338	14
1525599166	20625	63.956	12.494	338	1
1525599166	20719	63.956	12.443	338	1
1525599166	20773	64.004	12.437	338	12
1525599167	19899	64.184	12.129	338	13
1525599167	20020	64.184	12.129	338	13
1525599167	20064	64.184	12.123	338	3
1525599167	19981	64.184	12.211	338	1
1525599167	20110	64.184	12.123	338	1
1525599167	20201	64.184	12.173	338	6
1525599167	20153	64.184	12.211	338	1
1525599167	19938	64.184	12.173	338	21
1525599167	20289	64.184	12.267	338	21
1525599167	20243	64.184	12.274	338	3
1525599167	20336	64.184	12.274	338	9
1525599167	20483	64.184	12.28	338	17
1525599167	20380	64.246	12.274	338	3
1525599167	20531	64.297	12.274	338	3
1525599167	20578	64.296	12.229	338	1
1525599167	20425	64.285	12.4	338	25
1525599167	20681	64.297	12.33	338	6
1525599167	20633	64.297	12.286	338	4
1525599167	20735	64.297	12.387	338	13
1525599167	20785	64.297	12.487	338	5
1525599168	19908	63.846	12.984	338	8
1525599168	19949	63.846	12.941	338	1
1525599168	19989	63.846	12.941	338	1
1525599168	20072	63.846	13.072	338	9
1525599168	20028	63.846	13.116	338	14
1525599168	20119	63.846	13.072	338	13
1525599168	20165	63.846	13.028	338	5
1525599168	20251	63.846	12.941	338	13
1525599168	20299	63.846	12.984	338	11
1525599168	20210	63.846	12.846	338	8
1525599168	20388	63.846	12.89	338	3
1525599168	20436	63.846	12.809	338	17
1525599168	20344	63.846	12.846	338	21
1525599168	20493	63.846	12.846	338	5
1525599168	20540	63.957	12.846	338	17
1525599168	20590	63.957	12.796	338	6
1525599168	20640	63.957	12.739	338	3
1525599168	20692	63.957	12.746	338	21
1525599168	20744	63.957	12.733	338	3
1525599168	20795	64.072	12.594	338	1
1525599169	19916	64.187	11.851	338	17
1525599169	19996	64.187	11.94	338	17
1525599169	19956	64.187	11.934	338	7
1525599169	20037	64.187	11.901	338	17
1525599169	20080	64.187	11.901	338	17
1525599169	20125	64.187	11.851	338	21
1525599169	20174	64.187	11.895	338	9
1525599169	20260	64.187	11.895	338	13
1525599169	20217	64.187	11.889	338	13
1525599169	20310	64.187	11.901	338	11
1525599169	20351	64.187	11.895	338	1
1525599169	20446	64.187	11.851	338	3
1525599169	20502	64.187	11.851	338	1
1525599169	20397	64.187	11.895	338	3
1525599169	20553	64.301	11.901	338	1
1525599169	20603	64.302	11.851	338	10
1525599169	20701	64.302	12.002	338	3
1525599169	20648	64.302	12.085	338	8
1525599169	20802	64.302	12.103	338	17
1525599169	20754	64.302	12.103	338	14
1525599170	19884	63.853	12.702	338	5
1525599170	19924	63.853	12.702	338	11
1525599170	19964	63.853	12.658	338	3
1525599170	20045	63.853	12.658	338	9
1525599170	20005	63.853	12.708	338	16
1525599170	20090	63.853	12.752	338	15
1525599170	20135	63.853	12.651	338	1
1525599170	20227	63.853	12.658	338	17
1525599170	20182	63.853	12.658	338	9
1525599170	20272	63.853	12.614	338	1
1525599170	20358	63.853	12.607	338	16
1525599170	20319	63.853	12.607	338	5
1525599170	20404	63.853	12.614	338	9
1525599170	20511	63.859	12.695	338	13
1525599170	20453	63.962	12.658	338	7
1525599170	20560	63.962	12.658	338	1
1525599170	20613	63.962	12.557	338	19
1525599170	20659	63.962	12.55	338	9
1525599170	20709	63.962	12.456	338	16
1525599170	20764	64.077	12.361	338	1
1525599171	19932	64.191	12.002	338	5
1525599171	20013	64.191	12.046	338	8
1525599171	19892	64.191	11.958	338	3
1525599171	19972	64.191	12.002	338	16
1525599171	20056	64.191	12.059	338	5
1525599171	20142	64.191	12.103	338	3
1525599171	20098	64.191	12.103	338	13
1525599171	20193	64.191	12.059	338	16
1525599171	20236	64.191	12.052	338	13
1525599171	20279	64.191	12.097	338	21
1525599171	20330	64.191	12.097	338	5
1525599171	20465	64.191	12.052	338	8
1525599171	20520	64.191	12.103	338	16
1525599171	20416	64.295	12.147	338	13
1525599171	20366	64.295	12.147	338	5
1525599171	20570	64.304	12.236	338	9
1525599171	20625	64.306	12.298	338	1
1525599171	20673	64.306	12.298	338	11
1525599171	20719	64.306	12.399	338	1
1525599171	20773	64.306	12.349	338	12
1525599172	19899	63.851	12.758	338	13
1525599172	19938	63.851	12.752	338	21
1525599172	19981	63.851	12.721	338	1
1525599172	20020	63.851	12.752	338	13
1525599172	20064	63.851	12.758	338	3
1525599172	20110	63.851	12.752	338	1
1525599172	20153	63.851	12.708	338	1
1525599172	20201	63.851	12.702	338	6
1525599172	20243	63.851	12.601	338	3
1525599172	20289	63.851	12.601	338	21
1525599172	20336	63.851	12.645	338	9
1525599172	20483	63.851	12.733	338	13
1525599172	20425	63.851	12.702	338	25
1525599172	20380	63.959	12.702	338	3
1525599172	20578	63.965	12.827	338	1
1525599172	20531	63.967	12.79	338	3
1525599172	20681	63.967	12.638	338	6
1525599172	20633	63.967	12.638	338	4
1525599172	20735	63.967	12.588	338	12
1525599172	20785	64.08	12.481	338	5
1525599173	19949	64.192	12.267	338	1
1525599173	19908	64.192	12.223	338	8
1525599173	20072	64.192	12.179	338	9
1525599173	20028	64.192	12.135	338	11
1525599173	19989	64.192	12.223	338	1
1525599173	20119	64.192	12.185	338	13
1525599173	20165	64.192	12.229	338	5
1525599173	20251	64.192	12.274	338	13
1525599173	20299	64.192	12.318	338	11
1525599173	20388	64.192	12.318	338	3
1525599173	20210	64.192	12.368	338	8
1525599173	20436	64.192	12.362	338	17
1525599173	20344	64.192	12.368	338	21
1525599173	20493	64.192	12.368	338	5
1525599173	20540	64.306	12.33	338	17
1525599173	20590	64.307	12.418	338	6
1525599173	20692	64.307	12.469	338	21
1525599173	20640	64.307	12.475	338	3
1525599173	20744	64.307	12.519	338	3
1525599173	20795	64.307	12.575	338	1
1525599174	19916	63.859	13.36	338	17
1525599174	19956	63.859	13.323	338	6
1525599174	19996	63.859	13.323	338	17
1525599174	20037	63.859	13.317	338	17
1525599174	20080	63.859	13.317	338	17
1525599174	20125	63.859	13.404	338	21
1525599174	20174	63.859	13.323	338	9
1525599174	20217	63.859	13.273	338	13
1525599174	20260	63.859	13.273	338	13
1525599174	20310	63.859	13.353	338	11
1525599174	20351	63.859	13.273	338	1
1525599174	20397	63.859	13.273	338	3
1525599174	20446	63.859	13.323	338	3
1525599174	20502	63.859	13.323	338	1
1525599174	20553	63.97	13.317	338	1
1525599174	20603	63.97	13.317	338	10
1525599174	20701	63.97	13.216	338	3
1525599174	20648	63.97	13.209	338	8
1525599174	20802	64.085	13.153	338	17
1525599174	20754	64.085	13.159	338	14
1525599175	19884	64.203	12.952	338	5
1525599175	20045	64.203	12.995	338	6
1525599175	19964	64.203	12.995	338	3
1525599175	19924	64.203	12.952	338	11
1525599175	20005	64.203	12.952	338	16
1525599175	20090	64.203	12.952	338	14
1525599175	20135	64.203	13.002	338	1
1525599175	20227	64.203	12.989	338	17
1525599175	20182	64.203	12.989	338	9
1525599175	20272	64.203	12.995	338	1
1525599175	20319	64.203	12.995	338	5
1525599175	20358	64.203	13.033	338	16
1525599175	20404	64.203	12.945	338	9
1525599175	20511	64.203	12.952	338	13
1525599175	20453	64.317	13.002	338	7
1525599175	20560	64.317	12.995	338	1
1525599175	20613	64.317	13.096	338	19
1525599175	20659	64.317	13.059	338	9
1525599175	20709	64.319	13.153	338	16
1525599175	20764	64.319	13.196	338	1
1525599176	19972	63.97	13.878	338	16
1525599176	19932	63.97	13.878	338	5
1525599176	19892	63.97	13.885	338	3
1525599176	20013	63.97	13.842	338	8
1525599176	20056	63.97	13.871	338	5
1525599176	20098	63.97	13.835	338	13
1525599176	20142	63.97	13.791	338	3
1525599176	20193	63.97	13.784	338	16
1525599176	20236	63.97	13.878	338	13
1525599176	20279	63.97	13.791	338	21
1525599176	20330	63.97	13.878	338	5
1525599176	20465	63.97	13.921	338	8
1525599176	20520	63.97	13.835	338	16
1525599176	20416	64.081	13.828	338	13
1525599176	20366	64.081	13.828	338	5
1525599176	20570	64.081	13.791	338	9
1525599176	20625	64.081	13.641	338	1
1525599176	20673	64.081	13.641	338	10
1525599176	20719	64.081	13.541	338	1
1525599176	20773	64.195	13.547	338	12
1525599177	19938	64.317	13.139	338	21
1525599177	19981	64.317	13.176	338	1
1525599177	20020	64.317	13.183	338	13
1525599177	19899	64.317	13.176	338	11
1525599177	20064	64.317	13.27	338	3
1525599177	20110	64.317	13.277	338	1
1525599177	20153	64.317	13.19	338	1
1525599177	20201	64.317	13.283	338	5
1525599177	20289	64.317	13.283	338	21
1525599177	20243	64.317	13.283	338	3
1525599177	20336	64.317	13.19	338	9
1525599177	20483	64.317	13.059	338	10
1525599177	20380	64.317	13.096	338	3
1525599177	20425	64.317	13.052	338	25
1525599177	20531	64.431	13.002	338	3
1525599177	20578	64.431	13.059	338	9
1525599177	20681	64.432	13.109	338	5
1525599177	20633	64.432	13.109	338	4
1525599177	20735	64.432	13.116	338	12
1525599177	20785	64.432	13.216	338	5
1525599178	19908	63.864	13.249	338	8
1525599178	19949	63.864	13.249	338	3
1525599178	19989	63.864	13.3	338	1
1525599178	20072	63.864	13.206	338	7
1525599178	20028	63.864	13.243	338	11
1525599178	20119	63.864	13.199	338	8
1525599178	20165	63.864	13.199	338	5
1525599178	20251	63.864	13.243	338	13
1525599178	20299	63.864	13.105	338	11
1525599178	20210	63.864	13.149	338	7
1525599178	20388	63.864	13.192	338	3
1525599178	20344	63.864	13.149	338	21
1525599178	20493	63.864	13.199	338	5
1525599178	20436	63.864	13.243	338	14
1525599178	20540	63.978	13.186	338	17
1525599178	20590	63.978	13.142	338	5
1525599178	20640	63.978	13.041	338	3
1525599178	20692	63.978	13.041	338	21
1525599178	20744	63.989	12.954	338	3
1525599178	20795	64.092	12.853	338	9
1525599179	19956	64.207	12.153	338	6
1525599179	19996	64.207	12.153	338	17
1525599179	19916	64.207	12.198	338	17
1525599179	20037	64.207	12.153	338	17
1525599179	20080	64.207	12.147	338	17
1525599179	20125	64.207	12.109	338	21
1525599179	20174	64.207	12.198	338	9
1525599179	20260	64.207	12.248	338	13
1525599179	20217	64.207	12.254	338	13
1525599179	20310	64.207	12.204	338	9
1525599179	20351	64.207	12.204	338	1
1525599179	20397	64.207	12.248	338	3
1525599179	20446	64.207	12.153	338	3
1525599179	20502	64.207	12.153	338	7
1525599179	20553	64.321	12.153	338	5
1525599179	20603	64.323	12.242	338	7
1525599179	20701	64.323	12.298	338	3
1525599179	20648	64.323	12.267	338	8
1525599179	20802	64.323	12.311	338	17
1525599179	20754	64.323	12.305	338	11
1525599180	19884	63.874	12.758	338	5
1525599180	19924	63.874	12.765	338	9
1525599180	19964	63.874	12.809	338	3
1525599180	20045	63.874	12.802	338	6
1525599180	20005	63.874	12.802	338	16
1525599180	20090	63.874	12.809	338	14
1525599180	20135	63.874	12.802	338	7
1525599180	20227	63.874	12.809	338	16
1525599180	20182	63.874	12.765	338	9
1525599180	20272	63.874	12.802	338	9
1525599180	20319	63.874	12.853	338	5
1525599180	20358	63.874	12.815	338	16
1525599180	20404	63.874	12.984	338	9
1525599180	20511	63.874	12.853	338	13
1525599180	20453	63.984	12.846	338	7
1525599180	20560	63.984	12.853	338	1
1525599180	20613	63.984	12.746	338	19
1525599180	20659	63.984	12.79	338	9
1525599180	20709	63.984	12.702	338	13
1525599180	20764	64.098	12.651	338	7
1525599181	20013	64.215	11.99	338	8
1525599181	19972	64.215	11.946	338	12
1525599181	19892	64.215	11.946	338	3
1525599181	19932	64.215	11.952	338	3
1525599181	20056	64.215	11.895	338	5
1525599181	20098	64.215	11.946	338	13
1525599181	20193	64.215	11.99	338	13
1525599181	20142	64.215	11.99	338	3
1525599181	20236	64.215	11.952	338	13
1525599181	20279	64.215	11.996	338	21
1525599181	20330	64.215	11.952	338	5
1525599181	20465	64.215	11.907	338	7
1525599181	20520	64.215	11.901	338	11
1525599181	20366	64.324	11.901	338	5
1525599181	20416	64.314	11.907	338	13
1525599181	20570	64.329	11.851	338	6
1525599181	20625	64.329	12.002	338	1
1525599181	20673	64.329	12.002	338	10
1525599181	20719	64.329	12.097	338	1
1525599181	20773	64.329	12.097	338	10
1525599182	19899	63.878	12.367	338	11
1525599182	19938	63.878	12.412	338	21
1525599182	19981	63.878	12.374	338	1
1525599182	20020	63.878	12.367	338	13
1525599182	20110	63.878	12.323	338	1
1525599182	20064	63.878	12.323	338	3
1525599182	20153	63.878	12.317	338	1
1525599182	20201	63.878	12.317	338	5
1525599182	20289	63.878	12.273	338	21
1525599182	20243	63.878	12.273	338	3
1525599182	20336	63.878	12.317	338	9
1525599182	20483	63.878	12.412	338	10
1525599182	20425	63.878	12.323	338	25
1525599182	20380	63.884	12.367	338	1
1525599182	20531	63.99	12.323	338	3
1525599182	20578	63.99	12.355	338	9
1525599182	20633	63.99	12.216	338	4
1525599182	20681	63.99	12.216	338	5
1525599182	20735	64.1	12.286	338	9
1525599182	20785	64.103	12.153	338	5
1525599183	19908	64.216	12.167	338	8
1525599183	19949	64.216	12.167	338	3
1525599183	19989	64.216	12.161	338	1
1525599183	20028	64.216	12.167	338	11
1525599183	20119	64.216	12.211	338	5
1525599183	20072	64.216	12.205	338	7
1525599183	20165	64.216	12.117	338	5
1525599183	20251	64.216	12.117	338	13
1525599183	20299	64.216	12.167	338	8
1525599183	20210	64.216	12.167	338	7
1525599183	20344	64.216	12.123	338	21
1525599183	20388	64.216	12.123	338	3
1525599183	20493	64.216	12.161	338	5
1525599183	20436	64.216	12.072	338	8
1525599183	20540	64.331	12.167	338	17
1525599183	20640	64.332	12.261	338	3
1525599183	20590	64.332	12.211	338	5
1525599183	20692	64.332	12.267	338	21
1525599183	20744	64.332	12.312	338	3
1525599183	20795	64.332	12.362	338	9
1525599184	19916	63.879	12.915	338	17
1525599184	19996	63.879	13.002	338	17
1525599184	20037	63.879	12.952	338	17
1525599184	19956	63.879	12.958	338	6
1525599184	20080	63.879	12.995	338	17
1525599184	20125	63.879	12.908	338	21
1525599184	20174	63.879	12.952	338	9
1525599184	20217	63.879	12.945	338	13
1525599184	20260	63.879	12.952	338	13
1525599184	20310	63.879	12.952	338	9
1525599184	20351	63.879	12.958	338	1
1525599184	20397	63.879	12.958	338	3
1525599184	20446	63.879	13.002	338	3
1525599184	20502	63.879	13.002	338	7
1525599184	20553	63.99	12.952	338	5
1525599184	20603	63.99	12.915	338	7
1525599184	20701	63.99	12.764	338	1
1525599184	20648	63.99	12.72	338	8
1525599184	20754	64.105	12.757	338	11
1525599184	20802	64.105	12.757	338	17
1525599185	19884	64.217	12.193	338	5
1525599185	19924	64.217	12.193	338	9
1525599185	20045	64.217	12.155	338	6
1525599185	19964	64.217	12.104	338	3
1525599185	20005	64.217	12.149	338	16
1525599185	20090	64.217	12.098	338	14
1525599185	20135	64.217	12.104	338	7
1525599185	20227	64.217	12.111	338	13
1525599185	20182	64.217	12.149	338	9
1525599185	20272	64.217	12.199	338	9
1525599185	20319	64.217	12.111	338	5
1525599185	20358	64.217	12.104	338	15
1525599185	20404	64.217	12.06	338	8
1525599185	20511	64.217	12.104	338	13
1525599185	20453	64.329	12.155	338	7
1525599185	20560	64.329	12.149	338	1
1525599185	20613	64.33	12.205	338	19
1525599185	20659	64.33	12.167	338	9
1525599185	20709	64.33	12.299	338	9
1525599185	20764	64.33	12.299	338	7
1525599186	19892	63.877	12.801	338	3
1525599186	19972	63.877	12.845	338	8
1525599186	19932	63.877	12.795	338	3
1525599186	20013	63.877	12.751	338	8
1525599186	20056	63.877	12.808	338	5
1525599186	20098	63.877	12.751	338	10
1525599186	20142	63.877	12.757	338	3
1525599186	20193	63.877	12.757	338	12
1525599186	20236	63.877	12.751	338	12
1525599186	20279	63.877	12.788	338	21
1525599186	20330	63.877	12.751	338	5
1525599186	20465	63.877	12.751	338	7
1525599186	20520	63.877	12.845	338	10
1525599186	20416	63.988	12.795	338	13
1525599186	20366	63.988	12.801	338	5
1525599186	20570	63.988	12.801	338	6
1525599186	20625	63.988	12.694	338	1
1525599186	20673	63.988	12.694	338	10
1525599186	20719	63.988	12.638	338	1
1525599186	20773	64.103	12.644	338	9
1525599187	19899	64.218	12.5	338	11
1525599187	19938	64.218	12.45	338	21
1525599187	19981	64.218	12.406	338	1
1525599187	20020	64.218	12.45	338	13
1525599187	20064	64.218	12.444	338	3
1525599187	20110	64.218	12.444	338	1
1525599187	20153	64.218	12.45	338	1
1525599187	20201	64.218	12.406	338	5
1525599187	20243	64.218	12.444	338	3
1525599187	20289	64.218	12.45	338	21
1525599187	20336	64.218	12.45	338	9
1525599187	20380	64.218	12.444	338	1
1525599187	20425	64.218	12.45	338	25
1525599187	20483	64.218	12.444	338	10
1525599187	20578	64.329	12.45	338	9
1525599187	20531	64.33	12.538	338	3
1525599187	20681	64.33	12.638	338	5
1525599187	20633	64.33	12.644	338	4
1525599187	20735	64.33	12.607	338	9
1525599187	20785	64.33	12.657	338	5
1525599188	19908	63.878	12.864	338	8
1525599188	19989	63.878	12.864	338	1
1525599188	19949	63.878	12.871	338	3
1525599188	20072	63.878	12.871	338	7
1525599188	20028	63.878	12.871	338	11
1525599188	20119	63.878	12.821	338	5
1525599188	20165	63.878	12.921	338	5
1525599188	20251	63.878	12.833	338	13
1525599188	20299	63.878	12.877	338	1
1525599188	20210	63.878	12.827	338	7
1525599188	20388	63.878	12.827	338	3
1525599188	20344	63.878	12.864	338	21
1525599188	20493	63.878	12.783	338	5
1525599188	20436	63.878	12.827	338	1
1525599188	20540	63.99	12.777	338	17
1525599188	20590	63.992	12.689	338	5
1525599188	20640	63.992	12.638	338	3
1525599188	20692	63.992	12.638	338	21
1525599188	20744	63.992	12.582	338	3
1525599188	20795	63.992	12.714	338	9
1525599189	19916	64.221	12.229	338	17
1525599189	19996	64.221	12.179	338	17
1525599189	19956	64.221	12.229	338	1
1525599189	20080	64.221	12.191	338	17
1525599189	20037	64.221	12.229	338	17
1525599189	20125	64.221	12.236	338	21
1525599189	20174	64.221	12.191	338	9
1525599189	20260	64.221	12.185	338	13
1525599189	20217	64.221	12.191	338	13
1525599189	20310	64.221	12.147	338	9
1525599189	20351	64.221	12.179	338	1
1525599189	20397	64.221	12.135	338	3
1525599189	20446	64.221	12.091	338	3
1525599189	20502	64.221	12.091	338	7
1525599189	20553	64.221	12.097	338	5
1525599189	20603	64.221	12.091	338	7
1525599189	20701	64.335	12.236	338	1
1525599189	20648	64.335	12.236	338	8
1525599189	20754	64.335	12.248	338	11
1525599189	20802	64.335	12.242	338	17
1525599190	19884	63.883	12.582	338	5
1525599190	19924	63.883	12.576	338	9
1525599190	19964	63.883	12.708	338	3
1525599190	20045	63.883	12.708	338	1
1525599190	20005	63.883	12.664	338	16
1525599190	20090	63.883	12.714	338	1
1525599190	20135	63.883	12.714	338	7
1525599190	20227	63.883	12.708	338	1
1525599190	20182	63.883	12.714	338	9
1525599190	20272	63.883	12.664	338	9
1525599190	20319	63.883	12.702	338	5
1525599190	20358	63.883	12.708	338	15
1525599190	20404	63.883	12.62	338	7
1525599190	20511	63.883	12.708	338	13
1525599190	20453	63.995	12.708	338	7
1525599190	20560	63.995	12.708	338	1
1525599190	20613	63.995	12.569	338	19
1525599190	20659	63.995	12.557	338	9
1525599190	20709	63.996	12.513	338	1
1525599190	20764	64.11	12.513	338	7
1525599191	19892	64.226	12.115	338	3
1525599191	19932	64.226	12.077	338	1
1525599191	20013	64.226	12.115	338	8
1525599191	19972	64.226	12.115	338	1
1525599191	20056	64.226	12.159	338	5
1525599191	20098	64.226	12.159	338	7
1525599191	20193	64.226	12.109	338	1
1525599191	20142	64.226	12.109	338	3
1525599191	20236	64.226	12.109	338	10
1525599191	20279	64.226	12.115	338	21
1525599191	20330	64.226	12.115	338	5
1525599191	20520	64.323	12.109	338	1
1525599191	20366	64.339	12.159	338	4
1525599191	20416	64.339	12.159	338	13
1525599191	20465	64.226	12.115	338	7
1525599191	20570	64.339	12.248	338	1
1525599191	20625	64.339	12.305	338	1
1525599191	20673	64.339	12.267	338	1
1525599191	20719	64.339	12.361	338	1
1525599191	20773	64.339	12.355	338	1
1525599192	19899	64	12.55	338	11
1525599192	19981	64	12.638	338	1
1525599192	20020	64	12.645	338	13
1525599192	19938	64	12.55	338	21
1525599192	20064	64	12.651	338	3
1525599192	20110	64	12.651	338	1
1525599192	20153	64	12.689	338	1
1525599192	20201	64	12.645	338	5
1525599192	20243	64	12.651	338	3
1525599192	20289	64	12.645	338	21
1525599192	20336	64	12.645	338	9
1525599192	20425	64	12.645	338	25
1525599192	20483	64	12.601	338	1
1525599192	20380	64	12.601	338	1
1525599192	20578	64.113	12.645	338	9
1525599192	20531	64.113	12.601	338	1
1525599192	20681	64.113	12.456	338	1
1525599192	20735	64.113	12.456	338	1
1525599192	20633	64.113	12.494	338	4
1525599192	20785	64.113	12.544	338	5
1525599193	19908	64.344	11.875	338	8
1525599193	19949	64.344	11.869	338	3
1525599193	19989	64.344	11.83	338	1
1525599193	20028	64.344	11.824	338	1
1525599193	20072	64.344	11.824	338	7
1525599193	20119	64.344	11.869	338	1
1525599193	20165	64.344	11.818	338	5
1525599193	20251	64.344	11.863	338	13
1525599193	20299	64.344	11.818	338	1
1525599193	20210	64.344	11.863	338	7
1525599193	20388	64.344	11.818	338	3
1525599193	20436	64.344	11.818	338	1
1525599193	20344	64.344	11.78	338	21
1525599193	20493	64.344	11.857	338	5
1525599193	20540	64.447	11.907	338	17
1525599193	20590	64.457	11.964	338	5
1525599193	20692	64.457	12.052	338	21
1525599193	20640	64.457	12.052	338	3
1525599193	20744	64.457	12.065	338	3
1525599193	20795	64.464	11.976	339	9
1525599194	19956	63.89	12.367	338	1
1525599194	19916	63.89	12.412	338	17
1525599194	19996	63.89	12.374	338	17
1525599194	20037	63.89	12.418	338	17
1525599194	20080	63.89	12.418	338	17
1525599194	20125	63.89	12.367	338	21
1525599194	20174	63.89	12.367	338	9
1525599194	20260	63.89	12.367	338	13
1525599194	20217	63.89	12.361	338	13
1525599194	20310	63.89	12.361	338	9
1525599194	20351	63.89	12.329	338	1
1525599194	20397	63.89	12.418	338	3
1525599194	20446	63.89	12.513	338	3
1525599194	20502	63.89	12.513	338	7
1525599194	20553	64.002	12.468	338	5
1525599194	20603	64.002	12.424	338	7
1525599194	20648	64.002	12.412	338	8
1525599194	20701	64.002	12.367	338	1
1525599194	20802	64.004	12.513	338	17
1525599194	20754	64.004	12.506	338	11
1525599195	19884	64.226	12.046	338	5
1525599195	19964	64.226	11.919	338	3
1525599195	19924	64.226	12.046	338	9
1525599195	20045	64.226	11.958	338	1
1525599195	20090	64.226	11.958	338	1
1525599195	20005	64.226	11.964	338	16
1525599195	20135	64.226	11.907	338	7
1525599195	20227	64.226	11.913	338	1
1525599195	20182	64.226	11.869	338	9
1525599195	20272	64.226	11.869	338	9
1525599195	20358	64.226	11.869	338	11
1525599195	20319	64.226	11.875	338	5
1525599195	20404	64.226	11.875	338	6
1525599195	20511	64.226	11.83	338	13
1525599195	20453	64.338	11.818	338	7
1525599195	20560	64.338	11.824	338	1
1525599195	20613	64.338	11.97	338	19
1525599195	20709	64.338	11.976	338	1
1525599195	20659	64.338	12.02	338	9
1525599195	20764	64.338	12.115	338	7
1525599196	19972	64	12.336	338	1
1525599196	19932	64	12.418	338	1
1525599196	19892	64	12.329	338	3
1525599196	20013	63.999	12.38	338	8
1525599196	20056	63.999	12.241	338	5
1525599196	20098	63.999	12.285	338	6
1525599196	20193	63.999	12.285	338	1
1525599196	20142	63.999	12.285	338	3
1525599196	20236	63.999	12.291	338	9
1525599196	20279	63.999	12.279	338	21
1525599196	20330	63.999	12.235	338	5
1525599196	20520	63.999	12.285	338	1
1525599196	20465	63.999	12.279	338	7
1525599196	20366	64.113	12.241	338	4
1525599196	20416	64.113	12.241	338	13
1525599196	20570	64.113	12.146	338	1
1525599196	20625	64.113	12.14	338	1
1525599196	20673	64.113	12.178	338	1
1525599196	20719	64.113	12.038	338	1
1525599196	20773	64.226	12.038	338	1
1525599197	19899	64.342	11.437	338	11
1525599197	19981	64.342	11.392	338	1
1525599197	20020	64.342	11.348	338	13
1525599197	19938	64.342	11.488	338	21
1525599197	20110	64.342	11.291	338	1
1525599197	20064	64.342	11.297	338	1
1525599197	20201	64.342	11.387	338	5
1525599197	20289	64.342	11.431	338	21
1525599197	20243	64.342	11.431	338	3
1525599197	20153	64.342	11.291	338	1
1525599197	20336	64.342	11.437	338	9
1525599197	20380	64.342	11.387	338	1
1525599197	20483	64.342	11.431	338	1
1525599197	20425	64.342	11.381	338	25
1525599197	20531	64.45	11.437	338	1
1525599197	20578	64.441	11.437	338	9
1525599197	20681	64.458	11.583	338	1
1525599197	20633	64.458	11.538	338	3
1525599197	20735	64.458	11.533	338	1
1525599197	20785	64.458	11.482	338	5
1525599198	19908	63.893	12.204	338	8
1525599198	19949	63.893	12.204	338	3
1525599198	19989	63.893	12.254	338	1
1525599198	20028	63.893	12.21	338	1
1525599198	20072	63.893	12.21	338	7
1525599198	20119	63.893	12.26	338	1
1525599198	20165	63.893	12.298	338	5
1525599198	20251	63.893	12.254	338	13
1525599198	20299	63.893	12.298	338	1
1525599198	20210	63.893	12.254	338	7
1525599198	20436	63.893	12.298	338	1
1525599198	20388	63.893	12.298	338	3
1525599198	20493	63.893	12.305	338	5
1525599198	20344	63.893	12.298	338	21
1525599198	20540	64.005	12.254	338	17
1525599198	20590	64.005	12.198	338	5
1525599198	20640	64.005	12.109	338	3
1525599198	20692	64.005	12.103	338	21
1525599198	20795	64.005	12.103	338	9
1525599198	20744	64.005	12.097	338	3
1525599199	19916	64.233	11.762	338	17
1525599199	19996	64.233	11.889	338	17
1525599199	19956	64.233	11.806	338	1
1525599199	20037	64.233	11.756	338	16
1525599199	20080	64.233	11.75	338	17
1525599199	20174	64.233	11.895	338	9
1525599199	20125	64.233	11.895	338	21
1525599199	20260	64.233	11.851	338	13
1525599199	20217	64.233	11.857	338	13
1525599199	20310	64.233	11.901	338	9
1525599199	20397	64.233	11.8	338	3
1525599199	20351	64.233	11.895	338	1
1525599199	20446	64.233	11.756	338	3
1525599199	20502	64.233	11.756	338	7
1525599199	20553	64.348	11.845	338	5
1525599199	20603	64.348	11.851	338	7
1525599199	20701	64.348	11.996	338	1
1525599199	20648	64.348	11.952	338	8
1525599199	20754	64.35	11.812	338	11
1525599199	20802	64.35	11.806	338	17
1525599200	19964	63.894	12.418	338	3
1525599200	20045	63.894	12.38	338	1
1525599200	19884	63.894	12.425	338	5
1525599200	19924	63.894	12.425	338	9
1525599200	20005	63.894	12.425	338	16
1525599200	20090	63.894	12.431	338	1
1525599200	20135	63.894	12.475	338	7
1525599200	20227	63.894	12.469	338	1
1525599200	20182	63.894	12.469	338	9
1525599200	20272	63.894	12.519	338	9
1525599200	20319	63.894	12.513	338	5
1525599200	20358	63.894	12.519	338	10
1525599200	20404	63.894	12.513	338	6
1525599200	20511	63.894	12.513	338	13
1525599200	20453	64	12.475	338	7
1525599200	20560	64.005	12.475	338	1
1525599200	20613	64.005	12.412	338	19
1525599200	20659	64.005	12.368	338	9
1525599200	20709	64.005	12.362	338	1
1525599200	20764	64.005	12.362	338	7
1525599201	19972	64.234	12.01	338	1
1525599201	19932	64.234	12.01	338	1
1525599201	19892	64.234	12.054	338	3
1525599201	20013	64.234	11.966	338	8
1525599201	20056	64.234	12.01	338	5
1525599201	20098	64.234	12.01	338	6
1525599201	20193	64.234	12.016	338	1
1525599201	20142	64.234	12.01	338	3
1525599201	20236	64.234	12.01	338	9
1525599201	20279	64.234	11.978	338	21
1525599201	20330	64.234	12.06	338	5
1525599201	20465	64.234	12.016	338	7
1525599201	20520	64.234	12.016	338	1
1525599201	20366	64.347	12.016	338	4
1525599201	20416	64.347	12.016	338	13
1525599201	20570	64.349	12.111	338	1
1525599201	20673	64.349	12.072	338	1
1525599201	20625	64.349	12.111	338	1
1525599201	20773	64.349	12.173	338	1
1525599201	20719	64.349	12.167	338	1
1525599202	19899	63.891	12.67	338	11
1525599202	19938	63.891	12.663	338	21
1525599202	19981	63.891	12.714	338	1
1525599202	20020	63.891	12.707	338	13
1525599202	20110	63.891	12.72	338	1
1525599202	20064	63.891	12.714	338	1
1525599202	20153	63.891	12.764	338	1
1525599202	20201	63.891	12.663	338	5
1525599202	20243	63.891	12.657	338	3
1525599202	20289	63.891	12.619	338	21
1525599202	20336	63.891	12.613	338	9
1525599202	20483	63.891	12.626	338	1
1525599202	20425	63.891	12.714	338	25
1525599202	20380	63.891	12.67	338	1
1525599202	20578	64.001	12.619	338	9
1525599202	20531	64.001	12.575	338	1
1525599202	20681	64.001	12.469	338	1
1525599202	20633	64.001	12.513	338	3
1525599202	20735	64.001	12.475	338	1
1525599202	20785	64.115	12.513	338	5
1525599203	19949	64.232	12.167	338	3
1525599203	19908	64.232	12.211	338	6
1525599203	19989	64.232	12.161	338	1
1525599203	20072	64.232	12.205	338	7
1525599203	20028	64.232	12.205	338	1
1525599203	20119	64.232	12.161	338	1
1525599203	20165	64.232	12.117	338	5
1525599203	20251	64.232	12.161	338	13
1525599203	20299	64.232	12.111	338	1
1525599203	20210	64.232	12.117	338	7
1525599203	20344	64.232	12.111	338	21
1525599203	20388	64.232	12.117	338	3
1525599203	20436	64.232	12.117	338	1
1525599203	20493	64.234	12.117	338	5
1525599203	20540	64.348	12.117	338	17
1525599203	20590	64.35	12.211	338	5
1525599203	20692	64.35	12.267	338	21
1525599203	20640	64.35	12.261	338	3
1525599203	20744	64.35	12.318	338	3
1525599203	20795	64.35	12.267	338	9
1525599204	19916	63.896	12.707	338	17
1525599204	19956	63.896	12.707	338	1
1525599204	19996	63.896	12.619	338	17
1525599204	20037	63.896	12.67	338	16
1525599204	20080	63.896	12.67	338	17
1525599204	20125	63.896	12.575	338	21
1525599204	20174	63.896	12.575	338	9
1525599204	20260	63.896	12.619	338	13
1525599204	20217	63.896	12.619	338	13
1525599204	20310	63.896	12.613	338	9
1525599204	20351	63.896	12.569	338	1
1525599204	20397	63.896	12.619	338	3
1525599204	20446	63.896	12.619	338	3
1525599204	20502	63.896	12.619	338	7
1525599204	20603	64.007	12.569	338	7
1525599204	20553	64.007	12.575	338	5
1525599204	20701	64.007	12.387	338	1
1525599204	20648	64.007	12.38	338	7
1525599204	20754	64.122	12.368	338	11
1525599204	20802	64.122	12.374	338	17
1525599205	19924	64.232	11.631	338	9
1525599205	19964	64.232	11.637	338	3
1525599205	20045	64.232	11.548	338	1
1525599205	19884	64.232	11.548	338	5
1525599205	20005	64.232	11.542	338	16
1525599205	20090	64.232	11.537	338	1
1525599205	20135	64.232	11.492	338	7
1525599205	20182	64.232	11.492	338	9
1525599205	20227	64.232	11.447	338	1
1525599205	20272	64.232	11.447	338	9
1525599205	20319	64.232	11.447	338	5
1525599205	20358	64.232	11.447	338	10
1525599205	20404	64.232	11.492	338	6
1525599205	20511	64.232	11.447	338	13
1525599205	20453	64.268	11.447	338	7
1525599205	20560	64.318	11.442	338	1
1525599205	20613	64.344	11.504	338	19
1525599205	20659	64.344	11.548	338	9
1525599205	20709	64.344	11.593	338	1
1525599205	20764	64.344	11.504	338	7
1525599206	19892	63.893	12.046	338	3
1525599206	19972	63.893	12.04	338	1
1525599206	19932	63.893	12.04	338	1
1525599206	20013	63.893	12.091	338	8
1525599206	20056	63.893	12.135	338	5
1525599206	20098	63.893	12.135	338	6
1525599206	20142	63.893	12.135	338	3
1525599206	20193	63.893	12.129	338	1
1525599206	20236	63.893	12.129	338	9
1525599206	20279	63.893	12.079	338	21
1525599206	20330	63.893	12.079	338	5
1525599206	20465	63.893	12.173	338	7
1525599206	20520	63.893	12.129	338	1
1525599206	20416	64.004	12.079	338	13
1525599206	20366	64.004	12.079	338	4
1525599206	20570	64.004	12.034	338	1
1525599206	20625	64.004	12.034	338	1
1525599206	20673	64.004	12.028	338	1
1525599206	20719	64.004	11.934	338	1
1525599206	20773	64.115	11.877	338	1
1525599207	19938	64.234	11.75	338	21
1525599207	19899	64.234	11.788	338	11
1525599207	19981	64.234	11.788	338	1
1525599207	20064	64.234	11.839	338	1
1525599207	20020	64.234	11.788	338	13
1525599207	20110	64.234	11.839	338	1
1525599207	20153	64.234	11.883	338	1
1525599207	20201	64.234	11.883	338	5
1525599207	20243	64.234	11.806	338	3
1525599207	20289	64.234	11.845	338	21
1525599207	20336	64.234	11.845	338	7
1525599207	20483	64.234	11.839	338	1
1525599207	20425	64.234	11.794	338	25
1525599207	20380	64.234	11.877	338	1
1525599207	20578	64.338	11.788	338	9
1525599207	20531	64.347	11.877	338	1
1525599207	20681	64.349	12.028	338	1
1525599207	20633	64.349	11.984	338	3
1525599207	20735	64.349	12.034	338	1
1525599207	20785	64.349	11.996	338	5
1525599208	19908	63.898	12.248	338	5
1525599208	19949	63.898	12.292	338	3
1525599208	19989	63.898	12.248	338	1
1525599208	20028	63.899	12.254	338	1
1525599208	20072	63.899	12.254	338	7
1525599208	20119	63.899	12.248	338	1
1525599208	20165	63.899	12.298	338	1
1525599208	20251	63.899	12.298	338	13
1525599208	20299	63.899	12.349	338	1
1525599208	20210	63.899	12.343	338	7
1525599208	20344	63.899	12.437	338	21
1525599208	20436	63.899	12.393	338	1
1525599208	20388	63.899	12.349	338	3
1525599208	20493	63.899	12.349	338	5
1525599208	20540	64.012	12.349	338	17
1525599208	20590	64.012	12.248	338	5
1525599208	20640	64.012	12.248	338	3
1525599208	20692	64.012	12.242	338	21
1525599208	20744	64.012	12.147	338	3
1525599208	20795	64.012	12.236	338	9
1525599209	19916	64.242	11.694	338	17
1525599209	19996	64.242	11.694	338	17
1525599209	19956	64.242	11.688	338	1
1525599209	20037	64.242	11.637	338	13
1525599209	20080	64.242	11.643	338	17
1525599209	20125	64.242	11.782	338	20
1525599209	20174	64.242	11.738	338	9
1525599209	20260	64.242	11.738	338	12
1525599209	20217	64.242	11.738	338	13
1525599209	20310	64.242	11.738	338	9
1525599209	20351	64.242	11.782	338	1
1525599209	20397	64.242	11.738	338	3
1525599209	20446	64.242	11.732	338	3
1525599209	20502	64.242	11.732	338	7
1525599209	20553	64.356	11.777	338	5
1525599209	20603	64.356	11.782	338	7
1525599209	20701	64.358	11.922	338	1
1525599209	20648	64.358	11.928	338	7
1525599209	20754	64.358	11.978	338	11
1525599209	20802	64.358	11.978	338	17
1525599210	19964	63.907	12.481	338	3
1525599210	20045	63.907	12.563	338	1
1525599210	19884	63.907	12.563	338	5
1525599210	19924	63.907	12.487	338	9
1525599210	20005	63.907	12.569	338	15
1525599210	20090	63.907	12.575	338	1
1525599210	20135	63.907	12.626	338	7
1525599210	20227	63.907	12.67	338	1
1525599210	20182	63.907	12.663	338	9
1525599210	20272	63.907	12.619	338	9
1525599210	20319	63.907	12.619	338	5
1525599210	20358	63.907	12.619	338	10
1525599210	20404	63.907	12.619	338	6
1525599210	20511	63.907	12.663	338	13
1525599210	20453	64.009	12.663	338	7
1525599210	20560	64.018	12.67	338	1
1525599210	20613	64.018	12.657	338	19
1525599210	20659	64.018	12.613	338	9
1525599210	20709	64.018	12.569	338	1
1525599210	20764	64.018	12.72	338	7
1525599211	19892	64.245	12.135	338	3
1525599211	19972	64.245	12.185	338	1
1525599211	19932	64.245	12.185	338	1
1525599211	20013	64.245	12.179	338	8
1525599211	20056	64.245	12.179	338	5
1525599211	20098	64.245	12.141	338	6
1525599211	20142	64.245	12.185	338	3
1525599211	20193	64.245	12.185	338	1
1525599211	20236	64.245	12.185	338	9
1525599211	20279	64.245	12.229	338	21
1525599211	20330	64.245	12.191	338	1
1525599211	20465	64.245	12.141	338	7
1525599211	20520	64.36	12.185	338	1
1525599211	20366	64.361	12.147	338	4
1525599211	20570	64.361	12.141	338	1
1525599211	20416	64.361	12.185	338	13
1525599211	20625	64.361	12.236	338	1
1525599211	20673	64.361	12.242	338	1
1525599211	20719	64.361	12.336	338	1
1525599211	20773	64.361	12.431	338	1
1525599212	19899	63.908	12.531	338	11
1525599212	19938	63.908	12.569	338	21
1525599212	19981	63.908	12.487	338	1
1525599212	20020	63.908	12.531	338	10
1525599212	20064	63.908	12.519	338	1
1525599212	20110	63.908	12.519	338	1
1525599212	20153	63.908	12.437	338	1
1525599212	20201	63.908	12.443	338	5
1525599212	20289	63.908	12.525	338	21
1525599212	20243	63.908	12.525	338	3
1525599212	20336	63.908	12.481	338	6
1525599212	20483	63.908	12.481	338	1
1525599212	20425	63.908	12.481	338	25
1525599212	20380	63.908	12.443	338	1
1525599212	20578	64.016	12.531	338	9
1525599212	20531	64.016	12.481	338	1
1525599212	20633	64.016	12.387	338	3
1525599212	20681	64.016	12.336	338	1
1525599212	20735	64.019	12.286	338	1
1525599212	20785	64.13	12.236	338	1
1525599213	19908	64.248	11.655	338	5
1525599213	19949	64.248	11.604	338	3
1525599213	19989	64.248	11.694	338	1
1525599213	20028	64.248	11.649	338	1
1525599213	20072	64.248	11.649	338	7
1525599213	20119	64.248	11.649	338	1
1525599213	20165	64.248	11.604	338	1
1525599213	20251	64.248	11.599	338	13
1525599213	20299	64.248	11.554	338	1
1525599213	20210	64.248	11.599	338	7
1525599213	20388	64.248	11.554	338	3
1525599213	20436	64.248	11.509	338	1
1525599213	20344	64.248	11.465	338	19
1525599213	20493	64.248	11.548	338	5
1525599213	20540	64.361	11.554	338	17
1525599213	20590	64.362	11.655	338	5
1525599213	20640	64.362	11.655	338	1
1525599213	20692	64.362	11.655	338	21
1525599213	20744	64.362	11.75	338	3
1525599213	20795	64.362	11.75	338	9
1525599214	19956	63.912	12.032	338	1
1525599214	19916	63.912	12.071	338	17
1525599214	19996	63.912	12.032	338	17
1525599214	20037	63.912	12.172	338	12
1525599214	20080	63.912	12.166	338	17
1525599214	20125	63.912	12.02	338	17
1525599214	20174	63.912	12.02	338	9
1525599214	20217	63.912	11.931	338	13
1525599214	20310	63.912	11.982	338	9
1525599214	20260	63.912	11.931	338	10
1525599214	20351	63.912	11.982	338	1
1525599214	20397	63.912	11.982	338	3
1525599214	20446	63.912	12.026	338	3
1525599214	20502	63.912	12.026	338	7
1525599214	20553	64.023	11.982	338	5
1525599214	20603	64.023	11.976	338	7
1525599214	20701	64.023	11.875	338	1
1525599214	20648	64.023	11.875	338	7
1525599214	20802	64.023	12.032	338	17
1525599214	20754	64.023	12.032	338	11
1525599215	19884	64.254	11.735	338	5
1525599215	19924	64.254	11.729	338	9
1525599215	19964	64.254	11.735	338	3
1525599215	20045	64.254	11.735	338	1
1525599215	20005	64.254	11.735	338	12
1525599215	20090	64.254	11.729	338	1
1525599215	20135	64.254	11.678	338	7
1525599215	20182	64.254	11.634	338	9
1525599215	20227	64.254	11.634	338	1
1525599215	20272	64.254	11.673	338	9
1525599215	20319	64.254	11.678	338	5
1525599215	20358	64.254	11.678	338	10
1525599215	20511	64.25	11.729	338	13
1525599215	20404	64.25	11.729	338	6
1525599215	20453	64.361	11.729	338	7
1525599215	20560	64.362	11.729	338	1
1525599215	20613	64.364	11.69	338	17
1525599215	20659	64.364	11.735	338	7
1525599215	20709	64.364	11.786	338	1
1525599215	20764	64.364	11.628	338	7
1525599216	19892	64.024	12.254	338	3
1525599216	19932	64.024	12.21	338	1
1525599216	20013	64.024	12.166	338	7
1525599216	19972	64.024	12.21	338	1
1525599216	20056	64.024	12.216	338	5
1525599216	20098	64.024	12.21	338	6
1525599216	20142	64.024	12.166	338	3
1525599216	20193	64.024	12.172	338	1
1525599216	20236	64.024	12.216	338	9
1525599216	20279	64.024	12.172	338	21
1525599216	20330	64.024	12.172	338	1
1525599216	20465	64.024	12.121	338	7
1525599216	20520	64.024	12.121	338	1
1525599216	20366	64.136	12.21	338	4
1525599216	20416	64.136	12.172	338	13
1525599216	20570	64.136	12.216	338	1
1525599216	20625	64.136	12.026	338	1
1525599216	20673	64.136	12.065	338	1
1525599216	20719	64.136	12.014	338	1
1525599216	20773	64.251	11.931	338	1
1525599217	19899	64.363	11.61	338	11
1525599217	19938	64.363	11.61	338	21
1525599217	19981	64.363	11.655	338	1
1525599217	20020	64.363	11.566	338	10
1525599217	20064	64.363	11.616	338	1
1525599217	20110	64.363	11.616	338	1
1525599217	20153	64.363	11.61	338	1
1525599217	20201	64.363	11.649	338	5
1525599217	20289	64.363	11.56	338	21
1525599217	20243	64.363	11.56	338	1
1525599217	20336	64.363	11.655	338	5
1525599217	20483	64.363	11.699	338	1
1525599217	20425	64.363	11.705	338	25
1525599217	20380	64.478	11.744	338	1
1525599217	20531	64.479	11.616	338	1
1525599217	20578	64.479	11.655	338	9
1525599217	20681	64.479	11.756	338	1
1525599217	20633	64.479	11.711	338	3
1525599217	20735	64.479	11.851	338	1
1525599217	20785	64.482	11.851	338	1
1525599218	19908	64.019	12.5	338	4
1525599218	19949	64.019	12.55	338	3
1525599218	19989	64.019	12.55	338	1
1525599218	20072	64.019	12.55	338	7
1525599218	20119	64.019	12.594	338	1
1525599218	20028	64.019	12.55	338	1
1525599218	20165	64.019	12.594	338	1
1525599218	20251	64.019	12.645	338	13
1525599218	20299	64.019	12.638	338	1
1525599218	20210	64.019	12.55	338	7
1525599218	20344	64.019	12.638	338	14
1525599218	20436	64.019	12.682	338	1
1525599218	20493	64.019	12.645	338	5
1525599218	20388	64.019	12.638	338	3
1525599218	20540	64.13	12.594	338	17
1525599218	20590	64.13	12.5	338	5
1525599218	20640	64.13	12.544	338	1
1525599218	20692	64.13	12.55	338	21
1525599218	20744	64.13	12.5	338	3
1525599218	20795	64.245	12.5	338	9
1525599219	19916	64.361	12.135	338	17
1525599219	19996	64.361	12.129	338	17
1525599219	19956	64.361	12.129	338	1
1525599219	20037	64.361	12.091	338	12
1525599219	20080	64.361	12.091	338	17
1525599219	20125	64.361	12.179	338	15
1525599219	20174	64.361	12.135	338	9
1525599219	20260	64.361	12.223	338	3
1525599219	20217	64.361	12.223	338	13
1525599219	20310	64.361	12.135	338	9
1525599219	20351	64.361	12.135	338	1
1525599219	20397	64.361	12.135	338	3
1525599219	20502	64.361	12.135	338	7
1525599219	20446	64.361	12.135	338	3
1525599219	20553	64.474	12.135	338	5
1525599219	20603	64.474	12.185	338	7
1525599219	20648	64.477	12.368	338	2
1525599219	20701	64.477	12.33	338	1
1525599219	20754	64.477	12.173	338	11
1525599219	20802	64.477	12.173	338	17
1525599220	20045	63.918	12.638	338	1
1525599220	19924	63.918	12.638	338	9
1525599220	19964	63.918	12.676	338	3
1525599220	19884	63.918	12.632	338	5
1525599220	20005	63.918	12.676	338	3
1525599220	20090	63.918	12.72	338	1
1525599220	20135	63.918	12.72	338	7
1525599220	20227	63.918	12.72	338	1
1525599220	20182	63.918	12.726	338	9
1525599220	20272	63.918	12.689	338	9
1525599220	20319	63.918	12.682	338	5
1525599220	20358	63.918	12.676	338	10
1525599220	20404	63.918	12.626	338	6
1525599220	20511	63.918	12.582	338	9
1525599220	20453	64.024	12.626	338	7
1525599220	20560	64.031	12.619	338	1
1525599220	20613	64.031	12.619	338	7
1525599220	20659	64.031	12.613	338	2
1525599220	20709	64.031	12.569	338	1
1525599220	20764	64.031	12.626	338	7
1525599221	19892	64.263	12.115	338	3
1525599221	19972	64.263	12.109	338	1
1525599221	19932	64.263	12.109	338	1
1525599221	20013	64.263	12.204	338	1
1525599221	20056	64.263	12.153	338	5
1525599221	20098	64.263	12.204	338	6
1525599221	20142	64.263	12.198	338	3
1525599221	20193	64.263	12.198	338	1
1525599221	20236	64.263	12.153	338	9
1525599221	20279	64.263	12.198	338	21
1525599221	20330	64.263	12.236	338	1
1525599221	20465	64.263	12.286	338	7
1525599221	20366	64.378	12.198	338	4
1525599221	20570	64.378	12.242	338	1
1525599221	20416	64.378	12.198	338	13
1525599221	20520	64.263	12.198	338	1
1525599221	20625	64.378	12.38	338	1
1525599221	20673	64.378	12.387	338	1
1525599221	20719	64.379	12.437	338	1
1525599221	20773	64.379	12.431	338	1
1525599222	19899	63.923	12.89	338	11
1525599222	19981	63.923	12.89	338	1
1525599222	19938	63.923	12.89	338	21
1525599222	20020	63.923	12.934	338	1
1525599222	20110	63.923	12.846	338	1
1525599222	20064	63.923	12.846	338	1
1525599222	20153	63.923	12.846	338	1
1525599222	20201	63.923	12.809	338	5
1525599222	20243	63.923	12.846	338	1
1525599222	20289	63.923	12.846	338	19
1525599222	20336	63.923	12.796	338	1
1525599222	20380	64.029	12.708	338	1
1525599222	20425	63.923	12.752	338	25
1525599222	20483	63.923	12.758	338	1
1525599222	20578	64.037	12.746	338	9
1525599222	20531	64.037	12.746	338	1
1525599222	20633	64.037	12.651	338	3
1525599222	20681	64.037	12.614	338	1
1525599222	20735	64.037	12.557	338	1
1525599222	20785	64.15	12.645	338	1
1525599223	19908	64.266	11.907	338	1
1525599223	19949	64.266	11.907	338	3
1525599223	19989	64.266	11.818	338	1
1525599223	20028	64.266	11.895	338	1
1525599223	20072	64.266	11.812	338	7
1525599223	20119	64.266	11.812	338	1
1525599223	20165	64.266	11.812	338	1
1525599223	20251	64.266	11.762	338	7
1525599223	20299	64.266	11.768	338	1
1525599223	20210	64.266	11.857	338	7
1525599223	20388	64.266	11.768	338	3
1525599223	20344	64.266	11.768	338	3
1525599223	20493	64.266	11.762	338	5
1525599223	20436	64.266	11.806	338	1
1525599223	20540	64.38	11.768	338	17
1525599223	20590	64.38	11.812	338	5
1525599223	20692	64.38	11.762	338	21
1525599223	20640	64.38	11.768	338	1
1525599223	20744	64.38	11.768	338	3
1525599223	20795	64.38	11.723	338	9
1525599224	19916	64.035	12.412	338	17
1525599224	19956	64.035	12.462	338	1
1525599224	19996	64.035	12.462	338	17
1525599224	20037	64.035	12.45	338	1
1525599224	20080	64.035	12.456	338	17
1525599224	20125	64.035	12.412	338	1
1525599224	20174	64.035	12.412	338	9
1525599224	20260	64.035	12.367	338	1
1525599224	20217	64.035	12.361	338	13
1525599224	20310	64.035	12.405	338	9
1525599224	20397	64.035	12.45	338	3
1525599224	20351	64.035	12.405	338	1
1525599224	20446	64.035	12.405	338	3
1525599224	20502	64.035	12.405	338	7
1525599224	20553	64.147	12.405	338	5
1525599224	20603	64.147	12.355	338	7
1525599224	20648	64.147	12.172	338	1
1525599224	20701	64.147	12.166	338	1
1525599224	20754	64.147	12.361	338	11
1525599224	20802	64.147	12.361	338	15
1525599225	19924	64.371	11.655	338	9
1525599225	19964	64.371	11.616	338	3
1525599225	19884	64.371	11.661	338	5
1525599225	20045	64.371	11.61	338	1
1525599225	20005	64.371	11.566	338	1
1525599225	20090	64.371	11.527	338	1
1525599225	20135	64.371	11.527	338	7
1525599225	20182	64.371	11.482	338	9
1525599225	20227	64.371	11.527	338	1
1525599225	20272	64.371	11.566	338	9
1525599225	20319	64.371	11.521	338	5
1525599225	20358	64.371	11.527	338	10
1525599225	20404	64.371	11.577	338	6
1525599225	20511	64.371	11.622	338	3
1525599225	20453	64.485	11.577	338	7
1525599225	20560	64.485	11.577	338	1
1525599225	20659	64.485	11.628	338	1
1525599225	20613	64.485	11.577	338	1
1525599225	20709	64.485	11.628	338	1
1525599225	20764	64.485	11.572	338	7
1525599226	19972	64.031	11.863	337	1
1525599226	19932	64.031	11.863	337	1
1525599226	19892	64.031	11.857	337	3
1525599226	20013	64.031	11.857	337	1
1525599226	20056	64.032	11.851	337	5
1525599226	20098	64.032	11.806	337	6
1525599226	20142	64.032	11.806	337	3
1525599226	20193	64.032	11.806	337	1
1525599226	20236	64.032	11.806	337	9
1525599226	20279	64.032	11.768	337	21
1525599226	20330	64.032	11.762	337	1
1525599226	20465	64.032	11.723	337	7
1525599226	20520	64.039	11.857	337	1
1525599226	20416	64.143	11.806	337	13
1525599226	20366	64.143	11.806	337	4
1525599226	20570	64.143	11.756	337	1
1525599226	20625	64.143	11.622	337	1
1525599226	20673	64.143	11.616	337	1
1525599226	20719	64.143	11.521	337	1
1525599226	20773	64.257	11.655	337	1
1525599227	19899	64.371	11.212	337	11
1525599227	19938	64.371	11.173	337	17
1525599227	19981	64.371	11.167	337	1
1525599227	20020	64.371	11.218	337	1
1525599227	20064	64.371	11.268	337	1
1525599227	20110	64.371	11.257	337	1
1525599227	20153	64.371	11.218	337	1
1525599227	20201	64.371	11.263	337	5
1525599227	20289	64.371	11.313	337	13
1525599227	20243	64.371	11.313	337	1
1525599227	20336	64.371	11.268	337	1
1525599227	20483	64.371	11.263	337	1
1525599227	20425	64.371	11.263	337	19
1525599227	20380	64.371	11.313	337	1
1525599227	20578	64.483	11.319	337	9
1525599227	20531	64.483	11.319	337	1
1525599227	20681	64.483	11.364	337	1
1525599227	20633	64.483	11.414	337	3
1525599227	20735	64.483	11.414	337	1
1525599227	20785	64.483	11.375	337	1
1525599228	19908	63.91	12.014	337	1
1525599228	19949	63.91	12.014	337	3
1525599228	20028	63.91	11.976	337	1
1525599228	20072	63.91	12.065	337	7
1525599228	19989	63.91	12.103	337	1
1525599228	20119	63.91	12.065	337	1
1525599228	20165	63.91	12.065	337	1
1525599228	20251	63.91	12.071	337	3
1525599228	20299	63.91	12.065	337	1
1525599228	20210	63.91	12.026	337	7
1525599228	20388	63.91	12.065	337	3
1525599228	20344	63.91	12.153	337	1
1525599228	20436	63.91	12.026	337	1
1525599228	20493	63.91	12.071	337	5
1525599228	20540	64.025	12.153	337	17
1525599228	20590	64.025	12.065	337	5
1525599228	20640	64.025	12.059	337	1
1525599228	20692	64.025	12.065	337	21
1525599228	20744	64.138	12.103	337	3
1525599228	20795	64.14	12.008	337	9
1525599229	19916	64.257	11.492	337	14
1525599229	19956	64.257	11.447	337	1
1525599229	19996	64.257	11.447	337	14
1525599229	20037	64.257	11.453	337	1
1525599229	20080	64.257	11.447	337	13
1525599229	20125	64.257	11.453	337	1
1525599229	20174	64.257	11.492	337	9
1525599229	20260	64.257	11.537	337	1
1525599229	20217	64.257	11.542	337	10
1525599229	20310	64.257	11.492	337	9
1525599229	20351	64.257	11.492	337	1
1525599229	20397	64.257	11.442	337	3
1525599229	20502	64.257	11.442	337	7
1525599229	20446	64.257	11.486	337	3
1525599229	20553	64.368	11.447	337	5
1525599229	20603	64.37	11.492	337	7
1525599229	20701	64.37	11.643	337	1
1525599229	20648	64.37	11.593	337	1
1525599229	20754	64.37	11.447	337	11
1525599229	20802	64.37	11.442	337	9
1525599230	19884	63.92	12.014	337	5
1525599230	19924	63.92	12.014	337	9
1525599230	19964	63.92	12.052	337	3
1525599230	20045	63.92	12.059	337	1
1525599230	20090	63.921	12.059	337	1
1525599230	20005	63.921	12.065	337	1
1525599230	20135	63.921	12.103	337	7
1525599230	20227	63.921	12.103	337	1
1525599230	20182	63.921	12.103	337	9
1525599230	20272	63.921	12.059	337	9
1525599230	20319	63.921	12.059	337	5
1525599230	20358	63.921	12.052	337	10
1525599230	20404	63.921	12.052	337	6
1525599230	20511	63.921	12.008	337	3
1525599230	20560	64.035	12.008	337	1
1525599230	20453	64.035	11.964	337	7
1525599230	20613	64.035	11.913	337	1
1525599230	20659	64.035	11.869	337	1
1525599230	20709	64.035	11.958	337	1
1525599230	20764	64.15	11.97	337	7
1525599231	19892	64.266	11.554	337	3
1525599231	19972	64.266	11.554	337	1
1525599231	19932	64.266	11.554	337	1
1525599231	20013	64.266	11.509	337	1
1525599231	20056	64.266	11.47	337	5
1525599231	20098	64.266	11.465	337	6
1525599231	20142	64.266	11.515	337	3
1525599231	20193	64.266	11.515	337	1
1525599231	20236	64.266	11.509	337	9
1525599231	20279	64.266	11.554	337	10
1525599231	20330	64.266	11.515	337	1
1525599231	20465	64.266	11.509	337	7
1525599231	20520	64.266	11.459	337	1
1525599231	20366	64.38	11.509	337	4
1525599231	20570	64.38	11.47	337	1
1525599231	20416	64.38	11.509	337	13
1525599231	20625	64.381	11.655	337	1
1525599231	20673	64.381	11.604	337	1
1525599231	20719	64.381	11.705	337	1
1525599231	20773	64.381	11.616	337	1
1525599232	19899	63.927	12.052	337	11
1525599232	19938	63.927	12.046	337	10
1525599232	19981	63.927	12.097	337	1
1525599232	20020	63.927	12.052	337	1
1525599232	20064	63.927	11.952	337	1
1525599232	20110	63.927	12.002	337	1
1525599232	20153	63.927	12.002	337	1
1525599232	20201	63.927	11.996	337	5
1525599232	20243	63.927	11.952	337	1
1525599232	20289	63.927	11.952	337	9
1525599232	20336	63.927	11.946	337	1
1525599232	20425	63.927	11.996	337	10
1525599232	20483	63.927	11.952	337	1
1525599232	20380	64.04	11.952	337	3
1525599232	20578	64.043	11.901	337	9
1525599232	20531	64.043	11.946	337	1
1525599232	20633	64.043	11.845	337	3
1525599232	20681	64.043	11.895	337	1
1525599232	20735	64.043	11.845	337	1
1525599232	20785	64.156	11.839	337	1
1525599233	19908	64.272	11.43	337	1
1525599233	19949	64.272	11.436	337	3
1525599233	19989	64.272	11.391	337	1
1525599233	20072	64.272	11.43	337	7
1525599233	20028	64.272	11.43	337	1
1525599233	20119	64.272	11.341	337	1
1525599233	20165	64.272	11.38	337	1
1525599233	20251	64.272	11.335	337	1
1525599233	20299	64.272	11.341	337	1
1525599233	20210	64.272	11.335	337	7
1525599233	20344	64.272	11.251	337	1
1525599233	20388	64.272	11.335	337	3
1525599233	20436	64.272	11.246	337	1
1525599233	20493	64.272	11.29	337	5
1525599233	20540	64.388	11.206	337	12
1525599233	20590	64.388	11.346	337	5
1525599233	20640	64.388	11.346	337	1
1525599233	20692	64.388	11.346	337	14
1525599233	20744	64.388	11.307	337	3
1525599233	20795	64.388	11.352	337	9
1525599234	19916	63.936	11.723	337	5
1525599234	19956	63.936	11.723	337	1
1525599234	19996	63.936	11.717	337	6
1525599234	20037	63.935	11.717	337	1
1525599234	20080	63.935	11.717	337	4
1525599234	20125	63.935	11.717	337	1
1525599234	20174	63.935	11.717	337	9
1525599234	20260	63.935	11.673	337	1
1525599234	20217	63.935	11.673	337	4
1525599234	20310	63.935	11.717	337	9
1525599234	20351	63.935	11.673	337	1
1525599234	20397	63.935	11.723	337	3
1525599234	20446	63.935	11.678	337	3
1525599234	20502	63.935	11.717	337	7
1525599234	20553	64.046	11.756	337	5
1525599234	20603	64.047	11.717	337	7
1525599234	20701	64.047	11.61	337	3
1525599234	20648	64.047	11.616	337	1
1525599234	20754	64.047	11.762	337	11
1525599234	20802	64.047	11.768	337	6
1525599235	19884	64.272	11.531	337	5
1525599235	19924	64.272	11.531	337	9
1525599235	19964	64.272	11.581	337	3
1525599235	20045	64.272	11.581	337	1
1525599235	20005	64.272	11.531	337	1
1525599235	20090	64.272	11.575	337	1
1525599235	20135	64.272	11.486	337	7
1525599235	20227	64.272	11.531	337	1
1525599235	20182	64.272	11.569	337	9
1525599235	20272	64.272	11.575	337	9
1525599235	20319	64.272	11.62	337	5
1525599235	20358	64.272	11.626	337	10
1525599235	20404	64.272	11.575	337	6
1525599235	20511	64.272	11.62	337	1
1525599235	20560	64.386	11.658	337	1
1525599235	20453	64.384	11.664	337	7
1525599235	20613	64.386	11.759	337	1
1525599235	20659	64.386	11.72	337	1
1525599235	20709	64.386	11.67	337	1
1525599235	20764	64.386	11.614	337	7
1525599236	19972	63.936	12.456	337	1
1525599236	19932	63.936	12.456	337	1
1525599236	19892	63.937	12.462	337	1
1525599236	20013	63.936	12.506	337	1
1525599236	20056	63.936	12.456	337	5
1525599236	20098	63.936	12.506	337	6
1525599236	20142	63.936	12.456	337	3
1525599236	20193	63.936	12.456	337	1
1525599236	20236	63.936	12.462	337	9
1525599236	20279	63.936	12.456	337	6
1525599236	20330	63.936	12.456	337	1
1525599236	20465	63.936	12.5	337	7
1525599236	20520	64.034	12.506	337	1
1525599236	20366	64.048	12.456	337	4
1525599236	20416	64.048	12.456	337	13
1525599236	20570	64.048	12.494	337	1
1525599236	20625	64.048	12.356	337	1
1525599236	20673	64.048	12.362	337	1
1525599236	20719	64.048	12.349	337	1
1525599236	20773	64.163	12.349	337	1
1525599237	19981	64.278	11.986	337	1
1525599237	19899	64.278	11.986	337	11
1525599237	19938	64.278	11.986	337	5
1525599237	20020	64.278	11.98	337	1
1525599237	20110	64.278	12.036	337	1
1525599237	20064	64.278	12.074	337	1
1525599237	20153	64.279	12.024	337	1
1525599237	20201	64.279	12.03	337	5
1525599237	20289	64.281	12.036	337	4
1525599237	20243	64.281	12.03	337	1
1525599237	20336	64.282	12.08	337	1
1525599237	20380	64.282	11.986	337	3
1525599237	20531	64.282	12.13	337	1
1525599237	20578	64.282	12.086	337	9
1525599237	20425	64.282	12.036	337	4
1525599237	20483	64.282	12.074	337	1
1525599237	20681	64.399	12.337	337	1
1525599237	20633	64.401	12.337	337	3
1525599237	20735	64.402	12.381	337	1
1525599237	20785	64.404	12.337	337	1
1525599238	19949	63.949	12.738	337	3
1525599238	19908	63.949	12.788	337	1
1525599238	19989	63.949	12.738	337	1
1525599238	20028	63.951	12.788	337	1
1525599238	20119	63.951	12.826	337	1
1525599238	20072	63.951	12.782	337	7
1525599238	20165	63.951	12.876	337	1
1525599238	20251	63.952	12.932	337	1
1525599238	20299	63.954	12.932	337	7
1525599238	20210	63.954	12.982	337	7
1525599238	20388	63.954	12.982	337	3
1525599238	20436	63.954	12.982	337	9
1525599238	20344	63.954	12.976	337	1
1525599238	20493	63.954	12.982	337	5
1525599238	20540	64.066	13.063	337	8
1525599238	20590	64.067	12.969	337	5
1525599238	20640	64.067	12.926	337	1
1525599238	20692	64.067	12.919	337	6
1525599238	20744	64.069	12.913	337	3
1525599238	20795	64.186	12.913	337	9
1525599239	19916	64.3	12.65	337	3
1525599239	19956	64.3	12.694	337	7
1525599239	20037	64.3	12.7	337	1
1525599239	19996	64.3	12.7	337	1
1525599239	20080	64.3	12.706	337	1
1525599239	20125	64.3	12.744	337	1
1525599239	20174	64.3	12.75	337	9
1525599239	20260	64.3	12.75	337	1
1525599239	20217	64.3	12.75	337	1
1525599239	20310	64.3	12.713	337	9
1525599239	20351	64.3	12.75	337	1
1525599239	20397	64.3	12.75	337	3
1525599239	20446	64.3	12.75	337	1
1525599239	20502	64.3	12.75	337	7
1525599239	20553	64.414	12.669	337	5
1525599239	20603	64.416	12.706	337	7
1525599239	20701	64.417	12.806	337	3
1525599239	20648	64.417	12.806	337	1
1525599239	20802	64.417	12.656	337	2
1525599239	20754	64.417	12.656	337	11
1525599240	19924	63.965	12.995	337	9
1525599240	19884	63.965	12.945	337	5
1525599240	19964	63.965	12.939	337	3
1525599240	20045	63.965	12.939	337	7
1525599240	20005	63.966	12.989	337	1
1525599240	20090	63.966	12.989	337	11
1525599240	20135	63.966	13.039	337	7
1525599240	20227	63.966	12.995	337	9
1525599240	20182	63.966	13.002	337	5
1525599240	20272	63.966	13.039	337	9
1525599240	20319	63.966	12.995	337	5
1525599240	20358	63.966	12.995	337	10
1525599240	20404	63.966	12.995	337	6
1525599240	20511	63.966	13.039	337	1
1525599240	20453	64.081	13.046	337	7
1525599240	20560	64.081	13.002	337	1
1525599240	20613	64.081	12.945	337	1
1525599240	20659	64.081	12.939	337	1
1525599240	20709	64.081	12.939	337	9
1525599240	20764	64.195	12.889	337	7
1525599241	19972	64.315	12.205	337	9
1525599241	19892	64.315	12.199	337	1
1525599241	19932	64.315	12.205	337	3
1525599241	20013	64.315	12.199	337	1
1525599241	20056	64.315	12.199	337	5
1525599241	20098	64.315	12.193	337	6
1525599241	20193	64.315	12.193	337	9
1525599241	20142	64.315	12.199	337	3
1525599241	20236	64.277	12.243	337	9
1525599241	20279	64.234	12.299	337	1
1525599241	20330	64.231	12.299	337	1
1525599241	20520	64.24	12.255	337	9
1525599241	20416	64.346	12.343	337	7
1525599241	20366	64.346	12.343	337	4
1525599241	20570	64.348	12.349	337	5
1525599241	20625	64.349	12.444	337	1
1525599241	20673	64.349	12.538	337	9
1525599241	20719	64.351	12.5	337	1
1525599241	20773	64.353	12.5	337	7
1525599242	19899	63.891	12.783	337	13
1525599242	19938	63.891	12.783	337	2
1525599242	19981	63.891	12.739	337	1
1525599242	20020	63.891	12.739	337	1
1525599242	20064	63.891	12.689	337	1
1525599242	20110	63.891	12.682	337	1
1525599242	20153	63.891	12.777	337	1
1525599242	20201	63.891	12.739	337	5
1525599242	20289	63.891	12.682	337	1
1525599242	20243	63.891	12.689	337	1
1525599242	20336	63.891	12.689	337	1
1525599242	20483	63.892	12.739	337	9
1525599242	20380	63.892	12.739	337	3
1525599242	20425	63.892	12.733	337	1
1525599242	20578	64.008	12.726	337	9
1525599242	20531	64.008	12.638	337	1
1525599242	20633	64.01	12.431	337	3
1525599242	20681	64.01	12.425	337	5
1525599242	20735	64.01	12.481	337	7
1525599242	20785	64.01	12.632	337	1
1525599243	19908	63.933	12.38	337	1
1525599243	19949	63.933	12.431	337	3
1525599243	19989	63.933	12.387	337	1
1525599243	20028	63.933	12.431	337	9
1525599243	20119	63.935	12.393	337	7
1525599243	20165	63.935	12.298	337	1
1525599243	20251	63.935	12.28	337	1
1525599243	20299	63.935	12.236	337	7
1525599243	20210	63.935	12.28	337	5
1525599243	20388	63.935	12.28	337	3
1525599243	20493	63.935	12.236	337	1
1525599243	20344	63.935	12.324	337	1
1525599243	20436	63.935	12.324	337	9
1525599243	20540	63.935	12.185	337	3
1525599243	20590	64.055	12.185	337	3
1525599243	20640	64.056	12.286	337	1
1525599243	20692	64.056	12.286	337	1
1525599243	20744	64.056	12.336	337	3
1525599243	20795	64.056	12.336	337	9
1525599244	19916	63.606	12.746	337	1
1525599244	19996	63.606	12.739	337	1
1525599244	19956	63.606	12.739	337	7
1525599244	20037	63.606	12.739	337	1
1525599244	20080	63.606	12.739	337	1
1525599244	20125	63.606	12.651	337	1
1525599244	20174	63.606	12.651	337	9
1525599244	20260	63.606	12.651	337	1
1525599244	20217	63.606	12.645	337	1
1525599244	20310	63.606	12.689	337	7
1525599244	20351	63.606	12.689	337	1
1525599244	20397	63.606	12.645	337	3
1525599244	20446	63.606	12.689	337	1
1525599244	20502	63.606	12.695	337	7
1525599244	20553	63.719	12.726	337	5
1525599244	20701	63.719	12.582	337	3
1525599244	20648	63.719	12.582	337	1
1525599244	20802	63.719	12.437	337	1
1525599245	19884	63.883	12.4	337	1
1525599245	19964	63.883	12.312	337	3
1525599245	20045	63.883	12.356	337	7
1525599245	20005	63.883	12.305	337	1
1525599245	20090	63.883	12.261	337	11
1525599245	20135	63.883	12.211	337	7
1525599245	20227	63.883	12.211	337	9
1525599245	20182	63.883	12.205	337	1
1525599245	20272	63.883	12.167	337	9
1525599245	20358	63.883	12.255	337	10
1525599245	20404	63.883	12.217	337	6
1525599245	20511	63.883	12.123	337	1
1525599245	20560	63.998	12.167	337	1
1525599245	20613	64	12.217	337	1
1525599245	20659	64	12.217	337	1
1525599245	20709	64	12.217	337	9
1525599245	20764	64	12.318	337	7
1525599246	19892	63.544	12.657	337	1
1525599246	19972	63.544	12.651	337	9
1525599246	19932	63.544	12.651	337	3
1525599246	20013	63.544	12.657	337	1
1525599246	20098	63.544	12.613	337	6
1525599246	20142	63.544	12.607	337	3
1525599246	20193	63.544	12.613	337	9
1525599246	20236	63.544	12.563	337	9
1525599246	20279	63.544	12.462	337	1
1525599246	20330	63.544	12.462	337	1
1525599246	20520	63.553	12.5	337	9
1525599246	20416	63.656	12.412	337	1
1525599246	20366	63.656	12.412	337	4
1525599246	20570	63.656	12.456	337	5
1525599246	20625	63.656	12.356	337	1
1525599246	20673	63.656	12.305	337	9
1525599246	20719	63.656	12.255	337	1
1525599246	20773	63.767	12.299	337	7
1525599247	19981	63.883	12.287	337	1
1525599247	20020	63.883	12.243	337	1
1525599247	20064	63.883	12.337	337	1
1525599247	20110	63.883	12.343	337	1
1525599247	19938	63.883	12.287	337	1
1525599247	20153	63.883	12.305	337	1
1525599247	20201	63.883	12.343	337	4
1525599247	20289	63.883	12.393	337	1
1525599247	20243	63.883	12.387	337	1
1525599247	20336	63.883	12.393	337	1
1525599247	20483	63.883	12.387	337	9
1525599247	20380	63.883	12.481	337	3
1525599247	20425	63.883	12.437	337	1
1525599247	20531	63.883	12.575	337	1
1525599247	20578	63.883	12.575	337	9
1525599247	20681	63.998	12.788	337	5
1525599247	20633	63.998	12.782	337	1
1525599247	20735	63.999	12.738	337	7
1525599247	20785	63.999	12.594	337	1
1525599248	19949	63.547	12.845	337	3
1525599248	19989	63.547	12.889	337	1
1525599248	19908	63.547	12.895	337	1
1525599248	20028	63.547	12.889	337	9
1525599248	20119	63.547	12.926	337	7
1525599248	20165	63.547	12.882	337	1
1525599248	20251	63.547	12.889	337	1
1525599248	20299	63.547	12.932	337	7
1525599248	20210	63.547	12.795	337	4
1525599248	20388	63.547	12.795	337	2
1525599248	20436	63.547	12.795	337	9
1525599248	20344	63.547	12.757	337	1
1525599248	20493	63.547	12.926	337	1
1525599248	20540	63.656	12.895	337	1
1525599248	20590	63.656	12.845	337	1
1525599248	20640	63.656	12.788	337	1
1525599248	20692	63.656	12.788	337	1
1525599248	20744	63.656	12.701	337	3
1525599248	20795	63.77	12.701	337	9
1525599249	19916	63.886	12.098	337	1
1525599249	19996	63.886	12.104	337	1
1525599249	19956	63.886	12.104	337	7
1525599249	20037	63.886	12.104	337	1
1525599249	20080	63.886	12.098	337	1
1525599249	20125	63.886	12.187	337	1
1525599249	20174	63.886	12.142	337	6
1525599249	20260	63.886	12.142	337	1
1525599249	20217	63.886	12.142	337	1
1525599249	20310	63.886	12.142	337	7
1525599249	20351	63.886	12.104	337	1
1525599249	20397	63.886	12.149	337	3
1525599249	20502	63.886	12.104	337	7
1525599249	20446	63.886	12.104	337	1
1525599249	20553	64.001	12.149	337	5
1525599249	20701	64.001	12.255	337	3
1525599249	20648	64.001	12.249	337	1
1525599249	20802	64.003	12.349	337	1
1525599250	19884	63.663	12.362	337	1
1525599250	19964	63.663	12.362	337	1
1525599250	20045	63.663	12.274	337	7
1525599250	20005	63.663	12.362	337	1
1525599250	20090	63.663	12.362	337	11
1525599250	20135	63.663	12.318	337	7
1525599250	20182	63.663	12.318	337	1
1525599250	20227	63.663	12.356	337	9
1525599250	20272	63.663	12.362	337	9
1525599250	20358	63.663	12.267	337	2
1525599250	20404	63.663	12.305	337	2
1525599250	20511	63.666	12.267	337	1
1525599250	20560	63.775	12.312	337	1
1525599250	20613	63.775	12.261	337	1
1525599250	20659	63.775	12.261	337	1
1525599250	20709	63.775	12.312	337	9
1525599250	20764	63.889	12.261	337	7
1525599251	20013	64.006	11.827	337	1
1525599251	19932	64.006	11.883	337	3
1525599251	19972	64.006	11.883	337	9
1525599251	19892	64.006	11.833	337	1
1525599251	20098	64.006	11.928	337	1
1525599251	20142	64.006	11.928	337	3
1525599251	20236	64.006	11.928	337	1
1525599251	20193	64.006	11.922	337	9
1525599251	20279	64.006	12.079	337	1
1525599251	20330	64.006	12.274	337	1
1525599251	20520	64.006	12.185	337	9
1525599251	20366	64.109	12.229	337	1
1525599251	20416	64.109	12.229	337	1
1525599251	20570	64.118	12.185	337	5
1525599251	20625	64.12	12.236	337	1
1525599251	20673	64.12	12.286	337	9
1525599251	20719	64.12	12.336	337	1
1525599251	20773	64.12	12.248	337	7
1525599252	19938	63.55	12.343	337	1
1525599252	19981	63.55	12.336	337	1
1525599252	20020	63.55	12.38	337	1
1525599252	20064	63.55	12.336	337	1
1525599252	20110	63.55	12.336	337	1
1525599252	20153	63.55	12.28	337	1
1525599252	20289	63.55	12.236	337	1
1525599252	20201	63.55	12.286	337	4
1525599252	20243	63.55	12.242	337	1
1525599252	20336	63.55	12.336	337	1
1525599252	20380	63.55	12.387	337	3
1525599252	20425	63.55	12.387	337	1
1525599252	20483	63.55	12.431	337	9
1525599252	20578	63.661	12.248	337	9
1525599252	20531	63.661	12.242	337	1
1525599252	20681	63.661	12.085	337	5
1525599252	20633	63.661	12.034	337	1
1525599252	20735	63.661	11.934	337	7
1525599252	20785	63.661	11.984	337	1
1525599253	19949	63.893	11.626	337	3
1525599253	19908	63.893	11.626	337	1
1525599253	19989	63.893	11.626	337	1
1525599253	20028	63.893	11.581	337	9
1525599253	20119	63.893	11.531	337	7
1525599253	20165	63.893	11.575	337	1
1525599253	20251	63.893	11.626	337	1
1525599253	20299	63.893	11.62	337	7
1525599253	20210	63.893	11.664	337	4
1525599253	20344	63.893	11.753	337	1
1525599253	20388	63.893	11.664	337	2
1525599253	20436	63.893	11.714	337	9
1525599253	20493	63.893	11.664	337	1
1525599253	20540	64.007	11.658	337	1
1525599253	20590	64.009	11.714	337	1
1525599253	20640	64.009	11.809	337	1
1525599253	20692	64.009	11.809	337	1
1525599253	20744	64.009	11.847	337	3
1525599253	20795	64.009	11.853	337	9
1525599254	19916	63.556	12.085	337	1
1525599254	19956	63.556	12.085	337	7
1525599254	19996	63.556	12.079	337	1
1525599254	20037	63.556	12.034	337	1
1525599254	20080	63.556	12.034	337	1
1525599254	20125	63.556	11.99	337	1
1525599254	20174	63.556	12.034	337	6
1525599254	20260	63.556	12.034	337	1
1525599254	20217	63.556	12.034	337	1
1525599254	20310	63.556	11.984	337	7
1525599254	20397	63.556	11.94	337	1
1525599254	20351	63.556	11.984	337	1
1525599254	20446	63.556	11.984	337	1
1525599254	20502	63.556	11.984	337	7
1525599254	20553	63.669	11.895	337	5
1525599254	20701	63.669	11.738	337	3
1525599254	20648	63.669	11.744	337	1
1525599254	20802	63.783	11.738	337	1
1525599255	19884	63.9	11.246	337	1
1525599255	19964	63.9	11.246	337	1
1525599255	20045	63.9	11.29	337	7
1525599255	20005	63.9	11.24	337	1
1525599255	20090	63.9	11.201	337	11
1525599255	20135	63.9	11.285	337	7
1525599255	20227	63.9	11.29	337	9
1525599255	20182	63.9	11.29	337	1
1525599255	20272	63.9	11.195	337	9
1525599255	20358	63.9	11.201	337	2
1525599255	20404	63.897	11.201	337	2
1525599255	20511	63.897	11.246	337	1
1525599255	20560	64.012	11.156	337	1
1525599255	20659	64.012	11.246	337	1
1525599255	20613	64.012	11.201	337	1
1525599255	20709	64.012	11.15	337	9
1525599255	20764	64.012	11.15	337	7
1525599256	19932	63.548	11.581	337	3
1525599256	19892	63.548	11.587	337	1
1525599256	19972	63.548	11.581	337	9
1525599256	20013	63.548	11.542	337	1
1525599256	20098	63.548	11.531	337	1
1525599256	20142	63.548	11.581	337	3
1525599256	20193	63.548	11.587	337	9
1525599256	20236	63.548	11.537	337	1
1525599256	20279	63.548	11.38	337	1
1525599256	20330	63.548	11.279	337	1
1525599256	20570	63.548	11.341	337	5
1525599256	20416	63.548	11.335	337	1
1525599256	20366	63.548	11.335	337	1
1525599256	20625	63.66	11.48	337	1
1525599256	20520	63.548	11.38	337	9
1525599256	20673	63.66	11.385	337	9
1525599256	20719	63.66	11.335	337	1
1525599256	20773	63.66	11.385	337	7
1525599257	19938	63.892	10.882	337	1
1525599257	19981	63.892	10.932	337	1
1525599257	20020	63.892	10.932	337	1
1525599257	20064	63.892	10.926	337	1
1525599257	20110	63.892	10.926	337	1
1525599257	20153	63.892	10.977	337	1
1525599257	20201	63.892	10.926	337	4
1525599257	20289	63.892	10.932	337	1
1525599257	20243	63.892	10.932	337	1
1525599257	20336	63.892	10.826	337	1
1525599257	20483	63.892	10.691	337	9
1525599257	20425	63.892	10.685	337	1
1525599257	20531	63.892	10.792	337	1
1525599257	20380	63.892	10.685	337	3
1525599257	20578	63.892	10.786	337	9
1525599257	20633	64.007	11.038	337	1
1525599257	20681	64.007	10.988	337	5
1525599257	20735	64.007	11.094	337	7
1525599257	20785	64.007	11.134	337	1
1525599258	19908	63.555	11.777	338	1
1525599258	19949	63.555	11.777	338	3
1525599258	19989	63.555	11.777	338	1
1525599258	20028	63.555	11.777	338	9
1525599258	20119	63.555	11.782	338	7
1525599258	20165	63.555	11.738	338	4
1525599258	20251	63.555	11.688	338	1
1525599258	20299	63.555	11.738	338	7
1525599258	20388	63.555	11.883	338	2
1525599258	20344	63.555	11.794	338	1
1525599258	20493	63.555	11.8	338	1
1525599258	20436	63.555	11.839	338	9
1525599258	20210	63.555	11.744	338	4
1525599258	20540	63.555	11.889	338	1
1525599258	20590	63.67	11.94	338	1
1525599258	20640	63.67	11.794	338	1
1525599258	20692	63.67	11.8	338	1
1525599258	20744	63.67	11.794	338	3
1525599258	20795	63.783	11.75	338	9
1525599259	19916	63.898	11.72	338	1
1525599259	19956	63.898	11.676	338	7
1525599259	19996	63.898	11.72	338	1
1525599259	20037	63.898	11.72	338	1
1525599259	20080	63.898	11.726	338	1
1525599259	20174	63.898	11.726	338	6
1525599259	20125	63.898	11.771	338	1
1525599259	20217	63.898	11.777	338	1
1525599259	20260	63.898	11.771	338	1
1525599259	20310	63.898	11.833	338	7
1525599259	20351	63.898	11.928	338	1
1525599259	20397	63.898	11.972	338	1
1525599259	20446	63.898	11.978	338	1
1525599259	20502	63.898	11.972	338	7
1525599259	20553	64.012	12.066	338	5
1525599259	20701	64.013	12.173	338	3
1525599259	20648	64.013	12.173	338	1
1525599259	20802	64.013	12.223	338	1
1525599260	19884	63.676	12.801	338	1
1525599260	19964	63.676	12.845	338	1
1525599260	20045	63.676	12.845	338	7
1525599260	20005	63.676	12.895	338	1
1525599260	20090	63.676	12.895	338	11
1525599260	20135	63.676	12.902	338	7
1525599260	20182	63.676	12.939	338	1
1525599260	20227	63.676	12.851	338	9
1525599260	20272	63.676	12.902	338	9
1525599260	20358	63.676	12.989	338	2
1525599260	20404	63.676	12.895	338	2
1525599260	20511	63.676	12.939	338	1
1525599260	20560	63.787	12.939	338	1
1525599260	20613	63.787	12.845	338	1
1525599260	20659	63.787	12.839	338	1
1525599260	20709	63.787	12.845	338	9
1525599260	20764	63.898	12.795	338	7
1525599261	19932	64.015	12.349	338	3
1525599261	19972	64.015	12.349	338	9
1525599261	20013	64.015	12.393	338	1
1525599261	19892	64.015	12.387	338	1
1525599261	20098	64.015	12.4	338	1
1525599261	20142	64.015	12.393	338	3
1525599261	20193	64.015	12.393	338	9
1525599261	20236	64.015	12.343	338	1
1525599261	20279	64.015	12.487	338	1
1525599261	20330	64.015	12.393	338	5
1525599261	20520	64.015	12.393	338	9
1525599261	20366	64.015	12.45	338	1
1525599261	20570	64.015	12.487	338	5
1525599261	20416	64.015	12.531	338	1
1525599261	20625	64.126	12.45	338	1
1525599261	20673	64.126	12.5	338	9
1525599261	20719	64.127	12.55	338	1
1525599261	20773	64.127	12.544	338	7
1525599262	19981	63.558	12.921	338	1
1525599262	19938	63.558	13.009	338	1
1525599262	20020	63.558	12.921	338	1
1525599262	20064	63.558	12.921	338	1
1525599262	20110	63.558	12.915	338	1
1525599262	20153	63.558	12.921	338	1
1525599262	20289	63.558	12.965	338	1
1525599262	20243	63.558	12.965	338	1
1525599262	20336	63.558	13.122	338	1
1525599262	20201	63.558	12.921	338	4
1525599262	20483	63.558	13.172	338	9
1525599262	20380	63.558	13.166	338	3
1525599262	20425	63.558	13.172	338	1
1525599262	20578	63.669	13.116	338	9
1525599262	20531	63.669	13.116	338	3
1525599262	20681	63.669	12.871	338	5
1525599262	20735	63.669	12.965	338	7
1525599262	20633	63.669	12.871	338	1
1525599262	20785	63.781	12.921	338	6
1525599263	19908	63.899	12.179	338	1
1525599263	19949	63.899	12.179	338	3
1525599263	19989	63.899	12.179	338	1
1525599263	20028	63.899	12.129	338	9
1525599263	20119	63.899	12.173	338	7
1525599263	20165	63.899	12.179	338	4
1525599263	20251	63.899	12.179	338	1
1525599263	20299	63.899	12.129	338	7
1525599263	20210	63.899	12.079	338	4
1525599263	20344	63.899	11.94	338	1
1525599263	20436	63.899	11.978	338	9
1525599263	20388	63.899	11.946	338	2
1525599263	20493	63.899	12.066	338	1
1525599263	20540	64.016	11.889	338	1
1525599263	20590	64.017	11.928	338	1
1525599263	20640	64.017	11.984	338	1
1525599263	20692	64.017	12.028	338	1
1525599263	20744	64.017	12.04	338	3
1525599263	20795	64.017	12.085	338	9
1525599264	19916	63.562	12.159	338	1
1525599264	19956	63.562	12.204	338	7
1525599264	19996	63.562	12.166	338	1
1525599264	20037	63.561	12.21	338	1
1525599264	20080	63.561	12.248	338	1
1525599264	20125	63.561	12.115	338	1
1525599264	20174	63.561	12.159	338	6
1525599264	20260	63.561	12.115	338	1
1525599264	20217	63.561	12.153	338	1
1525599264	20310	63.561	12.059	338	7
1525599264	20351	63.561	12.046	338	1
1525599264	20397	63.561	12.002	338	1
1525599264	20502	63.561	11.952	338	7
1525599264	20446	63.561	11.952	338	1
1525599264	20553	63.674	11.907	338	5
1525599264	20648	63.674	11.806	338	1
1525599264	20701	63.674	11.806	338	3
1525599264	20802	63.674	11.699	338	1
1525599265	19884	63.905	11.593	338	1
1525599265	19964	63.905	11.548	338	1
1525599265	20045	63.905	11.548	338	7
1525599265	20005	63.905	11.504	338	1
1525599265	20090	63.905	11.542	338	11
1525599265	20135	63.905	11.542	338	7
1525599265	20227	63.905	11.548	338	9
1525599265	20182	63.905	11.504	338	1
1525599265	20272	63.905	11.542	338	9
1525599265	20358	63.905	11.447	338	2
1525599265	20404	63.905	11.593	338	2
1525599265	20511	63.905	11.542	338	1
1525599265	20560	64.014	11.542	338	1
1525599265	20613	64.014	11.688	338	1
1525599265	20659	64.014	11.649	338	1
1525599265	20709	64.014	11.649	338	9
1525599265	20764	64.014	11.744	338	7
1525599266	19892	63.561	12.336	338	1
1525599266	19932	63.561	12.336	338	3
1525599266	19972	63.561	12.336	338	9
1525599266	20013	63.561	12.336	338	1
1525599266	20098	63.561	12.242	338	1
1525599266	20142	63.561	12.204	338	1
1525599266	20193	63.561	12.198	338	9
1525599266	20236	63.561	12.292	338	1
1525599266	20279	63.561	12.191	338	1
1525599266	20330	63.561	12.242	338	5
1525599266	20520	63.645	12.141	338	9
1525599266	20366	63.673	12.085	338	1
1525599266	20416	63.673	12.002	338	1
1525599266	20570	63.673	11.99	338	5
1525599266	20625	63.673	11.839	338	1
1525599266	20673	63.673	11.877	338	9
1525599266	20719	63.673	11.934	338	1
1525599266	20773	63.673	11.984	338	7
1525599267	19938	63.901	11.569	338	1
1525599267	19981	63.901	11.564	338	1
1525599267	20020	63.901	11.564	338	1
1525599267	20064	63.901	11.525	338	3
1525599267	20110	63.901	11.569	338	1
1525599267	20153	63.901	11.564	338	1
1525599267	20201	63.901	11.564	338	4
1525599267	20289	63.901	11.564	338	1
1525599267	20243	63.901	11.558	338	1
1525599267	20336	63.901	11.318	338	1
1525599267	20483	63.901	11.262	338	9
1525599267	20425	63.901	11.262	338	1
1525599267	20380	63.901	11.312	338	3
1525599267	20578	64.016	11.223	338	1
1525599267	20531	64.016	11.351	338	3
1525599267	20681	64.016	11.407	338	5
1525599267	20633	64.016	11.362	338	1
1525599267	20735	64.016	11.307	338	7
1525599267	20785	64.018	11.262	338	6
1525599268	19908	63.562	11.48	338	1
1525599268	19949	63.562	11.48	338	1
1525599268	19989	63.562	11.486	338	1
1525599268	20028	63.562	11.492	338	9
1525599268	20119	63.562	11.492	338	7
1525599268	20165	63.562	11.48	338	4
1525599268	20251	63.562	11.486	338	1
1525599268	20299	63.562	11.486	338	7
1525599268	20210	63.562	11.537	338	4
1525599268	20388	63.562	11.575	338	2
1525599268	20344	63.562	11.575	338	1
1525599268	20436	63.562	11.492	338	9
1525599268	20493	63.562	11.397	338	1
1525599268	20540	63.678	11.575	338	1
1525599268	20590	63.678	11.475	338	1
1525599268	20640	63.678	11.519	338	1
1525599268	20692	63.678	11.469	338	1
1525599268	20744	63.678	11.525	338	1
1525599268	20795	63.793	11.475	338	1
1525599269	19916	63.909	11.167	338	1
1525599269	19956	63.909	11.167	338	7
1525599269	19996	63.909	11.206	338	1
1525599269	20037	63.909	11.117	338	1
1525599269	20080	63.909	11.072	338	1
1525599269	20125	63.909	11.206	338	1
1525599269	20174	63.909	11.161	338	6
1525599269	20217	63.909	11.212	338	5
1525599269	20351	63.909	11.413	338	1
1525599269	20397	63.909	11.463	338	1
1525599269	20446	63.908	11.558	339	1
1525599269	20260	63.909	11.251	338	2
1525599269	20502	63.908	11.558	339	1
1525599269	20310	63.909	11.307	338	7
1525599269	20553	64.016	11.564	339	1
1525599269	20701	64.024	11.765	339	3
1525599269	20648	64.024	11.765	339	5
1525599269	20802	64.025	11.827	339	11
1525599270	19884	63.564	11.978	339	3
1525599270	19964	63.564	12.022	339	1
1525599270	20045	63.564	11.972	339	7
1525599270	20005	63.564	12.016	339	7
1525599270	20090	63.564	12.016	339	11
1525599270	20135	63.564	11.978	339	1
1525599270	20182	63.564	12.022	339	4
1525599270	20227	63.564	12.022	339	9
1525599270	20272	63.564	12.028	339	1
1525599270	20358	63.564	12.072	339	2
1525599270	20404	63.564	12.022	339	2
1525599270	20511	63.564	12.028	339	10
1525599270	20560	63.676	11.978	339	1
1525599270	20659	63.676	11.883	339	5
1525599270	20613	63.676	11.833	339	11
1525599270	20709	63.676	11.96	339	9
1525599270	20764	63.79	11.916	339	1
1525599271	19892	63.909	11.335	339	1
1525599271	19972	63.909	11.335	339	9
1525599271	19932	63.909	11.335	339	3
1525599271	20013	63.909	11.335	339	5
1525599271	20098	63.909	11.385	339	1
1525599271	20142	63.909	11.38	339	1
1525599271	20193	63.909	11.385	339	9
1525599271	20236	63.909	11.335	339	1
1525599271	20279	63.909	11.341	339	10
1525599271	20330	63.909	11.296	339	5
1525599271	20520	63.909	11.492	339	9
1525599271	20366	63.909	11.537	339	1
1525599271	20416	63.909	11.537	339	7
1525599271	20570	63.91	11.593	339	5
1525599271	20625	64.022	11.643	339	1
1525599271	20673	64.022	11.554	339	9
1525599271	20719	64.022	11.548	339	1
1525599271	20773	64.022	11.587	339	7
1525599272	19981	63.566	12.091	339	1
1525599272	19938	63.566	12.046	339	9
1525599272	20020	63.566	12.097	339	9
1525599272	20110	63.566	12.097	339	1
1525599272	20064	63.566	12.141	339	3
1525599272	20153	63.566	12.052	339	1
1525599272	20201	63.566	12.141	339	4
1525599272	20243	63.566	12.147	339	1
1525599272	20289	63.566	12.147	339	9
1525599272	20336	63.566	12.191	339	5
1525599272	20483	63.566	12.198	339	9
1525599272	20380	63.566	12.153	339	3
1525599272	20425	63.566	12.204	339	15
1525599272	20578	63.671	12.198	339	1
1525599272	20531	63.679	12.109	339	3
1525599272	20681	63.679	12.052	339	5
1525599272	20633	63.679	12.052	339	1
1525599272	20735	63.679	12.103	339	7
1525599272	20785	63.679	12.153	339	6
1525599273	19908	63.91	11.806	339	4
1525599273	19989	63.91	11.8	339	1
1525599273	19949	63.91	11.806	339	1
1525599273	20028	63.91	11.845	339	9
1525599273	20119	63.91	11.8	339	7
1525599273	20165	63.91	11.895	339	4
1525599273	20251	63.91	11.845	339	9
1525599273	20299	63.91	11.851	339	7
1525599273	20210	63.91	11.845	339	4
1525599273	20436	63.91	11.845	339	9
1525599273	20388	63.91	11.8	339	2
1525599273	20344	63.91	11.806	339	13
1525599273	20493	63.91	11.851	339	1
1525599273	20540	64.024	11.901	339	10
1525599273	20590	64.025	11.958	339	1
1525599273	20640	64.025	11.913	339	1
1525599273	20692	64.025	11.913	339	10
1525599273	20744	64.025	11.901	339	1
1525599273	20795	64.025	11.996	339	1
1525599274	19916	63.568	12.437	339	10
1525599274	19996	63.568	12.443	339	6
1525599274	19956	63.568	12.437	339	7
1525599274	20080	63.568	12.494	339	8
1525599274	20037	63.568	12.487	339	11
1525599274	20125	63.568	12.45	339	15
1525599274	20174	63.568	12.494	339	6
1525599274	20260	63.568	12.405	339	9
1525599274	20217	63.568	12.405	339	6
1525599274	20310	63.568	12.393	339	7
1525599274	20351	63.568	12.198	339	1
1525599274	20397	63.568	12.191	339	1
1525599274	20502	63.568	12.059	339	1
1525599274	20446	63.568	12.052	339	1
1525599274	20553	63.68	12.052	339	1
1525599274	20648	63.68	11.845	339	5
1525599274	20701	63.68	11.845	339	3
1525599274	20802	63.68	11.744	339	11
1525599275	19884	63.911	11.302	339	3
1525599275	19964	63.911	11.257	339	1
1525599275	20045	63.911	11.307	339	7
1525599275	20090	63.911	11.313	339	11
1525599275	20005	63.911	11.263	339	7
1525599275	20135	63.911	11.397	339	1
1525599275	20227	63.911	11.352	339	9
1525599275	20182	63.911	11.296	339	4
1525599275	20272	63.911	11.302	339	1
1525599275	20358	63.911	11.302	339	2
1525599275	20404	63.911	11.352	339	2
1525599275	20511	63.911	11.397	339	10
1525599275	20560	64.026	11.403	339	1
1525599275	20613	64.026	11.542	339	11
1525599275	20659	64.026	11.542	339	5
1525599275	20709	64.026	11.459	339	9
1525599275	20764	64.023	11.509	339	1
1525599276	19892	63.564	11.952	339	1
1525599276	19932	63.564	11.996	339	3
1525599276	20013	63.564	11.952	339	5
1525599276	19972	63.564	11.99	339	9
1525599276	20098	63.564	11.996	339	1
1525599276	20142	63.564	11.996	339	1
1525599276	20193	63.564	12.04	339	9
1525599276	20236	63.564	12.046	339	1
1525599276	20279	63.564	12.046	339	10
1525599276	20330	63.564	12.04	339	5
1525599276	20520	63.564	11.845	339	9
1525599276	20416	63.675	11.845	339	7
1525599276	20366	63.675	11.845	339	1
1525599276	20570	63.675	11.794	339	5
1525599276	20625	63.675	11.788	339	1
1525599276	20673	63.675	11.794	339	9
1525599276	20719	63.675	11.694	339	1
1525599276	20773	63.789	11.643	339	7
1525599277	19938	63.906	11.414	339	9
1525599277	19981	63.906	11.42	339	1
1525599277	20020	63.906	11.414	339	9
1525599277	20153	63.906	11.515	339	1
1525599277	20064	63.906	11.414	339	3
1525599277	20110	63.906	11.509	339	1
1525599277	20201	63.906	11.431	339	4
1525599277	20289	63.906	11.47	339	9
1525599277	20243	63.906	11.476	339	1
1525599277	20336	63.906	11.476	339	5
1525599277	20483	63.906	11.465	339	9
1525599277	20425	63.906	11.459	339	15
1525599277	20380	63.906	11.42	339	3
1525599277	20578	63.906	11.465	339	1
1525599277	20531	63.906	11.42	339	3
1525599277	20681	64.021	11.572	339	5
1525599277	20633	64.021	11.622	339	1
1525599277	20735	64.021	11.527	339	7
1525599277	20785	64.021	11.515	339	6
1525599278	19908	63.567	12.595	339	4
1525599278	19949	63.567	12.645	339	1
1525599278	19989	63.567	12.595	339	1
1525599278	20028	63.567	12.652	339	9
1525599278	20119	63.567	12.696	339	7
1525599278	20165	63.567	12.608	339	4
1525599278	20251	63.567	12.645	339	9
1525599278	20299	63.567	12.645	339	7
1525599278	20210	63.567	12.645	339	4
1525599278	20436	63.567	12.608	339	9
1525599278	20344	63.567	12.645	339	13
1525599278	20388	63.567	12.652	339	2
1525599278	20493	63.567	12.683	339	1
1525599278	20540	63.682	12.551	339	10
1525599278	20590	63.682	12.5	339	1
1525599278	20640	63.682	12.405	339	1
1525599278	20692	63.682	12.411	339	10
1525599278	20744	63.682	12.354	339	1
1525599278	20795	63.796	12.31	339	1
1525599279	19916	63.914	11.866	339	10
1525599279	19956	63.914	11.821	339	7
1525599279	19996	63.914	11.777	339	6
1525599279	20037	63.914	11.821	339	11
1525599279	20080	63.914	11.809	339	8
1525599279	20125	63.914	11.771	339	15
1525599279	20174	63.914	11.765	339	6
1525599279	20217	63.914	11.765	339	6
1525599279	20260	63.914	11.771	339	9
1525599279	20310	63.914	11.765	339	7
1525599279	20351	63.914	11.815	339	1
1525599279	20397	63.914	11.815	339	1
1525599279	20446	63.914	11.86	339	1
1525599279	20502	63.914	11.86	339	1
1525599279	20553	64.01	11.86	339	1
1525599279	20701	64.029	12.012	339	3
1525599279	20648	64.029	12.006	339	5
1525599279	20802	64.029	12.114	339	11
1525599280	19964	63.574	12.462	339	1
1525599280	19884	63.574	12.462	339	3
1525599280	20045	63.574	12.418	339	7
1525599280	20005	63.574	12.418	339	7
1525599280	20090	63.574	12.367	339	11
1525599280	20135	63.574	12.323	339	1
1525599280	20227	63.574	12.411	339	9
1525599280	20182	63.574	12.418	339	4
1525599280	20272	63.574	12.411	339	1
1525599280	20358	63.574	12.411	339	2
1525599280	20404	63.574	12.323	339	2
1525599280	20511	63.574	12.272	339	10
1525599280	20560	63.687	12.361	339	1
1525599280	20613	63.687	12.221	339	11
1525599280	20659	63.687	12.17	339	5
1525599280	20709	63.687	12.17	339	9
1525599280	20764	63.802	12.114	339	1
1525599281	19972	63.917	11.439	339	9
1525599281	19892	63.917	11.529	339	1
1525599281	19932	63.917	11.433	339	3
1525599281	20013	63.917	11.484	339	5
1525599281	20098	63.917	11.478	339	1
1525599281	20142	63.917	11.484	339	1
1525599281	20193	63.917	11.433	339	9
1525599281	20236	63.917	11.478	339	1
1525599281	20279	63.917	11.433	339	10
1525599281	20330	63.917	11.388	339	5
1525599281	20520	63.917	11.478	339	9
1525599281	20366	64.029	11.484	339	1
1525599281	20416	64.029	11.484	339	7
1525599281	20570	64.031	11.529	339	5
1525599281	20625	64.031	11.535	339	1
1525599281	20673	64.031	11.574	339	9
1525599281	20719	64.031	11.72	339	1
1525599281	20773	64.031	11.681	339	7
1525599282	19981	63.575	11.797	339	1
1525599282	19938	63.575	11.803	339	9
1525599282	20020	63.575	11.803	339	9
1525599282	20064	63.575	11.759	339	3
1525599282	20110	63.575	11.669	339	1
1525599282	20153	63.575	11.747	339	1
1525599282	20243	63.575	11.696	339	3
1525599282	20201	63.575	11.741	339	4
1525599282	20289	63.575	11.696	339	9
1525599282	20336	63.575	11.848	339	5
1525599282	20425	63.575	12.006	339	15
1525599282	20483	63.575	11.955	339	9
1525599282	20380	63.575	12	339	3
1525599282	20578	63.688	11.994	339	1
1525599282	20531	63.688	12.045	339	3
1525599282	20681	63.688	11.848	339	5
1525599282	20633	63.688	11.842	339	1
1525599282	20735	63.688	11.887	339	7
1525599282	20785	63.688	11.893	339	6
1525599283	19949	63.921	10.842	339	1
1525599283	19989	63.921	10.898	339	1
1525599283	19908	63.921	10.893	339	4
1525599283	20028	63.921	10.882	339	9
1525599283	20119	63.921	10.837	339	7
1525599283	20165	63.921	10.842	339	4
1525599283	20251	63.921	10.887	339	9
1525599283	20299	63.921	10.887	339	7
1525599283	20210	63.921	10.887	339	4
1525599283	20388	63.921	10.887	339	2
1525599283	20344	63.921	10.887	339	13
1525599283	20436	63.921	10.882	339	9
1525599283	20493	63.921	10.848	339	1
1525599283	20540	64.036	10.848	339	10
1525599283	20590	64.037	10.893	339	1
1525599283	20640	64.037	11.078	339	3
1525599283	20692	64.037	11.078	339	10
1525599283	20744	64.037	11.134	339	1
1525599283	20795	64.037	11.134	339	1
1525599284	19916	63.582	11.569	339	10
1525599284	19956	63.582	11.564	339	7
1525599284	19996	63.582	11.564	339	6
1525599284	20037	63.582	11.608	339	11
1525599284	20080	63.582	11.664	339	8
1525599284	20125	63.582	11.658	339	15
1525599284	20174	63.582	11.664	339	6
1525599284	20260	63.582	11.614	339	9
1525599284	20217	63.582	11.614	339	6
1525599284	20310	63.582	11.62	339	7
1525599284	20351	63.582	11.62	339	1
1525599284	20397	63.582	11.569	339	1
1525599284	20446	63.582	11.569	339	1
1525599284	20502	63.582	11.569	339	1
1525599284	20553	63.695	11.569	339	1
1525599284	20701	63.695	11.419	339	3
1525599284	20648	63.695	11.469	339	5
1525599284	20802	63.809	11.362	339	11
1525599285	19884	63.922	11.05	339	3
1525599285	19964	63.922	11.094	339	1
1525599285	20045	63.922	11.133	339	7
1525599285	20005	63.922	11.139	339	7
1525599285	20090	63.922	11.184	339	11
1525599285	20135	63.922	11.139	339	1
1525599285	20227	63.922	11.05	339	9
1525599285	20182	63.922	11.1	339	4
1525599285	20272	63.922	11.094	339	1
1525599285	20358	63.922	11.094	339	2
1525599285	20404	63.922	11.089	339	2
1525599285	20511	63.922	11.094	339	10
1525599285	20560	64.036	11.05	339	1
1525599285	20613	64.039	11.15	339	11
1525599285	20659	64.039	11.239	339	5
1525599285	20709	64.039	11.29	339	9
1525599285	20764	64.039	11.295	339	1
1525599286	19972	63.581	11.886	339	9
1525599286	19932	63.581	11.886	339	3
1525599286	19892	63.581	11.836	339	1
1525599286	20013	63.581	12.012	339	5
1525599286	20098	63.581	11.93	339	1
1525599286	20193	63.581	11.93	339	9
1525599286	20142	63.581	11.924	339	1
1525599286	20236	63.581	11.924	339	1
1525599286	20279	63.581	11.924	339	10
1525599286	20330	63.581	11.974	339	5
1525599286	20520	63.576	12.08	339	9
1525599286	20570	63.576	12.08	339	5
1525599286	20366	63.576	12.08	339	1
1525599286	20416	63.576	12.08	339	7
1525599286	20625	63.69	12.18	339	1
1525599286	20673	63.69	12.224	339	9
1525599286	20719	63.69	12.086	339	1
1525599286	20773	63.805	12.086	339	7
1525599287	19981	63.921	11.558	339	1
1525599287	19938	63.921	11.558	339	9
1525599287	20020	63.921	11.508	339	9
1525599287	20064	63.921	11.596	339	3
1525599287	20110	63.921	11.596	339	1
1525599287	20153	63.921	11.558	339	1
1525599287	20201	63.921	11.602	339	4
1525599287	20289	63.921	11.602	339	9
1525599287	20243	63.921	11.602	339	3
1525599287	20336	63.921	11.647	339	5
1525599287	20425	63.921	11.602	339	15
1525599287	20380	63.921	11.652	339	3
1525599287	20483	63.921	11.652	339	9
1525599287	20578	64.03	11.703	339	1
1525599287	20531	64.036	11.658	339	3
1525599287	20681	64.036	11.753	339	5
1525599287	20633	64.036	11.759	339	1
1525599287	20735	64.036	11.759	339	7
1525599287	20785	64.036	11.759	339	6
1525599288	19908	63.576	12.33	339	4
1525599288	19989	63.576	12.33	339	1
1525599288	19949	63.576	12.33	339	1
1525599288	20028	63.576	12.336	339	9
1525599288	20119	63.576	12.33	339	7
1525599288	20165	63.576	12.368	339	4
1525599288	20251	63.576	12.286	339	9
1525599288	20299	63.576	12.38	339	7
1525599288	20344	63.576	12.387	339	13
1525599288	20493	63.576	12.481	339	1
1525599288	20210	63.576	12.343	339	4
1525599288	20388	63.576	12.387	339	2
1525599288	20436	63.576	12.613	339	9
1525599288	20540	63.691	12.531	339	10
1525599288	20590	63.691	12.487	339	1
1525599288	20640	63.691	12.487	339	3
1525599288	20692	63.691	12.481	339	10
1525599288	20744	63.691	12.336	339	1
1525599288	20795	63.804	12.38	339	1
1525599289	19916	63.919	12.45	339	10
1525599289	19996	63.919	12.544	339	6
1525599289	19956	63.919	12.456	339	7
1525599289	20037	63.919	12.45	339	11
1525599289	20080	63.919	12.405	339	8
1525599289	20125	63.919	12.405	339	15
1525599289	20174	63.919	12.405	339	6
1525599289	20260	63.919	12.494	339	9
1525599289	20217	63.919	12.494	339	6
1525599289	20310	63.919	12.494	339	7
1525599289	20351	63.919	12.443	339	1
1525599289	20397	63.919	12.494	339	1
1525599289	20446	63.919	12.494	339	1
1525599289	20502	63.919	12.494	339	1
1525599289	20553	64.034	12.443	339	1
1525599289	20648	64.035	12.594	339	5
1525599289	20701	64.035	12.638	339	3
1525599289	20802	64.035	12.746	339	11
1525599290	19884	63.577	12.929	339	3
1525599290	19964	63.577	12.879	339	1
1525599290	20045	63.578	12.885	339	7
1525599290	20005	63.578	12.885	339	7
1525599290	20090	63.578	12.885	339	11
1525599290	20135	63.578	12.929	339	1
1525599290	20227	63.578	13.017	339	9
1525599290	20182	63.578	12.973	339	4
1525599290	20272	63.578	12.973	339	1
1525599290	20358	63.578	12.936	339	2
1525599290	20404	63.578	12.973	339	2
1525599290	20511	63.578	12.929	339	10
1525599290	20560	63.578	12.973	339	1
1525599290	20613	63.693	12.916	339	11
1525599290	20709	63.693	12.828	339	9
1525599290	20659	63.693	12.828	339	5
1525599290	20764	63.739	12.973	339	1
1525599291	19892	63.922	12.557	339	1
1525599291	19932	63.922	12.557	339	3
1525599291	19972	63.922	12.557	339	9
1525599291	20013	63.922	12.424	339	5
1525599291	20098	63.922	12.513	339	1
1525599291	20142	63.922	12.513	339	1
1525599291	20236	63.922	12.475	339	1
1525599291	20193	63.922	12.513	339	9
1525599291	20279	63.922	12.525	339	10
1525599291	20330	63.922	12.563	339	5
1525599291	20520	63.922	12.412	339	9
1525599291	20416	64.036	12.412	339	7
1525599291	20366	64.036	12.412	339	1
1525599291	20570	64.036	12.412	339	5
1525599291	20625	64.036	12.305	339	1
1525599291	20673	64.036	12.267	339	9
1525599291	20719	64.036	12.273	339	1
1525599291	20773	64.036	12.311	339	7
1525599292	19938	63.58	12.626	339	9
1525599292	19981	63.58	12.588	339	1
1525599292	20020	63.58	12.588	339	9
1525599292	20064	63.579	12.544	339	3
1525599292	20110	63.579	12.538	339	1
1525599292	20153	63.579	12.544	339	1
1525599292	20201	63.579	12.538	339	4
1525599292	20289	63.579	12.494	339	9
1525599292	20243	63.579	12.494	339	3
1525599292	20336	63.579	12.342	339	5
1525599292	20483	63.579	12.235	339	9
1525599292	20425	63.579	12.241	339	15
1525599292	20380	63.579	12.279	339	3
1525599292	20531	63.691	12.273	339	3
1525599292	20578	63.637	12.146	339	1
1525599292	20681	63.691	12.178	339	5
1525599292	20633	63.691	12.127	339	1
1525599292	20735	63.691	12.083	339	7
1525599292	20785	63.691	12.089	339	6
1525599293	19949	63.924	11.504	339	1
1525599293	19989	63.924	11.548	339	1
1525599293	19908	63.924	11.465	339	4
1525599293	20028	63.924	11.453	339	9
1525599293	20119	63.924	11.459	339	7
1525599293	20165	63.924	11.414	339	4
1525599293	20251	63.924	11.504	339	9
1525599293	20299	63.924	11.364	339	7
1525599293	20210	63.924	11.403	339	4
1525599293	20388	63.924	11.358	339	2
1525599293	20344	63.924	11.358	339	13
1525599293	20436	63.924	11.179	339	9
1525599293	20493	63.924	11.263	339	1
1525599293	20540	64.033	11.206	339	10
1525599293	20590	64.041	11.296	339	1
1525599293	20640	64.041	11.212	339	3
1525599293	20692	64.041	11.212	339	10
1525599293	20744	64.041	11.307	339	1
1525599293	20795	64.041	11.263	339	1
1525599294	19916	63.587	11.364	339	10
1525599294	19956	63.587	11.364	339	7
1525599294	19996	63.587	11.274	339	6
1525599294	20037	63.587	11.319	339	11
1525599294	20080	63.587	11.319	339	8
1525599294	20125	63.587	11.364	339	15
1525599294	20174	63.587	11.364	339	6
1525599294	20260	63.587	11.319	339	9
1525599294	20217	63.587	11.319	339	6
1525599294	20310	63.587	11.319	339	7
1525599294	20351	63.587	11.319	339	1
1525599294	20397	63.587	11.319	339	1
1525599294	20446	63.587	11.319	339	1
1525599294	20502	63.587	11.319	339	1
1525599294	20553	63.699	11.325	339	1
1525599294	20701	63.7	11.179	339	3
1525599294	20648	63.7	11.179	339	5
1525599294	20802	63.816	11.072	339	11
1525599295	19884	63.931	10.818	339	3
1525599295	19964	63.931	10.874	339	1
1525599295	20045	63.931	10.874	339	7
1525599295	20005	63.931	10.868	339	7
1525599295	20090	63.931	10.829	339	11
1525599295	20135	63.931	10.783	339	1
1525599295	20227	63.931	10.778	339	9
1525599295	20182	63.931	10.778	339	4
1525599295	20272	63.931	10.783	339	1
1525599295	20358	63.931	10.829	339	2
1525599295	20404	63.931	10.829	339	2
1525599295	20511	63.931	10.919	339	10
1525599295	20560	64.047	10.874	339	1
1525599295	20613	64.048	10.885	339	11
1525599295	20659	64.048	10.93	339	5
1525599295	20709	64.048	10.936	339	9
1525599295	20764	64.048	10.789	339	1
1525599296	19932	63.593	11.196	339	3
1525599296	19892	63.593	11.202	339	1
1525599296	19972	63.593	11.241	339	9
1525599296	20013	63.593	11.202	339	5
1525599296	20098	63.593	11.1	339	1
1525599296	20142	63.593	11.145	339	1
1525599296	20193	63.593	11.145	339	9
1525599296	20236	63.593	11.145	339	1
1525599296	20279	63.593	11.145	339	10
1525599296	20330	63.593	11.094	339	5
1525599296	20520	63.593	11.055	339	9
1525599296	20416	63.706	11.004	339	7
1525599296	20366	63.706	11.004	339	1
1525599296	20570	63.706	11.004	339	5
1525599296	20625	63.706	10.964	339	1
1525599296	20673	63.706	11.004	339	9
1525599296	20719	63.698	11.049	339	1
1525599296	20773	63.81	11.009	339	7
1525599297	19938	63.928	10.772	339	9
1525599297	19981	63.928	10.818	339	1
1525599297	20020	63.928	10.857	339	9
1525599297	20110	63.928	10.863	339	1
1525599297	20064	63.928	10.857	339	3
1525599297	20153	63.928	10.812	339	1
1525599297	20201	63.928	10.818	339	4
1525599297	20289	63.928	10.863	339	9
1525599297	20243	63.928	10.863	339	3
1525599297	20336	63.928	10.818	339	5
1525599297	20380	63.928	10.772	339	3
1525599297	20425	63.928	10.812	339	15
1525599297	20483	63.928	10.812	339	9
1525599297	20578	64.033	10.812	339	1
1525599297	20531	64.042	10.727	339	3
1525599297	20681	64.045	10.823	339	5
1525599297	20633	64.045	10.874	339	3
1525599297	20735	64.045	10.919	339	7
1525599297	20785	64.045	10.914	339	6
1525599298	19908	63.581	11.365	339	4
1525599298	19949	63.581	11.326	339	1
1525599298	19989	63.581	11.32	339	1
1525599298	20028	63.581	11.371	339	9
1525599298	20119	63.581	11.371	339	7
1525599298	20165	63.581	11.416	339	4
1525599298	20251	63.581	11.326	339	9
1525599298	20299	63.581	11.505	339	7
1525599298	20210	63.581	11.472	339	4
1525599298	20344	63.581	11.613	339	13
1525599298	20493	63.581	11.663	339	1
1525599298	20436	63.581	11.568	339	9
1525599298	20388	63.581	11.562	339	2
1525599298	20540	63.69	11.72	339	10
1525599298	20590	63.692	11.63	339	1
1525599298	20640	63.692	11.574	339	3
1525599298	20692	63.692	11.574	339	10
1525599298	20744	63.692	11.574	339	1
1525599298	20795	63.806	11.574	339	1
1525599299	19916	63.924	10.914	339	10
1525599299	19956	63.924	10.914	339	7
1525599299	20037	63.924	10.863	339	11
1525599299	19996	63.924	10.993	339	6
1525599299	20080	63.924	10.863	339	8
1525599299	20125	63.924	10.863	339	15
1525599299	20174	63.924	10.863	339	6
1525599299	20260	63.924	10.908	339	9
1525599299	20217	63.924	10.914	339	6
1525599299	20310	63.924	10.863	339	7
1525599299	20351	63.924	10.914	339	1
1525599299	20397	63.924	10.868	339	1
1525599299	20502	63.924	10.914	339	1
1525599299	20446	63.924	10.914	339	1
1525599299	20553	64.038	10.959	339	1
1525599299	20701	64.04	11.06	339	3
1525599299	20648	64.04	11.06	339	5
1525599299	20802	64.04	11.162	339	11
1525599300	19884	63.581	11.649	339	3
1525599300	19964	63.581	11.688	339	3
1525599300	20045	63.581	11.643	339	7
1525599300	20005	63.581	11.643	339	7
1525599300	20090	63.581	11.688	339	11
1525599300	20135	63.581	11.732	339	1
1525599300	20227	63.581	11.643	339	9
1525599300	20182	63.581	11.688	339	4
1525599300	20272	63.581	11.637	339	1
1525599300	20358	63.581	11.682	339	10
1525599300	20404	63.581	11.682	339	6
1525599300	20511	63.581	11.599	339	10
1525599300	20560	63.693	11.643	339	1
1525599300	20613	63.693	11.631	339	11
1525599300	20659	63.693	11.587	339	5
1525599300	20709	63.693	11.587	339	9
1525599300	20764	63.809	11.631	339	1
1525599301	19892	63.924	11.285	339	1
1525599301	19932	63.924	11.24	339	3
1525599301	19972	63.924	11.195	339	9
1525599301	20013	63.924	11.285	339	5
1525599301	20142	63.924	11.335	339	1
1525599301	20236	63.924	11.374	339	9
1525599301	20193	63.924	11.374	339	9
1525599301	20098	63.924	11.38	339	6
1525599301	20279	63.924	11.424	339	10
1525599301	20330	63.924	11.475	339	5
1525599301	20520	64.035	11.513	339	9
1525599301	20366	64.04	11.564	339	4
1525599301	20570	64.04	11.564	339	5
1525599301	20416	64.04	11.564	339	7
1525599301	20625	64.04	11.614	339	1
1525599301	20673	64.04	11.614	339	9
1525599301	20719	64.04	11.558	339	1
1525599301	20773	64.04	11.564	339	7
1525599302	19981	63.584	12.247	339	1
1525599302	19938	63.584	12.291	339	9
1525599302	20020	63.584	12.253	339	9
1525599302	20064	63.584	12.203	339	3
1525599302	20110	63.584	12.203	339	1
1525599302	20153	63.584	12.336	339	1
1525599302	20289	63.584	12.336	339	9
1525599302	20243	63.584	12.336	339	3
1525599302	20201	63.584	12.291	339	4
1525599302	20336	63.584	12.336	339	5
1525599302	20380	63.584	12.336	339	3
1525599302	20425	63.584	12.342	339	15
1525599302	20483	63.584	12.386	339	9
1525599302	20578	63.698	12.386	339	1
1525599302	20531	63.698	12.342	339	3
1525599302	20681	63.698	12.386	339	5
1525599302	20633	63.698	12.38	339	3
1525599302	20735	63.698	12.291	339	7
1525599302	20785	63.698	12.285	339	6
1525599303	19908	63.932	12.576	339	4
1525599303	19949	63.932	12.576	339	1
1525599303	19989	63.932	12.532	339	1
1525599303	20028	63.932	12.525	339	9
1525599303	20119	63.932	12.576	339	7
1525599303	20165	63.932	12.487	339	4
1525599303	20251	63.932	12.532	339	9
1525599303	20299	63.932	12.443	339	7
1525599303	20210	63.932	12.519	339	4
1525599303	20388	63.932	12.43	339	2
1525599303	20493	63.932	12.278	339	1
1525599303	20436	63.932	12.456	339	9
1525599303	20344	63.932	12.373	339	13
1525599303	20540	64.046	12.272	339	10
1525599303	20590	64.047	12.367	339	1
1525599303	20640	64.047	12.411	339	3
1525599303	20692	64.047	12.418	339	10
1525599303	20744	64.047	12.468	339	1
1525599303	20795	64.047	12.468	339	1
1525599304	19916	63.591	12.999	339	10
1525599304	19956	63.591	12.993	339	7
1525599304	19996	63.591	12.918	339	6
1525599304	20037	63.591	13.006	339	11
1525599304	20080	63.591	12.993	339	8
1525599304	20125	63.591	12.962	339	15
1525599304	20174	63.591	12.999	339	6
1525599304	20260	63.591	12.949	339	9
1525599304	20217	63.591	12.949	339	6
1525599304	20310	63.591	12.955	339	7
1525599304	20351	63.591	12.949	339	1
1525599304	20397	63.591	12.949	339	3
1525599304	20446	63.591	12.905	339	3
1525599304	20502	63.591	12.942	339	1
1525599304	20553	63.703	12.905	339	1
1525599304	20701	63.703	12.848	339	3
1525599304	20648	63.703	12.848	339	5
1525599304	20802	63.819	12.747	339	11
1525599305	19884	63.936	12.19	339	3
1525599305	19964	63.936	12.101	339	3
1525599305	20045	63.936	12.14	339	7
1525599305	20005	63.936	12.095	339	7
1525599305	20090	63.936	12.051	339	11
1525599305	20135	63.936	12.051	339	1
1525599305	20227	63.936	12.057	339	9
1525599305	20182	63.936	12.057	339	4
1525599305	20272	63.936	12.101	339	1
1525599305	20358	63.936	12.101	339	10
1525599305	20404	63.936	12.057	339	6
1525599305	20511	63.936	12.095	339	10
1525599305	20560	64.05	12.051	339	1
1525599305	20659	64.05	12.152	339	5
1525599305	20613	64.05	12.063	339	11
1525599305	20709	64.05	12.146	339	9
1525599305	20764	64.05	12.146	339	1
1525599306	19892	63.597	12.304	339	3
1525599306	19932	63.597	12.399	339	3
1525599306	20013	63.596	12.348	339	5
1525599306	19972	63.597	12.399	339	9
1525599306	20098	63.596	12.266	339	6
1525599306	20142	63.596	12.266	339	1
1525599306	20193	63.596	12.221	339	9
1525599306	20236	63.596	12.266	339	9
1525599306	20279	63.596	12.259	339	10
1525599306	20330	63.596	12.17	339	5
1525599306	20366	63.709	12.164	339	4
1525599306	20520	63.596	12.17	339	9
1525599306	20416	63.709	12.164	339	7
1525599306	20570	63.709	12.164	339	5
1525599306	20625	63.709	12.101	339	1
1525599306	20673	63.709	12.018	339	9
1525599306	20719	63.709	12.12	339	1
1525599306	20773	63.823	12.114	339	7
1525599307	19938	63.933	11.453	339	9
1525599307	20020	63.933	11.453	339	9
1525599307	19981	63.933	11.447	339	1
1525599307	20110	63.933	11.498	339	1
1525599307	20064	63.933	11.498	339	3
1525599307	20153	63.933	11.408	339	1
1525599307	20201	63.933	11.408	339	4
1525599307	20289	63.933	11.319	339	9
1525599307	20243	63.933	11.313	339	3
1525599307	20336	63.933	11.364	339	5
1525599307	20425	63.933	11.307	339	15
1525599307	20483	63.933	11.313	339	9
1525599307	20380	63.933	11.313	339	3
1525599307	20578	64.039	11.313	339	1
1525599307	20531	64.045	11.307	339	3
1525599307	20681	64.047	11.313	339	5
1525599307	20633	64.047	11.268	339	3
1525599307	20735	64.047	11.364	339	7
1525599307	20785	64.047	11.325	339	6
1525599308	19949	63.592	11.134	339	1
1525599308	19908	63.592	11.083	339	4
1525599308	19989	63.592	11.083	339	1
1525599308	20028	63.592	11.089	339	9
1525599308	20119	63.592	11.038	339	7
1525599308	20165	63.592	11.083	339	4
1525599308	20251	63.592	11.078	339	9
1525599308	20299	63.592	11.033	339	7
1525599308	20210	63.592	10.988	339	4
1525599308	20388	63.592	10.988	339	2
1525599308	20344	63.592	10.993	339	13
1525599308	20436	63.592	10.954	339	9
1525599308	20493	63.592	11.044	339	1
1525599308	20540	63.697	10.988	339	10
1525599308	20590	63.703	10.893	339	1
1525599308	20692	63.704	10.887	339	10
1525599308	20640	63.704	10.893	339	3
1525599308	20744	63.704	10.882	339	1
1525599308	20795	63.82	10.921	339	1
1525599309	19916	63.935	10.614	339	10
1525599309	19956	63.935	10.664	339	7
1525599309	19996	63.935	10.659	339	6
1525599309	20037	63.935	10.659	339	11
1525599309	20080	63.935	10.669	339	8
1525599309	20125	63.935	10.704	339	15
1525599309	20174	63.935	10.619	339	6
1525599309	20260	63.935	10.669	339	9
1525599309	20217	63.935	10.664	339	6
1525599309	20310	63.935	10.709	339	7
1525599309	20351	63.935	10.709	339	1
1525599309	20397	63.935	10.709	339	3
1525599309	20502	63.935	10.714	339	1
1525599309	20446	63.935	10.754	339	3
1525599309	20553	64.053	10.754	339	1
1525599309	20701	64.053	10.809	339	3
1525599309	20648	64.053	10.809	339	5
1525599309	20802	64.053	10.86	339	11
1525599310	19884	63.598	11.413	339	3
1525599310	20045	63.598	11.419	339	7
1525599310	19964	63.598	11.457	339	3
1525599310	20005	63.598	11.457	339	7
1525599310	20090	63.598	11.457	339	11
1525599310	20135	63.598	11.457	339	1
1525599310	20182	63.598	11.407	339	4
1525599310	20227	63.598	11.452	339	9
1525599310	20272	63.598	11.407	339	1
1525599310	20358	63.598	11.357	339	10
1525599310	20511	63.598	11.463	339	10
1525599310	20404	63.598	11.457	339	6
1525599310	20560	63.598	11.564	339	1
1525599310	20613	63.711	11.652	339	11
1525599310	20659	63.711	11.608	339	5
1525599310	20709	63.711	11.552	339	9
1525599310	20764	63.827	11.463	339	1
1525599311	19892	63.945	11.128	339	3
1525599311	19972	63.945	11.122	339	9
1525599311	20013	63.945	11.078	339	5
1525599311	19932	63.945	11.122	339	3
1525599311	20098	63.945	11.167	339	6
1525599311	20142	63.945	11.173	339	1
1525599311	20193	63.945	11.178	339	9
1525599311	20236	63.945	11.173	339	9
1525599311	20279	63.945	11.078	339	10
1525599311	20330	63.945	11.128	339	5
1525599311	20520	63.945	11.122	339	9
1525599311	20366	64.056	11.083	339	4
1525599311	20416	64.056	11.083	339	7
1525599311	20570	64.056	11.128	339	5
1525599311	20625	64.056	11.139	339	1
1525599311	20673	64.056	11.178	339	9
1525599311	20719	64.056	11.128	339	1
1525599311	20773	64.056	11.128	339	7
1525599312	19938	63.597	11.453	339	9
1525599312	19981	63.597	11.504	339	1
1525599312	20020	63.597	11.492	339	9
1525599312	20064	63.597	11.453	339	3
1525599312	20110	63.597	11.447	339	1
1525599312	20153	63.597	11.492	339	1
1525599312	20201	63.597	11.492	339	4
1525599312	20289	63.597	11.537	339	9
1525599312	20243	63.597	11.542	339	3
1525599312	20336	63.597	11.537	339	5
1525599312	20578	63.597	11.694	339	1
1525599312	20483	63.597	11.593	339	9
1525599312	20425	63.597	11.643	339	15
1525599312	20380	63.597	11.688	339	3
1525599312	20531	63.597	11.788	339	3
1525599312	20681	63.709	11.788	339	5
1525599312	20633	63.709	11.788	339	3
1525599312	20735	63.709	11.732	339	7
1525599312	20785	63.709	11.782	339	6
1525599313	19908	63.94	11.251	339	4
1525599313	19949	63.94	11.201	339	1
1525599313	19989	63.94	11.251	339	1
1525599313	20028	63.94	11.246	339	9
1525599313	20119	63.94	11.246	339	7
1525599313	20165	63.94	11.29	339	4
1525599313	20251	63.94	11.296	339	9
1525599313	20299	63.94	11.251	339	7
1525599313	20210	63.94	11.29	339	4
1525599313	20388	63.94	11.29	339	2
1525599313	20493	63.94	11.29	339	1
1525599313	20344	63.94	11.29	339	13
1525599313	20436	63.94	11.29	339	9
1525599313	20540	64.054	11.296	339	10
1525599313	20590	64.054	11.341	339	1
1525599313	20640	64.054	11.391	339	3
1525599313	20692	64.054	11.391	339	10
1525599313	20744	64.054	11.352	339	1
1525599313	20795	64.054	11.358	339	1
1525599314	19956	63.598	11.667	339	7
1525599314	19916	63.599	11.717	339	10
1525599314	19996	63.598	11.673	339	6
1525599314	20037	63.598	11.673	339	11
1525599314	20080	63.598	11.673	339	8
1525599314	20125	63.598	11.673	339	15
1525599314	20174	63.598	11.756	339	6
1525599314	20260	63.598	11.711	339	9
1525599314	20217	63.598	11.717	339	6
1525599314	20310	63.598	11.673	339	7
1525599314	20351	63.598	11.673	339	1
1525599314	20397	63.598	11.717	339	3
1525599314	20446	63.598	11.628	339	3
1525599314	20502	63.598	11.622	339	1
1525599314	20553	63.71	11.667	339	1
1525599314	20701	63.71	11.476	339	3
1525599314	20648	63.71	11.47	339	5
1525599314	20802	63.824	11.521	339	11
1525599315	19884	63.945	12.063	339	3
1525599315	19964	63.945	12.018	339	3
1525599315	20045	63.945	12.012	339	7
1525599315	20005	63.945	12.069	339	7
1525599315	20090	63.945	12.018	339	11
1525599315	20135	63.945	12.012	339	1
1525599315	20182	63.945	12.057	339	4
1525599315	20227	63.945	12.018	339	9
1525599315	20272	63.945	12.107	339	1
1525599315	20358	63.945	12.069	339	10
1525599315	20404	63.945	11.974	339	6
1525599315	20511	63.945	12.057	339	10
1525599315	20560	64.06	11.961	339	1
1525599315	20659	64.062	11.955	339	5
1525599315	20613	64.062	11.911	339	11
1525599315	20709	64.062	11.961	339	9
1525599315	20764	64.062	12.006	339	1
1525599316	19892	63.6	13.728	339	3
1525599316	19932	63.6	13.692	339	3
1525599316	19972	63.6	13.692	339	9
1525599316	20013	63.6	13.786	339	5
1525599316	20098	63.6	13.902	339	6
1525599316	20142	63.6	13.989	339	1
1525599316	20193	63.6	14.069	339	9
1525599316	20236	63.6	14.083	339	9
1525599316	20279	63.6	14.184	339	10
1525599316	20330	63.6	14.228	339	5
1525599316	20416	63.6	14.228	339	7
1525599316	20520	63.6	14.228	339	9
1525599316	20366	63.6	14.228	339	4
1525599316	20570	63.6	14.278	339	5
1525599316	20625	63.712	14.329	339	1
1525599316	20673	63.712	14.286	339	9
1525599316	20719	63.712	14.228	339	1
1525599316	20773	63.712	14.221	339	7
1525599317	19981	63.83	15.949	339	1
1525599317	19938	63.83	16.008	339	9
1525599317	20064	63.83	16.051	339	3
1525599317	20020	63.83	15.923	339	9
1525599317	20110	63.83	16.059	339	1
1525599317	20201	63.83	16.168	339	4
1525599317	20153	63.83	16.118	339	1
1525599317	20243	63.83	16.227	339	3
1525599317	20289	63.83	16.227	339	9
1525599317	20336	63.83	16.371	339	5
1525599317	20483	63.83	16.312	339	9
1525599317	20380	63.83	16.219	339	3
1525599317	20425	63.83	16.27	339	15
1525599317	20531	63.83	16.118	339	3
1525599317	20578	63.83	16.118	339	9
1525599317	20681	63.83	16.168	339	5
1525599317	20633	63.83	16.211	339	3
1525599317	20735	63.956	16.27	339	7
1525599317	20785	63.956	16.16	339	6
1525599318	19949	63.609	17.013	339	3
1525599318	19908	63.609	16.971	339	4
1525599318	19989	63.609	16.971	339	1
1525599318	20028	63.609	16.979	339	9
1525599318	20119	63.609	16.971	339	7
1525599318	20165	63.609	16.937	339	4
1525599318	20251	63.609	16.937	339	9
1525599318	20299	63.609	17.105	339	7
1525599318	20210	63.609	17.072	339	4
1525599318	20388	63.609	17.021	339	2
1525599318	20344	63.609	17.03	339	13
1525599318	20436	63.609	17.021	339	9
1525599318	20493	63.609	17.105	339	1
1525599318	20540	63.681	17.072	339	10
1525599318	20590	63.723	17.072	339	1
1525599318	20640	63.723	16.979	339	3
1525599318	20692	63.723	16.979	339	10
1525599318	20744	63.723	16.929	339	1
1525599318	20795	63.839	16.929	339	7
1525599319	19916	63.955	16.447	339	10
1525599319	19956	63.955	16.455	339	7
1525599319	19996	63.955	16.489	339	6
1525599319	20037	63.955	16.447	339	11
1525599319	20080	63.955	16.447	339	8
1525599319	20125	63.955	16.489	339	15
1525599319	20174	63.955	16.455	339	6
1525599319	20260	63.955	16.54	339	9
1525599319	20217	63.955	16.54	339	6
1525599319	20310	63.955	16.531	339	7
1525599319	20397	63.955	16.497	339	3
1525599319	20351	63.955	16.54	339	1
1525599319	20502	63.957	16.548	339	7
1525599319	20446	63.957	16.54	339	3
1525599319	20553	64.066	16.591	339	5
1525599319	20648	64.072	16.827	339	5
1525599319	20701	64.072	16.827	339	3
1525599319	20802	64.073	16.886	339	11
1525599320	19884	63.585	20.122	339	3
1525599320	19964	63.585	20.163	339	3
1525599320	20045	63.585	20.213	339	7
1525599320	20005	63.585	20.163	339	7
1525599320	20227	63.585	20.376	339	9
1525599320	20135	63.585	20.325	339	7
1525599320	20090	63.585	20.294	339	11
1525599320	20182	63.585	20.427	339	4
1525599320	20272	63.585	20.437	339	9
1525599320	20358	63.585	20.518	339	10
1525599320	20404	63.585	20.518	339	6
1525599320	20511	63.585	20.427	339	10
1525599320	20560	63.585	20.457	339	1
1525599320	20613	63.698	20.416	339	11
1525599320	20659	63.698	20.336	339	5
1525599320	20709	63.698	20.325	339	9
1525599320	20764	63.698	20.528	339	5
1525599321	19892	63.938	20.825	339	3
1525599321	19972	63.938	20.865	339	9
1525599321	20013	63.938	20.855	339	5
1525599321	20142	63.938	20.865	339	1
1525599321	19932	63.938	20.865	339	3
1525599321	20098	63.938	20.855	339	6
1525599321	20193	63.938	20.825	339	9
1525599321	20236	63.938	20.785	339	9
1525599321	20279	63.938	20.825	339	10
1525599321	20330	63.938	20.835	339	5
1525599321	20520	63.938	20.755	339	9
1525599321	20416	63.938	20.785	339	7
1525599321	20366	63.938	20.825	339	4
1525599321	20570	63.94	20.693	339	5
1525599321	20673	64.055	20.774	339	9
1525599321	20625	64.055	20.734	339	1
1525599321	20719	64.055	20.927	339	1
1525599321	20773	64.055	20.948	339	7
1525599322	20020	63.594	20.876	339	9
1525599322	20110	63.594	20.835	339	1
1525599322	19981	63.592	20.835	339	1
1525599322	20201	63.594	20.865	339	4
1525599322	20153	63.594	20.825	339	1
1525599322	20064	63.594	20.835	339	3
1525599322	19938	63.592	20.825	339	9
1525599322	20289	63.594	20.865	339	9
1525599322	20243	63.594	20.905	339	3
1525599322	20336	63.595	20.835	339	5
1525599322	20483	63.595	20.937	339	9
1525599322	20425	63.595	20.967	339	15
1525599322	20380	63.595	20.937	339	1
1525599322	20531	63.592	20.937	339	3
1525599322	20578	63.595	20.988	339	9
1525599322	20681	63.705	20.937	339	5
1525599322	20633	63.708	20.948	339	3
1525599322	20735	63.717	20.927	339	7
1525599322	20785	63.717	20.937	339	6
1525599323	19908	63.839	22.222	339	4
1525599323	19989	63.839	22.222	339	1
1525599323	19949	63.839	22.183	339	3
1525599323	20119	63.839	22.285	339	7
1525599323	20028	63.839	22.262	339	9
1525599323	20165	63.839	22.313	339	4
1525599323	20251	63.839	22.352	339	9
1525599323	20299	63.839	22.183	339	7
1525599323	20210	63.839	22.194	339	4
1525599323	20436	63.839	22.222	339	9
1525599323	20344	63.839	22.262	339	13
1525599323	20388	63.839	22.234	339	2
1525599323	20493	63.839	22.171	339	1
1525599323	20540	63.948	22.211	339	10
1525599323	20590	63.962	22.222	339	1
1525599323	20640	63.962	22.211	339	3
1525599323	20692	63.962	22.222	339	10
1525599323	20744	63.962	22.222	339	1
1525599323	20795	63.962	22.262	339	7
1525599324	19916	63.605	24.542	339	10
1525599324	19996	63.605	24.593	339	6
1525599324	19956	63.605	24.58	339	7
1525599324	20037	63.605	24.631	339	11
1525599324	20080	63.605	24.631	339	8
1525599324	20125	63.605	24.656	339	15
1525599324	20174	63.605	24.695	339	6
1525599324	20260	63.605	24.656	339	9
1525599324	20217	63.605	24.656	339	6
1525599324	20310	63.605	24.707	339	7
1525599324	20351	63.605	24.745	339	1
1525599324	20397	63.605	24.745	339	3
1525599324	20446	63.605	24.695	339	3
1525599324	20502	63.605	24.695	339	7
1525599324	20553	63.605	24.618	339	5
1525599324	20648	63.718	24.542	339	5
1525599324	20701	63.718	24.465	339	1
1525599324	20802	63.766	24.414	339	11
1525599325	19884	63.952	20.366	339	3
1525599325	20045	63.952	20.366	339	7
1525599325	19964	63.952	20.376	339	3
1525599325	20005	63.952	20.325	339	7
1525599325	20090	63.952	20.274	339	12
1525599325	20135	63.952	20.213	339	7
1525599325	20227	63.952	20.203	339	9
1525599325	20182	63.952	20.112	339	4
1525599325	20272	63.952	20.061	339	9
1525599325	20404	63.952	20.01	339	6
1525599325	20358	63.952	19.97	339	10
1525599325	20560	63.952	20.142	339	1
1525599325	20511	63.952	20.031	339	10
1525599325	20613	64.068	20.193	339	11
1525599325	20659	64.07	20.274	339	5
1525599325	20709	64.07	20.295	339	9
1525599325	20764	64.07	20.142	339	5
1525599326	19972	63.605	18.661	339	9
1525599326	19892	63.605	18.712	339	3
1525599326	19932	63.605	18.661	339	3
1525599326	20013	63.605	18.661	339	5
1525599326	20098	63.605	18.541	339	6
1525599326	20142	63.605	18.449	339	1
1525599326	20193	63.605	18.408	339	10
1525599326	20236	63.605	18.532	339	9
1525599326	20279	63.605	18.541	339	10
1525599326	20330	63.605	18.623	339	5
1525599326	20520	63.605	18.633	339	9
1525599326	20416	63.72	18.633	339	7
1525599326	20366	63.72	18.592	339	4
1525599326	20570	63.72	18.592	339	5
1525599326	20625	63.72	18.449	339	1
1525599326	20673	63.72	18.481	339	9
1525599326	20719	63.72	18.449	339	1
1525599326	20773	63.827	18.532	339	7
1525599327	19981	63.958	16.743	339	1
1525599327	19938	63.958	16.734	339	9
1525599327	20020	63.958	16.776	339	9
1525599327	20064	63.958	16.734	339	3
1525599327	20110	63.958	16.734	339	1
1525599327	20153	63.958	16.675	339	1
1525599327	20201	63.958	16.582	339	4
1525599327	20289	63.958	16.532	339	9
1525599327	20243	63.958	16.49	339	3
1525599327	20336	63.958	16.616	339	5
1525599327	20483	63.958	16.574	339	9
1525599327	20425	63.958	16.625	339	15
1525599327	20380	63.958	16.667	339	1
1525599327	20578	64.064	16.658	339	9
1525599327	20531	64.072	16.667	339	3
1525599327	20681	64.075	16.658	339	5
1525599327	20633	64.075	16.616	339	3
1525599327	20735	64.075	16.675	339	7
1525599327	20785	64.075	16.726	339	6
1525599328	19989	63.609	19.272	339	1
1525599328	19949	63.609	19.272	339	3
1525599328	19908	63.609	19.231	339	4
1525599328	20028	63.609	19.332	339	12
1525599328	20165	63.609	19.342	339	4
1525599328	20119	63.609	19.404	339	7
1525599328	20251	63.609	19.443	339	9
1525599328	20299	63.609	19.544	339	1
1525599328	20210	63.609	19.534	339	4
1525599328	20388	63.609	19.585	339	2
1525599328	20344	63.609	19.544	339	13
1525599328	20436	63.609	19.595	339	5
1525599328	20493	63.609	19.513	339	1
1525599328	20540	63.609	19.494	339	10
1525599328	20590	63.723	19.453	339	1
1525599328	20640	63.723	19.494	339	3
1525599328	20692	63.723	19.494	339	10
1525599328	20744	63.723	19.484	339	1
1525599328	20795	63.723	19.301	339	7
1525599329	19996	63.847	17.217	339	6
1525599329	20080	63.847	17.268	339	8
1525599329	19956	63.847	17.226	339	13
1525599329	20174	63.847	17.318	339	6
1525599329	20037	63.847	17.268	339	11
1525599329	19916	63.847	17.268	339	10
1525599329	20217	63.847	17.42	339	6
1525599329	20260	63.847	17.42	339	9
1525599329	20125	63.847	17.268	339	15
1525599329	20351	63.847	17.438	339	1
1525599329	20310	63.847	17.42	339	7
1525599329	20397	63.847	17.48	339	3
1525599329	20446	63.847	17.53	339	3
1525599329	20502	63.847	17.522	339	7
1525599329	20553	63.847	17.48	339	5
1525599329	20701	63.956	17.581	339	1
1525599329	20648	63.965	17.572	339	5
1525599329	20802	63.965	17.438	339	11
1525599330	19964	63.615	18.343	339	3
1525599330	19884	63.615	18.394	339	3
1525599330	20045	63.615	18.353	339	9
1525599330	20005	63.615	18.404	339	7
1525599330	20090	63.615	18.362	339	18
1525599330	20227	63.615	18.454	339	1
1525599330	20135	63.615	18.445	339	7
1525599330	20182	63.615	18.505	339	4
1525599330	20272	63.615	18.556	339	9
1525599330	20358	63.615	18.556	339	10
1525599330	20404	63.615	18.505	339	6
1525599330	20511	63.615	18.537	339	10
1525599330	20560	63.622	18.385	339	1
1525599330	20613	63.727	18.325	339	11
1525599330	20659	63.727	18.242	339	5
1525599330	20709	63.727	18.283	339	3
1525599330	20764	63.729	18.334	339	5
1525599331	19972	63.954	17.776	339	1
1525599331	19932	63.954	17.776	339	1
1525599331	19892	63.954	17.766	339	3
1525599331	20013	63.954	17.734	339	5
1525599331	20098	63.954	17.692	339	6
1525599331	20142	63.954	17.692	339	1
1525599331	20193	63.954	17.692	339	11
1525599331	20236	63.954	17.641	339	9
1525599331	20279	63.954	17.489	339	10
1525599331	20330	63.954	17.387	339	5
1525599331	20520	63.954	17.387	339	6
1525599331	20366	64.068	17.429	339	4
1525599331	20416	64.068	17.429	339	7
1525599331	20570	64.07	17.471	339	1
1525599331	20625	64.07	17.614	339	1
1525599331	20673	64.07	17.539	339	11
1525599331	20719	64.07	17.489	339	1
1525599331	20773	64.07	17.396	339	1
1525599332	19938	63.606	17.522	339	9
1525599332	19981	63.606	17.555	339	1
1525599332	20020	63.606	17.513	339	9
1525599332	20064	63.606	17.522	339	3
1525599332	20110	63.606	17.513	339	1
1525599332	20153	63.606	17.48	339	1
1525599332	20201	63.606	17.489	339	1
1525599332	20243	63.606	17.53	339	3
1525599332	20289	63.606	17.53	339	9
1525599332	20336	63.606	17.285	339	5
1525599332	20425	63.606	17.318	339	15
1525599332	20578	63.606	17.294	339	9
1525599332	20531	63.606	17.294	339	3
1525599332	20483	63.606	17.285	339	16
1525599332	20380	63.606	17.234	339	1
1525599332	20681	63.718	17.294	339	8
1525599332	20633	63.718	17.285	339	3
1525599332	20735	63.718	17.099	339	3
1525599332	20785	63.718	17.124	339	6
1525599333	19949	63.952	12.81	339	3
1525599333	19908	63.952	12.81	339	4
1525599333	19989	63.952	12.766	339	1
1525599333	20028	63.952	12.658	339	17
1525599333	20119	63.952	12.57	339	11
1525599333	20165	63.952	12.69	339	4
1525599333	20251	63.952	12.5	339	9
1525599333	20299	63.952	12.449	339	1
1525599333	20210	63.952	12.449	339	1
1525599333	20388	63.952	12.399	339	1
1525599333	20436	63.952	12.399	339	12
1525599333	20344	63.952	12.443	339	13
1525599333	20493	63.952	12.449	339	1
1525599333	20540	64.068	12.544	339	10
1525599333	20590	64.07	12.588	339	1
1525599333	20640	64.07	12.601	339	3
1525599333	20692	64.07	12.601	339	10
1525599333	20744	64.07	12.747	339	3
1525599333	20795	64.07	12.841	339	7
1525599334	19916	63.616	13.068	339	10
1525599334	19996	63.616	13.155	339	6
1525599334	20080	63.616	13.054	339	8
1525599334	19956	63.616	13.061	339	20
1525599334	20125	63.616	13.011	339	15
1525599334	20037	63.616	13.061	339	11
1525599334	20174	63.616	13.048	339	1
1525599334	20260	63.616	12.954	339	9
1525599334	20217	63.616	12.954	339	6
1525599334	20310	63.616	12.954	339	1
1525599334	20351	63.616	12.947	339	1
1525599334	20397	63.616	12.954	339	3
1525599334	20502	63.616	13.011	339	7
1525599334	20446	63.616	13.004	339	3
1525599334	20553	63.732	13.092	339	5
1525599334	20701	63.732	13.186	339	1
1525599334	20648	63.732	13.111	339	5
1525599334	20802	63.847	13.337	339	11
1525599335	19964	63.963	12.583	339	3
1525599335	19884	63.963	12.583	339	3
1525599335	20005	63.963	12.576	339	7
1525599335	20090	63.963	12.583	339	29
1525599335	20045	63.963	12.538	339	20
1525599335	20135	63.963	12.634	339	7
1525599335	20227	63.963	12.634	339	3
1525599335	20182	63.963	12.634	339	4
1525599335	20272	63.963	12.576	339	9
1525599335	20358	63.963	12.672	339	10
1525599335	20404	63.963	12.678	339	6
1525599335	20511	63.963	12.64	339	10
1525599335	20560	63.963	12.691	339	1
1525599335	20613	64.075	12.787	339	11
1525599335	20659	64.077	12.875	339	5
1525599335	20709	64.077	12.882	339	10
1525599335	20764	64.077	12.736	339	5
1525599336	19892	63.612	15.023	339	3
1525599336	19932	63.612	14.98	339	1
1525599336	20013	63.612	14.98	339	5
1525599336	19972	63.612	14.98	339	3
1525599336	20098	63.612	15.176	339	6
1525599336	20193	63.612	15.212	339	15
1525599336	20142	63.612	15.204	339	3
1525599336	20236	63.612	15.176	339	9
1525599336	20279	63.612	15.322	339	10
1525599336	20330	63.612	15.322	339	5
1525599336	20520	63.612	15.365	339	15
1525599336	20366	63.708	15.33	339	4
1525599336	20416	63.723	15.322	339	7
1525599336	20570	63.723	15.33	339	5
1525599336	20625	63.723	15.227	339	1
1525599336	20673	63.723	15.227	339	13
1525599336	20719	63.723	15.161	339	1
1525599336	20773	63.723	15.169	339	1
1525599337	19938	63.85	16.325	339	9
1525599337	20020	63.85	16.283	339	9
1525599337	19981	63.85	16.325	339	1
1525599337	20064	63.85	16.283	339	3
1525599337	20110	63.85	16.291	339	1
1525599337	20201	63.85	16.522	339	1
1525599337	20243	63.85	16.522	339	3
1525599337	20289	63.85	16.522	339	9
1525599337	20153	63.85	16.479	339	1
1525599337	20336	63.85	16.684	339	5
1525599337	20483	63.85	16.633	339	23
1525599337	20380	63.85	16.633	339	1
1525599337	20425	63.85	16.556	339	15
1525599337	20578	63.85	16.624	339	9
1525599337	20531	63.85	16.616	339	3
1525599337	20633	63.85	16.53	339	3
1525599337	20681	63.85	16.53	339	7
1525599337	20735	63.964	16.726	339	5
1525599337	20785	63.964	16.692	339	6
1525599338	19908	63.628	18.583	339	4
1525599338	19949	63.628	18.583	339	3
1525599338	20119	63.628	18.737	339	16
1525599338	20028	63.628	18.728	339	17
1525599338	20251	63.628	18.891	339	9
1525599338	19989	63.628	18.625	339	1
1525599338	20299	63.628	18.952	339	5
1525599338	20165	63.628	18.747	339	4
1525599338	20210	63.628	19.097	339	1
1525599338	20388	63.628	19.199	339	1
1525599338	20344	63.628	19.158	339	13
1525599338	20436	63.628	19.199	339	21
1525599338	20493	63.628	19.189	339	1
1525599338	20540	63.628	19.106	339	10
1525599338	20590	63.741	19.097	339	1
1525599338	20640	63.741	19.055	339	3
1525599338	20692	63.741	19.035	339	10
1525599338	20744	63.741	18.859	339	3
1525599338	20795	63.851	18.911	339	7
1525599339	19956	63.979	18.747	339	13
1525599339	19916	63.979	18.695	339	10
1525599339	19996	63.979	18.663	339	6
1525599339	20037	63.979	18.705	339	11
1525599339	20080	63.979	18.715	339	8
1525599339	20125	63.979	18.747	339	15
1525599339	20174	63.979	18.612	339	1
1525599339	20260	63.979	18.612	339	9
1525599339	20217	63.979	18.602	339	6
1525599339	20310	63.979	18.56	339	1
1525599339	20351	63.979	18.509	339	1
1525599339	20397	63.979	18.499	339	3
1525599339	20502	63.979	18.397	339	7
1525599339	20446	63.979	18.397	339	3
1525599339	20553	64.09	18.364	339	5
1525599339	20701	64.084	18.187	339	1
1525599339	20648	64.084	18.177	339	5
1525599339	20802	64.086	18.219	339	11
1525599340	19884	63.601	18.798	339	3
1525599340	19964	63.601	18.83	339	3
1525599340	20045	63.601	18.871	339	16
1525599340	20005	63.601	18.839	339	7
1525599340	20090	63.601	18.779	339	25
1525599340	20135	63.601	18.728	339	7
1525599340	20227	63.601	18.677	339	8
1525599340	20182	63.601	18.677	339	4
1525599340	20272	63.601	18.779	339	9
1525599340	20358	63.601	18.747	339	10
1525599340	20404	63.601	18.788	339	6
1525599340	20511	63.601	18.82	339	10
1525599340	20560	63.712	18.769	339	1
1525599340	20613	63.712	18.635	339	11
1525599340	20709	63.712	18.585	339	21
1525599340	20659	63.712	18.552	339	5
1525599340	20764	63.715	18.737	339	5
1525599341	19972	63.958	17.776	339	13
1525599341	19932	63.958	17.776	339	6
1525599341	19892	63.958	17.785	339	3
1525599341	20013	63.958	17.826	339	5
1525599341	20098	63.958	17.632	339	6
1525599341	20142	63.958	17.65	339	3
1525599341	20236	63.958	17.683	339	9
1525599341	20193	63.958	17.65	339	20
1525599341	20279	63.958	17.599	339	10
1525599341	20330	63.958	17.641	339	5
1525599341	20366	63.956	17.65	339	4
1525599341	20416	63.956	17.659	339	7
1525599341	20520	63.956	17.701	339	19
1525599341	20570	64.07	17.701	339	12
1525599341	20625	64.07	17.812	339	1
1525599341	20673	64.071	17.854	339	13
1525599341	20719	64.071	17.964	339	1
1525599341	20773	64.071	17.955	339	2
1525599342	19938	63.609	17.504	339	9
1525599342	19981	63.609	17.513	339	1
1525599342	20020	63.609	17.504	339	9
1525599342	20064	63.609	17.495	339	3
1525599342	20110	63.609	17.495	339	1
1525599342	20153	63.609	17.31	339	1
1525599342	20201	63.609	17.259	339	1
1525599342	20243	63.609	17.259	339	3
1525599342	20289	63.609	17.259	339	9
1525599342	20336	63.609	17.241	339	5
1525599342	20483	63.609	17.301	339	19
1525599342	20425	63.609	17.301	339	15
1525599342	20380	63.609	17.31	339	1
1525599342	20578	63.723	17.343	339	9
1525599342	20531	63.723	17.31	339	3
1525599342	20681	63.723	17.25	339	7
1525599342	20633	63.723	17.292	339	3
1525599342	20735	63.723	17.241	339	9
1525599342	20785	63.832	17.352	339	6
1525599343	19908	63.965	15.891	339	4
1525599343	19949	63.965	15.856	339	3
1525599343	19989	63.965	15.899	339	1
1525599343	20028	63.965	15.755	339	16
1525599343	20119	63.965	15.789	339	17
1525599343	20165	63.965	15.739	339	4
1525599343	20251	63.965	15.68	339	9
1525599343	20299	63.965	15.579	339	11
1525599343	20210	63.965	15.529	339	1
1525599343	20388	63.965	15.427	339	1
1525599343	20344	63.965	15.435	339	13
1525599343	20436	63.965	15.385	339	18
1525599343	20493	63.965	15.435	339	1
1525599343	20540	63.965	15.536	339	10
1525599343	20692	64.082	15.646	339	10
1525599343	20590	64.08	15.544	339	1
1525599343	20640	64.082	15.638	339	3
1525599343	20744	64.082	15.781	339	3
1525599343	20795	64.082	15.781	339	7
1525599344	19916	63.613	16.591	339	10
1525599344	19956	63.613	16.591	339	13
1525599344	19996	63.613	16.549	339	6
1525599344	20080	63.613	16.574	339	8
1525599344	20037	63.613	16.582	339	11
1525599344	20125	63.613	16.49	339	15
1525599344	20174	63.613	16.54	339	1
1525599344	20217	63.613	16.498	339	6
1525599344	20260	63.613	16.49	339	9
1525599344	20310	63.613	16.498	339	1
1525599344	20351	63.613	16.549	339	1
1525599344	20397	63.613	16.557	339	3
1525599344	20502	63.613	16.692	339	7
1525599344	20446	63.613	16.692	339	3
1525599344	20553	63.728	16.65	339	5
1525599344	20648	63.728	16.633	339	5
1525599344	20701	63.728	16.625	339	1
1525599344	20802	63.837	16.675	339	11
1525599345	19884	63.969	16.44	339	3
1525599345	19964	63.969	16.406	339	3
1525599345	20005	63.969	16.406	339	7
1525599345	20045	63.969	16.406	339	13
1525599345	20090	63.969	16.549	339	20
1525599345	20135	63.969	16.507	339	7
1525599345	20182	63.969	16.465	339	4
1525599345	20227	63.969	16.507	339	15
1525599345	20272	63.969	16.448	339	9
1525599345	20358	63.969	16.448	339	10
1525599345	20404	63.969	16.448	339	6
1525599345	20511	63.969	16.364	339	10
1525599345	20560	64.081	16.414	339	1
1525599345	20613	64.083	16.599	339	11
1525599345	20659	64.083	16.599	339	5
1525599345	20709	64.084	16.599	339	23
1525599345	20764	64.086	16.541	339	5
1525599346	19892	63.632	16.851	339	3
1525599346	19932	63.632	16.935	339	6
1525599346	19972	63.632	16.926	339	17
1525599346	20013	63.632	16.884	339	5
1525599346	20098	63.632	16.943	339	6
1525599346	20142	63.634	16.901	339	3
1525599346	20193	63.634	16.893	339	24
1525599346	20236	63.634	16.893	339	9
1525599346	20279	63.633	16.893	339	10
1525599346	20330	63.633	16.901	339	5
1525599346	20520	63.678	16.851	339	17
1525599346	20416	63.743	16.943	339	7
1525599346	20366	63.743	16.943	339	4
1525599346	20570	63.743	16.901	339	10
1525599346	20625	63.744	16.884	339	1
1525599346	20673	63.744	16.884	339	17
1525599346	20719	63.793	16.834	339	1
1525599346	20773	63.858	16.834	339	13
1525599347	19938	63.985	16.312	339	9
1525599347	20020	63.985	16.354	339	9
1525599347	20064	63.985	16.363	339	3
1525599347	20110	63.985	16.354	339	1
1525599347	19981	63.985	16.304	339	1
1525599347	20153	63.985	16.447	339	1
1525599347	20201	63.985	16.447	339	1
1525599347	20289	63.985	16.405	339	9
1525599347	20243	63.985	16.397	339	3
1525599347	20336	63.985	16.312	339	5
1525599347	20483	63.985	16.346	339	18
1525599347	20425	63.986	16.296	339	15
1525599347	20380	63.986	16.245	339	1
1525599347	20531	63.986	16.245	339	3
1525599347	20578	63.986	16.287	339	9
1525599347	20681	64.095	16.354	339	8
1525599347	20633	64.095	16.397	339	3
1525599347	20735	64.095	16.397	339	12
1525599347	20785	64.095	16.338	339	6
1525599348	19908	63.633	16.422	339	4
1525599348	19989	63.633	16.422	339	1
1525599348	19949	63.633	16.413	339	3
1525599348	20028	63.633	16.472	339	16
1525599348	20119	63.633	16.43	339	13
1525599348	20165	63.633	16.438	339	1
1525599348	20251	63.633	16.438	339	9
1525599348	20299	63.633	16.565	339	12
1525599348	20388	63.633	16.531	339	1
1525599348	20210	63.633	16.481	339	1
1525599348	20436	63.633	16.574	339	19
1525599348	20493	63.635	16.574	339	1
1525599348	20344	63.633	16.523	339	13
1525599348	20540	63.749	16.565	339	10
1525599348	20590	63.749	16.515	339	1
1525599348	20640	63.749	16.447	339	3
1525599348	20692	63.749	16.456	339	10
1525599348	20744	63.749	16.363	339	3
1525599348	20795	63.749	16.363	339	7
1525599349	19916	63.981	15.611	339	10
1525599349	19996	63.981	15.611	339	6
1525599349	19956	63.981	15.568	339	13
1525599349	20037	63.981	15.661	339	11
1525599349	20080	63.981	15.669	339	8
1525599349	20125	63.981	15.712	339	15
1525599349	20174	63.981	15.661	339	1
1525599349	20217	63.981	15.661	339	6
1525599349	20260	63.981	15.661	339	9
1525599349	20310	63.981	15.704	339	1
1525599349	20351	63.981	15.653	339	1
1525599349	20397	63.981	15.603	339	3
1525599349	20446	63.981	15.568	339	3
1525599349	20502	63.981	15.603	339	7
1525599349	20553	64.095	15.611	339	5
1525599349	20701	64.095	15.72	339	1
1525599349	20648	64.095	15.763	339	5
1525599349	20802	64.097	15.627	339	11
1525599350	19884	63.645	15.084	339	3
1525599350	19964	63.646	15.127	339	3
1525599350	20045	63.646	15.127	339	13
1525599350	20005	63.646	15.119	339	7
1525599350	20090	63.646	14.982	339	22
1525599350	20135	63.646	15.033	339	7
1525599350	20227	63.646	15.041	339	16
1525599350	20182	63.646	15.119	339	4
1525599350	20272	63.646	15.033	339	9
1525599350	20358	63.646	15.076	339	10
1525599350	20404	63.646	15.084	339	6
1525599350	20511	63.646	15.17	339	10
1525599350	20560	63.76	15.162	339	1
1525599350	20613	63.76	15.061	339	11
1525599350	20659	63.76	15.104	339	5
1525599350	20709	63.76	15.01	339	19
1525599350	20764	63.877	15.003	339	5
1525599351	19932	63.998	13.553	339	5
1525599351	19972	63.998	13.553	339	17
1525599351	19892	63.998	13.59	339	3
1525599351	20013	63.998	13.553	339	5
1525599351	20098	63.998	13.685	339	6
1525599351	20193	63.998	13.722	339	18
1525599351	20236	63.998	13.583	339	9
1525599351	20142	63.998	13.678	339	3
1525599351	20279	63.998	13.583	339	10
1525599351	20330	63.998	13.546	339	1
1525599351	20520	63.998	13.54	339	20
1525599351	20366	64.113	13.533	339	4
1525599351	20416	64.113	13.533	339	7
1525599351	20570	64.114	13.533	339	10
1525599351	20625	64.114	13.54	339	1
1525599351	20673	64.114	13.54	339	22
1525599351	20719	64.114	13.54	339	1
1525599351	20773	64.114	13.546	339	12
1525599352	19938	63.646	13.531	339	9
1525599352	19981	63.646	13.494	339	1
1525599352	20020	63.646	13.538	339	9
1525599352	20064	63.646	13.531	339	3
1525599352	20110	63.646	13.538	339	1
1525599352	20153	63.646	13.444	339	1
1525599352	20201	63.646	13.494	339	1
1525599352	20289	63.646	13.488	339	9
1525599352	20243	63.646	13.494	339	3
1525599352	20336	63.646	13.494	339	5
1525599352	20380	63.646	13.632	339	1
1525599352	20483	63.646	13.538	339	17
1525599352	20425	63.646	13.581	339	15
1525599352	20578	63.742	13.508	339	9
1525599352	20531	63.759	13.632	339	1
1525599352	20633	63.759	13.488	339	3
1525599352	20681	63.759	13.575	339	10
1525599352	20735	63.759	13.387	339	12
1525599352	20785	63.759	13.38	339	1
1525599353	19949	63.99	12.626	339	3
1525599353	19908	63.99	12.575	339	4
1525599353	19989	63.99	12.575	339	1
1525599353	20028	63.99	12.531	339	17
1525599353	20119	63.99	12.531	339	13
1525599353	20165	63.99	12.525	339	1
1525599353	20251	63.99	12.525	339	9
1525599353	20299	63.99	12.393	339	12
1525599353	20210	63.99	12.437	339	1
1525599353	20388	63.99	12.387	339	1
1525599353	20344	63.99	12.387	339	13
1525599353	20436	63.99	12.431	339	17
1525599353	20493	63.99	12.387	339	1
1525599353	20540	64.026	12.38	339	10
1525599353	20590	64.107	12.437	339	1
1525599353	20692	64.107	12.443	339	10
1525599353	20640	64.107	12.443	339	3
1525599353	20744	64.107	12.582	339	3
1525599353	20795	64.119	12.575	339	7
1525599354	19956	63.767	13.052	339	14
1525599354	19996	63.767	13.096	339	6
1525599354	19916	63.767	13.015	339	10
1525599354	20080	63.767	13.009	339	8
1525599354	20037	63.767	13.009	339	11
1525599354	20125	63.767	12.958	339	15
1525599354	20174	63.767	13.009	339	1
1525599354	20260	63.767	13.009	339	9
1525599354	20217	63.767	13.009	339	6
1525599354	20310	63.767	13.009	339	1
1525599354	20351	63.767	13.009	339	1
1525599354	20397	63.767	13.052	339	3
1525599354	20502	63.767	13.009	339	7
1525599354	20446	63.767	13.052	339	3
1525599354	20553	63.877	13.009	339	5
1525599354	20701	63.878	12.908	339	1
1525599354	20648	63.878	12.902	339	5
1525599354	20802	63.878	12.864	339	11
1525599355	19884	64.111	12.638	339	3
1525599355	19964	64.111	12.594	339	3
1525599355	20045	64.111	12.594	339	13
1525599355	20005	64.111	12.682	339	7
1525599355	20090	64.111	12.682	339	21
1525599355	20135	64.111	12.638	339	7
1525599355	20182	64.111	12.594	339	4
1525599355	20227	64.111	12.675	339	16
1525599355	20272	64.111	12.638	339	9
1525599355	20358	64.111	12.632	339	10
1525599355	20404	64.111	12.581	339	6
1525599355	20511	64.111	12.588	339	10
1525599355	20560	64.23	12.594	339	1
1525599355	20613	64.231	12.6	339	11
1525599355	20659	64.231	12.607	339	5
1525599355	20709	64.231	12.657	339	17
1525599355	20764	64.231	12.613	339	5
1525599356	19892	63.668	13.078	339	3
1525599356	19932	63.668	13.122	339	5
1525599356	19972	63.668	13.129	339	17
1525599356	20013	63.668	13.122	339	5
1525599356	20098	63.668	12.934	339	6
1525599356	20330	63.668	13.216	339	1
1525599356	20236	63.668	13.035	339	9
1525599356	20279	63.668	13.122	339	10
1525599356	20193	63.668	12.941	339	17
1525599356	20142	63.668	12.978	339	3
1525599356	20416	63.729	13.38	339	7
1525599356	20520	63.668	13.367	339	17
1525599356	20366	63.741	13.38	339	4
1525599356	20570	63.782	13.367	339	9
1525599356	20625	63.782	13.317	339	1
1525599356	20673	63.782	13.28	339	17
1525599356	20719	63.782	13.424	339	1
1525599356	20773	63.898	13.461	339	12
1525599357	19981	64.015	12.958	339	1
1525599357	20020	64.015	12.915	339	9
1525599357	19938	64.015	12.871	339	9
1525599357	20110	64.015	12.908	339	1
1525599357	20064	64.015	12.915	339	1
1525599357	20153	64.015	12.871	339	1
1525599357	20201	64.015	12.864	339	1
1525599357	20289	64.015	12.864	339	9
1525599357	20243	64.015	12.864	339	3
1525599357	20336	64.015	12.908	339	5
1525599357	20483	64.015	12.77	339	17
1525599357	20425	64.015	12.777	339	15
1525599357	20380	64.015	12.821	339	1
1525599357	20578	64.022	12.814	339	9
1525599357	20531	64.118	12.733	339	1
1525599357	20681	64.128	12.827	339	10
1525599357	20633	64.128	12.871	339	3
1525599357	20735	64.128	12.971	339	11
1525599357	20785	64.122	12.934	339	1
1525599358	19949	63.662	13.431	339	3
1525599358	19908	63.662	13.481	339	4
1525599358	19989	63.662	13.474	339	1
1525599358	20028	63.662	13.518	339	17
1525599358	20119	63.662	13.568	339	13
1525599358	20165	63.662	13.568	339	1
1525599358	20251	63.662	13.474	339	9
1525599358	20299	63.662	13.524	339	12
1525599358	20210	63.662	13.524	339	1
1525599358	20344	63.662	13.618	339	13
1525599358	20436	63.662	13.575	339	17
1525599358	20493	63.662	13.524	339	1
1525599358	20388	63.662	13.611	339	1
1525599358	20540	63.769	13.531	339	10
1525599358	20590	63.777	13.474	339	1
1525599358	20640	63.777	13.431	339	3
1525599358	20692	63.777	13.431	339	10
1525599358	20744	63.777	13.38	339	3
1525599358	20795	63.894	13.286	339	7
1525599359	19916	64.006	12.601	339	10
1525599359	19956	64.006	12.601	339	13
1525599359	19996	64.006	12.513	339	6
1525599359	20037	64.006	12.557	339	11
1525599359	20080	64.006	12.557	339	8
1525599359	20125	64.006	12.607	339	15
1525599359	20174	64.006	12.557	339	1
1525599359	20217	64.006	12.601	339	5
1525599359	20260	64.006	12.601	339	8
1525599359	20310	64.006	12.557	339	1
1525599359	20351	64.006	12.651	339	1
1525599359	20397	64.006	12.607	339	3
1525599359	20446	64.006	12.607	339	3
1525599359	20502	64.006	12.651	339	7
1525599359	20553	64.12	12.601	339	5
1525599359	20648	64.123	12.752	339	1
1525599359	20701	64.123	12.752	339	1
1525599359	20802	64.123	12.746	339	1
1525599360	19884	63.769	13.087	339	1
1525599360	19964	63.769	13.131	339	3
1525599360	20045	63.769	13.175	339	13
1525599360	20005	63.769	13.081	339	1
1525599360	20090	63.769	13.125	339	21
1525599360	20135	63.769	13.081	339	7
1525599360	20182	63.769	13.081	339	1
1525599360	20227	63.769	13.037	339	16
1525599360	20272	63.769	13.125	339	9
1525599360	20358	63.769	13.131	339	10
1525599360	20404	63.769	13.175	339	6
1525599360	20511	63.769	13.175	339	1
1525599360	20560	63.769	13.269	339	1
1525599360	20613	63.881	13.232	339	1
1525599360	20659	63.881	13.226	339	1
1525599360	20709	63.881	13.131	339	17
1525599360	20764	63.881	13.175	339	5
1525599361	19892	64.114	12.67	339	3
1525599361	19972	64.114	12.62	339	17
1525599361	19932	64.114	12.62	339	5
1525599361	20013	64.114	12.62	339	1
1525599361	20098	64.114	12.658	339	6
1525599361	20142	64.114	12.62	339	3
1525599361	20193	64.114	12.614	339	17
1525599361	20236	64.114	12.569	339	9
1525599361	20279	64.114	12.525	339	1
1525599361	20330	64.114	12.424	339	1
1525599361	20520	64.114	12.323	339	17
1525599361	20366	64.229	12.273	339	4
1525599361	20570	64.231	12.279	339	9
1525599361	20416	64.229	12.267	339	1
1525599361	20625	64.231	12.329	339	1
1525599361	20673	64.231	12.367	339	17
1525599361	20719	64.231	12.222	339	1
1525599361	20773	64.231	12.228	339	12
1525599362	19938	63.668	12.784	339	1
1525599362	19981	63.668	12.696	339	1
1525599362	20020	63.668	12.696	339	1
1525599362	20064	63.668	12.69	339	1
1525599362	20110	63.668	12.74	339	1
1525599362	20153	63.668	12.734	339	1
1525599362	20201	63.668	12.734	339	1
1525599362	20243	63.668	12.69	339	3
1525599362	20289	63.668	12.69	339	1
1525599362	20336	63.668	12.639	339	1
1525599362	20425	63.668	12.69	339	1
1525599362	20483	63.668	12.696	339	17
1525599362	20380	63.668	12.645	339	1
1525599362	20578	63.78	12.652	339	9
1525599362	20531	63.785	12.652	339	1
1525599362	20681	63.785	12.544	339	10
1525599362	20633	63.785	12.5	339	3
1525599362	20735	63.785	12.595	339	11
1525599362	20785	63.785	12.69	339	1
1525599363	19989	64.017	13.602	339	1
1525599363	19949	64.017	13.646	339	3
1525599363	19908	64.017	13.639	339	1
1525599363	20119	64.017	13.697	339	13
1525599363	20028	64.017	13.74	339	17
1525599363	20165	64.017	13.71	339	1
1525599363	20251	64.017	13.856	339	1
1525599363	20299	64.017	13.9	339	12
1525599363	20388	64.017	13.863	339	1
1525599363	20344	64.017	13.9	339	1
1525599363	20436	64.017	13.849	339	17
1525599363	20210	64.017	13.937	339	1
1525599363	20493	64.017	13.893	339	1
1525599363	20540	64.017	13.849	339	1
1525599363	20590	64.017	13.893	339	1
1525599363	20692	64.132	13.944	339	1
1525599363	20640	64.13	13.944	339	3
1525599363	20744	64.132	13.995	339	3
1525599363	20795	64.132	14.14	339	7
1525599364	19916	63.668	15.537	339	1
1525599364	19996	63.668	15.58	339	1
1525599364	19956	63.668	15.502	339	13
1525599364	20080	63.669	15.53	339	1
1525599364	20037	63.669	15.537	339	1
1525599364	20125	63.669	15.53	339	1
1525599364	20174	63.669	15.537	339	1
1525599364	20260	63.669	15.537	339	1
1525599364	20217	63.669	15.537	339	1
1525599364	20310	63.669	15.573	339	1
1525599364	20351	63.669	15.436	339	1
1525599364	20397	63.669	15.479	339	3
1525599364	20446	63.669	15.428	339	3
1525599364	20502	63.669	15.428	339	7
1525599364	20553	63.677	15.428	339	5
1525599364	20701	63.783	15.369	339	1
1525599364	20648	63.783	15.334	339	1
1525599364	20802	63.783	15.522	339	1
1525599365	20005	64.018	15.341	339	1
1525599365	19884	64.018	15.377	339	1
1525599365	20090	64.018	15.349	339	21
1525599365	20182	64.018	15.537	339	1
1525599365	20227	64.018	15.494	339	16
1525599365	20135	64.018	15.392	339	7
1525599365	20045	64.018	15.291	339	13
1525599365	19964	64.018	15.341	339	3
1525599365	20272	64.018	15.553	339	9
1525599365	20358	64.018	15.596	339	10
1525599365	20404	64.018	15.545	339	6
1525599365	20511	64.018	15.451	339	1
1525599365	20560	64.018	15.385	339	1
1525599365	20613	64.134	15.377	339	1
1525599365	20659	64.135	15.471	339	1
1525599365	20709	64.135	15.514	339	17
1525599365	20764	64.135	15.479	339	5
1525599366	19892	63.678	16.318	339	3
1525599366	20013	63.679	16.361	339	1
1525599366	19972	63.679	16.318	339	17
1525599366	19932	63.679	16.361	339	5
1525599366	20193	63.679	16.343	339	17
1525599366	20098	63.679	16.343	339	6
1525599366	20142	63.679	16.343	339	3
1525599366	20236	63.679	16.386	339	9
1525599366	20279	63.679	16.327	339	1
1525599366	20330	63.679	16.327	339	1
1525599366	20520	63.679	16.42	339	17
1525599366	20570	63.679	16.471	339	9
1525599366	20366	63.679	16.42	339	4
1525599366	20416	63.679	16.429	339	1
1525599366	20625	63.793	16.522	339	1
1525599366	20673	63.793	16.48	339	17
1525599366	20719	63.793	16.471	339	1
1525599366	20773	63.905	16.42	339	12
1525599367	19938	64.025	16.241	339	1
1525599367	19981	64.025	16.276	339	1
1525599367	20020	64.025	16.284	339	1
1525599367	20110	64.025	16.198	339	1
1525599367	20064	64.025	16.241	339	1
1525599367	20153	64.025	16.241	339	1
1525599367	20201	64.025	16.198	339	1
1525599367	20289	64.025	16.241	339	1
1525599367	20243	64.025	16.233	339	3
1525599367	20336	64.025	16.19	339	1
1525599367	20531	64.025	16.327	339	1
1525599367	20578	64.025	16.284	339	9
1525599367	20483	64.025	16.139	339	17
1525599367	20380	64.025	16.233	339	1
1525599367	20425	64.025	16.233	339	1
1525599367	20681	64.14	16.496	339	10
1525599367	20633	64.14	16.59	339	3
1525599367	20735	64.133	16.488	339	11
1525599367	20785	64.133	16.403	339	1
1525599368	19908	63.673	15.517	339	1
1525599368	19949	63.673	15.517	339	3
1525599368	19989	63.673	15.509	339	1
1525599368	20028	63.673	15.424	339	17
1525599368	20119	63.673	15.416	339	13
1525599368	20165	63.673	15.4	339	1
1525599368	20251	63.673	15.35	339	1
1525599368	20299	63.673	15.299	339	12
1525599368	20210	63.673	15.213	339	1
1525599368	20388	63.673	15.155	339	1
1525599368	20436	63.673	15.162	339	17
1525599368	20344	63.673	15.119	339	1
1525599368	20493	63.673	15.162	339	1
1525599368	20540	63.769	15.205	339	1
1525599368	20590	63.786	15.112	339	1
1525599368	20640	63.786	15.112	339	3
1525599368	20692	63.786	15.104	339	1
1525599368	20744	63.786	15.01	339	3
1525599368	20795	63.901	14.916	339	7
1525599369	19916	64.022	14.54	339	1
1525599369	20125	64.022	14.591	339	1
1525599369	20037	64.022	14.54	339	1
1525599369	20080	64.022	14.547	339	1
1525599369	20174	64.022	14.642	339	1
1525599369	19956	64.022	14.583	339	13
1525599369	19996	64.022	14.54	339	1
1525599369	20260	64.022	14.743	339	1
1525599369	20217	64.022	14.787	339	1
1525599369	20310	64.022	14.707	339	1
1525599369	20351	64.022	14.794	339	1
1525599369	20397	64.022	14.751	339	3
1525599369	20446	64.022	14.743	339	3
1525599369	20502	64.022	14.707	339	7
1525599369	20553	64.022	14.743	339	5
1525599369	20648	64.139	14.794	339	1
1525599369	20701	64.139	14.794	339	1
1525599369	20802	64.139	14.7	339	1
1525599370	19884	63.677	15.104	339	1
1525599370	19964	63.677	15.096	339	3
1525599370	20045	63.677	15.096	339	13
1525599370	20005	63.677	15.061	339	1
1525599370	20090	63.677	15.053	339	21
1525599370	20135	63.677	15.089	339	7
1525599370	20182	63.677	14.909	339	1
1525599370	20227	63.677	14.995	339	16
1525599370	20272	63.677	14.894	339	9
1525599370	20358	63.677	14.757	339	10
1525599370	20404	63.677	14.764	339	6
1525599370	20511	63.677	14.85	339	1
1525599370	20560	63.789	14.815	339	1
1525599370	20613	63.789	14.952	339	1
1525599370	20659	63.789	14.822	339	1
1525599370	20709	63.789	14.873	339	17
1525599370	20764	63.906	14.952	339	5
1525599371	19972	64.016	17.314	339	17
1525599371	20013	64.016	17.323	339	1
1525599371	19932	64.016	17.273	339	5
1525599371	19892	64.016	17.264	339	3
1525599371	20142	64.016	17.54	339	3
1525599371	20193	64.016	17.549	339	17
1525599371	20098	64.016	17.499	339	6
1525599371	20236	64.016	17.591	339	9
1525599371	20279	64.016	17.65	339	1
1525599371	20330	64.016	17.641	339	1
1525599371	20366	64.016	17.499	339	4
1525599371	20520	64.016	17.499	339	17
1525599371	20416	64.016	17.499	339	1
1525599371	20570	64.016	17.448	339	9
1525599371	20625	64.128	17.431	339	1
1525599371	20673	64.129	17.481	339	17
1525599371	20719	64.134	17.6	339	1
1525599371	20773	64.134	17.792	339	12
1525599372	19981	63.676	19.748	339	1
1525599372	20020	63.676	19.738	339	1
1525599372	20064	63.676	19.839	339	1
1525599372	20201	63.676	19.97	339	1
1525599372	20289	63.676	19.99	339	1
1525599372	20110	63.676	19.839	339	1
1525599372	19938	63.676	19.738	339	1
1525599372	20243	63.676	20	339	2
1525599372	20153	63.676	19.93	339	1
1525599372	20336	63.676	20.091	339	1
1525599372	20425	63.676	20	339	1
1525599372	20380	63.676	19.99	339	3
1525599372	20483	63.676	20.121	339	17
1525599372	20578	63.676	19.93	339	9
1525599372	20531	63.676	19.96	339	1
1525599372	20681	63.788	19.819	339	10
1525599372	20633	63.788	19.728	339	3
1525599372	20735	63.788	19.738	339	11
1525599372	20785	63.788	19.728	339	1
1525599373	19949	64.02	19.758	339	3
1525599373	19908	64.02	19.728	339	1
1525599373	19989	64.02	19.758	339	1
1525599373	20028	64.02	19.687	339	17
1525599373	20119	64.02	19.728	339	13
1525599373	20165	64.02	19.728	339	1
1525599373	20251	64.02	19.677	339	1
1525599373	20299	64.02	19.687	339	12
1525599373	20210	64.02	19.697	339	1
1525599373	20388	64.02	19.738	339	1
1525599373	20344	64.02	19.728	339	1
1525599373	20436	64.02	19.778	339	17
1525599373	20493	64.02	19.747	339	1
1525599373	20540	64.137	19.747	339	1
1525599373	20590	64.139	19.879	339	1
1525599373	20692	64.139	19.97	339	1
1525599373	20640	64.139	19.919	339	1
1525599373	20744	64.139	19.99	339	3
1525599373	20795	64.139	20.081	339	7
1525599374	19916	63.675	20.421	339	1
1525599374	19956	63.675	20.382	339	13
1525599374	19996	63.675	20.392	339	1
1525599374	20037	63.675	20.392	339	1
1525599374	20080	63.675	20.382	339	1
1525599374	20125	63.675	20.342	339	1
1525599374	20174	63.675	20.281	339	1
1525599374	20260	63.675	20.141	339	1
1525599374	20217	63.675	20.09	339	1
1525599374	20310	63.675	20.141	339	1
1525599374	20351	63.675	20.09	339	1
1525599374	20397	63.675	20.09	339	3
1525599374	20446	63.675	20.101	339	3
1525599374	20502	63.675	20.09	339	7
1525599374	20553	63.786	20.141	339	5
1525599374	20648	63.788	20	339	1
1525599374	20701	63.788	20	339	3
1525599374	20802	63.788	20.04	339	1
1525599375	19884	64.018	19.316	339	1
1525599375	20005	64.018	19.275	339	1
1525599375	19964	64.018	19.316	339	3
1525599375	20045	64.018	19.326	339	13
1525599375	20090	64.018	19.366	339	21
1525599375	20135	64.018	19.326	339	7
1525599375	20227	64.018	19.356	339	16
1525599375	20182	64.018	19.356	339	1
1525599375	20272	64.018	19.316	339	9
1525599375	20358	64.018	19.397	339	10
1525599375	20404	64.018	19.356	339	6
1525599375	20511	64.018	19.347	339	1
1525599375	20560	64.118	19.356	339	1
1525599375	20613	64.135	19.266	339	1
1525599375	20659	64.135	19.296	339	1
1525599375	20709	64.135	19.256	339	17
1525599375	20764	64.135	19.266	339	5
1525599376	19892	63.674	16.28	339	3
1525599376	19932	63.674	16.314	339	5
1525599376	19972	63.674	16.28	339	17
1525599376	20013	63.674	16.23	339	1
1525599376	20098	63.674	15.994	339	6
1525599376	20142	63.674	15.943	339	3
1525599376	20193	63.674	15.943	339	17
1525599376	20236	63.674	15.943	339	9
1525599376	20279	63.674	15.843	339	1
1525599376	20330	63.674	15.808	339	1
1525599376	20520	63.674	15.851	339	17
1525599376	20366	63.786	15.843	339	4
1525599376	20416	63.786	15.843	339	1
1525599376	20570	63.786	15.843	339	9
1525599376	20625	63.786	15.715	339	1
1525599376	20673	63.786	15.699	339	17
1525599376	20719	63.786	15.59	339	1
1525599376	20773	63.903	15.447	339	12
1525599377	19938	63.813	13.434	339	1
1525599377	19981	63.813	13.391	339	1
1525599377	20020	63.813	13.391	339	1
1525599377	20064	63.813	13.29	339	1
1525599377	20110	63.813	13.29	339	1
1525599377	20153	63.813	13.195	339	1
1525599377	20201	63.813	13.151	339	1
1525599377	20289	63.813	13.182	339	1
1525599377	20243	63.813	13.182	339	1
1525599377	20336	63.813	13.087	339	1
1525599377	20425	63.813	13.087	339	1
1525599377	20380	63.813	13.138	339	3
1525599377	20531	63.924	13.145	339	1
1525599377	20578	63.845	13.145	339	9
1525599377	20483	63.813	13.043	339	17
1525599377	20681	63.924	13.239	339	10
1525599377	20633	63.924	13.239	339	3
1525599377	20735	63.924	13.283	339	11
1525599377	20785	63.924	13.283	339	1
1525599378	19949	63.46	13.061	339	3
1525599378	19908	63.46	13.105	339	1
1525599378	19989	63.46	13.068	339	1
1525599378	20028	63.46	13.098	339	17
1525599378	20119	63.46	13.054	339	13
1525599378	20165	63.46	13.017	339	1
1525599378	20251	63.46	13.017	339	1
1525599378	20299	63.46	13.011	339	12
1525599378	20210	63.46	13.048	339	1
1525599378	20436	63.46	13.004	339	17
1525599378	20388	63.46	13.004	339	1
1525599378	20344	63.46	13.098	339	1
1525599378	20493	63.46	13.048	339	1
1525599378	20540	63.576	13.004	339	1
1525599378	20590	63.576	12.91	339	1
1525599378	20640	63.576	12.815	339	1
1525599378	20692	63.576	12.771	339	1
1525599378	20744	63.576	12.809	339	3
1525599378	20795	63.685	12.765	339	7
1525599379	19916	63.811	11.319	339	1
1525599379	19956	63.811	11.319	339	13
1525599379	19996	63.811	11.313	339	1
1525599379	20037	63.811	11.313	339	1
1525599379	20080	63.811	11.319	339	1
1525599379	20125	63.811	11.274	339	1
1525599379	20174	63.811	11.274	339	1
1525599379	20260	63.811	11.268	339	1
1525599379	20217	63.811	11.274	339	1
1525599379	20310	63.811	11.313	339	1
1525599379	20397	63.811	11.313	339	3
1525599379	20351	63.811	11.274	339	1
1525599379	20446	63.811	11.364	339	3
1525599379	20502	63.811	11.364	339	7
1525599379	20553	63.926	11.369	339	5
1525599379	20648	63.931	11.515	339	1
1525599379	20701	63.931	11.47	339	3
1525599379	20802	63.931	11.459	339	1
1525599380	19884	63.465	11.768	339	1
1525599380	19964	63.465	11.812	339	3
1525599380	20045	63.465	11.812	339	13
1525599380	20005	63.465	11.857	339	1
1525599380	20090	63.465	11.717	339	21
1525599380	20135	63.465	11.717	339	7
1525599380	20227	63.465	11.717	339	16
1525599380	20182	63.465	11.762	339	1
1525599380	20272	63.465	11.717	339	9
1525599380	20358	63.465	11.673	339	10
1525599380	20404	63.465	11.812	339	6
1525599380	20560	63.465	11.78	339	1
1525599380	20511	63.465	11.774	339	1
1525599380	20613	63.577	11.83	339	1
1525599380	20659	63.577	11.83	339	1
1525599380	20709	63.577	11.774	339	17
1525599380	20764	63.577	11.673	339	5
1525599381	19892	63.812	11.426	339	3
1525599381	19932	63.812	11.342	339	5
1525599381	19972	63.812	11.381	339	17
1525599381	20013	63.812	11.381	339	1
1525599381	20098	63.812	11.42	339	6
1525599381	20236	63.812	11.381	339	9
1525599381	20193	63.812	11.426	339	17
1525599381	20142	63.812	11.426	339	3
1525599381	20279	63.812	11.527	339	1
1525599381	20330	63.812	11.717	339	1
1525599381	20520	63.812	11.723	339	17
1525599381	20366	63.924	11.729	339	4
1525599381	20416	63.924	11.729	339	1
1525599381	20570	63.929	11.78	339	9
1525599381	20625	63.929	11.83	339	1
1525599381	20673	63.929	11.836	339	17
1525599381	20719	63.929	11.836	339	1
1525599381	20773	63.929	11.791	339	12
1525599382	19981	63.469	12.02	339	1
1525599382	19938	63.469	11.982	339	1
1525599382	20020	63.469	11.976	339	1
1525599382	20064	63.469	11.982	339	1
1525599382	20110	63.469	11.976	339	1
1525599382	20153	63.469	11.982	339	1
1525599382	20201	63.469	11.982	339	1
1525599382	20243	63.469	11.931	339	1
1525599382	20289	63.469	11.931	339	1
1525599382	20336	63.469	12.065	339	1
1525599382	20483	63.469	12.071	339	17
1525599382	20380	63.469	12.02	339	3
1525599382	20425	63.469	12.02	339	1
1525599382	20578	63.469	12.065	339	9
1525599382	20531	63.477	11.976	339	1
1525599382	20681	63.585	11.925	339	10
1525599382	20633	63.585	11.925	339	3
1525599382	20735	63.585	11.887	339	11
1525599382	20785	63.585	12.026	339	1
1525599383	19908	63.817	11.667	339	1
1525599383	19949	63.817	11.661	339	3
1525599383	19989	63.817	11.667	339	1
1525599383	20028	63.817	11.661	339	17
1525599383	20119	63.817	11.661	339	13
1525599383	20165	63.817	11.655	339	1
1525599383	20251	63.817	11.661	339	1
1525599383	20210	63.817	11.762	339	1
1525599383	20299	63.817	11.756	339	12
1525599383	20436	63.817	11.99	339	17
1525599383	20493	63.817	11.907	339	1
1525599383	20540	63.817	11.913	339	1
1525599383	20344	63.817	11.818	339	1
1525599383	20388	63.817	11.863	339	1
1525599383	20590	63.922	12.014	339	1
1525599383	20640	63.931	12.065	339	1
1525599383	20692	63.931	12.065	339	1
1525599383	20744	63.931	12.109	339	3
1525599383	20795	63.931	12.065	339	7
1525599384	19956	63.472	12.941	339	13
1525599384	19996	63.472	12.947	339	1
1525599384	19916	63.472	12.941	339	1
1525599384	20037	63.472	12.984	339	1
1525599384	20125	63.472	12.978	339	1
1525599384	20080	63.472	12.984	339	1
1525599384	20174	63.472	13.035	339	1
1525599384	20260	63.472	13.085	339	1
1525599384	20217	63.472	13.085	339	1
1525599384	20310	63.472	13.035	339	1
1525599384	20351	63.472	13.078	339	1
1525599384	20397	63.472	13.078	339	3
1525599384	20446	63.474	13.078	339	3
1525599384	20502	63.474	13.085	339	7
1525599384	20553	63.474	13.122	339	5
1525599384	20701	63.586	13.078	339	3
1525599384	20648	63.586	13.072	339	1
1525599384	20802	63.699	13.035	339	1
1525599385	19884	63.823	14.515	339	1
1525599385	20005	63.823	14.515	339	1
1525599385	20045	63.823	14.515	339	13
1525599385	19964	63.823	14.515	339	3
1525599385	20090	63.823	14.558	339	21
1525599385	20135	63.823	14.608	339	7
1525599385	20182	63.823	14.566	339	1
1525599385	20227	63.823	14.566	339	16
1525599385	20272	63.823	14.566	339	9
1525599385	20358	63.823	14.566	339	10
1525599385	20404	63.823	14.465	339	6
1525599385	20511	63.823	14.422	339	1
1525599385	20560	63.937	14.408	339	1
1525599385	20613	63.938	14.408	339	1
1525599385	20659	63.938	14.415	339	1
1525599385	20709	63.938	14.465	339	17
1525599385	20764	63.938	14.48	339	5
1525599386	19892	63.477	14.889	339	3
1525599386	19932	63.477	14.882	339	5
1525599386	20013	63.477	14.882	339	1
1525599386	19972	63.477	14.882	339	17
1525599386	20142	63.477	14.975	339	3
1525599386	20193	63.477	14.967	339	17
1525599386	20098	63.477	14.975	339	6
1525599386	20236	63.477	14.925	339	9
1525599386	20279	63.477	14.975	339	1
1525599386	20330	63.477	14.925	339	1
1525599386	20520	63.477	14.925	339	17
1525599386	20366	63.588	14.874	339	4
1525599386	20416	63.588	14.874	339	1
1525599386	20570	63.589	14.824	339	9
1525599386	20673	63.589	14.724	339	17
1525599386	20625	63.589	14.724	339	1
1525599386	20719	63.589	14.824	339	1
1525599386	20773	63.698	14.817	339	12
1525599387	19938	63.824	15.358	339	1
1525599387	19981	63.824	15.358	339	1
1525599387	20020	63.824	15.408	339	1
1525599387	20064	63.824	15.45	339	1
1525599387	20110	63.824	15.45	339	1
1525599387	20153	63.824	15.45	339	1
1525599387	20201	63.824	15.535	339	1
1525599387	20289	63.824	15.493	339	1
1525599387	20243	63.824	15.493	339	1
1525599387	20483	63.824	15.4	339	17
1525599387	20425	63.824	15.408	339	1
1525599387	20531	63.824	15.466	339	1
1525599387	20336	63.824	15.365	339	1
1525599387	20578	63.824	15.416	339	9
1525599387	20380	63.824	15.408	339	3
1525599387	20681	63.939	15.617	339	10
1525599387	20633	63.939	15.668	339	1
1525599387	20735	63.94	15.66	339	11
1525599387	20785	63.94	15.567	339	1
1525599388	19908	63.473	18.794	339	1
1525599388	19989	63.473	18.844	339	1
1525599388	19949	63.473	18.854	339	3
1525599388	20028	63.473	18.904	339	17
1525599388	20119	63.473	18.913	339	13
1525599388	20165	63.473	19.005	339	1
1525599388	20251	63.473	19.136	339	1
1525599388	20299	63.473	19.146	339	12
1525599388	20210	63.473	19.105	339	1
1525599388	20388	63.473	19.045	339	1
1525599388	20493	63.473	18.964	339	1
1525599388	20436	63.473	18.933	339	17
1525599388	20344	63.473	19.005	339	1
1525599388	20540	63.476	18.995	339	1
1525599388	20590	63.589	18.935	339	1
1525599388	20692	63.589	18.876	339	1
1525599388	20640	63.589	18.894	339	1
1525599388	20744	63.589	18.775	339	3
1525599388	20795	63.59	18.825	339	7
1525599389	20037	63.824	21.037	339	1
1525599389	19916	63.824	21.076	339	1
1525599389	19956	63.824	21.116	339	13
1525599389	20080	63.824	21.037	339	1
1525599389	20125	63.824	21.137	339	1
1525599389	19996	63.824	21.066	339	1
1525599389	20174	63.824	21.166	339	1
1525599389	20217	63.821	21.177	339	1
1525599389	20260	63.824	21.177	339	1
1525599389	20310	63.821	21.278	339	1
1525599389	20351	63.821	21.368	339	1
1525599389	20397	63.821	21.389	339	3
1525599389	20446	63.821	21.378	339	3
1525599389	20502	63.821	21.378	339	7
1525599389	20553	63.821	21.378	339	5
1525599389	20648	63.821	21.518	339	1
1525599389	20701	63.821	21.547	339	3
1525599389	20802	63.948	21.579	339	1
1525599390	19884	63.483	23.131	339	1
1525599390	19964	63.483	23.131	339	3
1525599390	20045	63.483	23.131	339	13
1525599390	20005	63.483	23.131	339	1
1525599390	20135	63.483	23.22	339	7
1525599390	20090	63.483	23.143	339	21
1525599390	20227	63.483	23.27	339	16
1525599390	20182	63.483	23.27	339	1
1525599390	20272	63.483	23.37	339	9
1525599390	20358	63.483	23.42	339	2
1525599390	20404	63.483	23.559	339	2
1525599390	20560	63.483	23.609	339	1
1525599390	20511	63.483	23.559	339	1
1525599390	20613	63.599	23.671	339	1
1525599390	20659	63.599	23.647	339	1
1525599390	20709	63.599	23.659	339	17
1525599390	20764	63.599	23.774	339	5
1525599391	19892	63.725	24.95	339	3
1525599391	19932	63.725	24.912	339	5
1525599391	19972	63.725	24.95	339	17
1525599391	20013	63.725	24.925	339	1
1525599391	20098	63.725	24.875	339	1
1525599391	20142	63.725	24.862	339	3
1525599391	20193	63.725	24.875	339	17
1525599391	20236	63.725	24.875	339	1
1525599391	20279	63.725	24.762	339	1
1525599391	20330	63.725	24.624	339	1
1525599391	20520	63.725	24.636	339	17
1525599391	20366	63.842	24.624	339	1
1525599391	20416	63.842	24.624	339	1
1525599391	20570	63.842	24.586	339	9
1525599391	20625	63.842	24.662	339	1
1525599391	20673	63.842	24.662	339	17
1525599391	20719	63.842	24.699	339	1
1525599391	20773	63.842	24.712	339	12
1525599392	19938	63.476	26.987	339	1
1525599392	19981	63.474	26.987	339	1
1525599392	20020	63.474	26.937	339	1
1525599392	20064	63.474	26.987	339	1
1525599392	20110	63.474	27	339	1
1525599392	20201	63.474	26.95	339	1
1525599392	20153	63.474	26.987	339	1
1525599392	20289	63.474	27.014	339	1
1525599392	20243	63.474	27	339	1
1525599392	20336	63.474	27.036	339	1
1525599392	20483	63.474	27.014	339	17
1525599392	20425	63.474	27	339	1
1525599392	20380	63.474	27	339	3
1525599392	20578	63.474	26.963	339	9
1525599392	20531	63.474	27	339	1
1525599392	20633	63.59	26.81	339	1
1525599392	20681	63.59	26.823	339	10
1525599392	20735	63.59	26.773	339	11
1525599392	20785	63.59	26.76	339	1
1525599393	19908	63.823	24.737	339	1
1525599393	19949	63.823	24.686	339	3
1525599393	19989	63.823	24.724	339	1
1525599393	20028	63.823	24.674	339	17
1525599393	20119	63.823	24.674	339	13
1525599393	20165	63.823	24.662	339	1
1525599393	20251	63.823	24.561	339	1
1525599393	20299	63.823	24.461	339	12
1525599393	20210	63.823	24.499	339	1
1525599393	20388	63.823	24.461	339	1
1525599393	20493	63.823	24.487	339	1
1525599393	20344	63.823	24.449	339	1
1525599393	20436	63.823	24.487	339	17
1525599393	20540	63.823	24.437	339	1
1525599393	20590	63.937	24.449	339	1
1525599393	20640	63.937	24.537	339	1
1525599393	20692	63.937	24.549	339	1
1525599393	20744	63.928	24.649	339	3
1525599393	20795	63.93	24.649	339	7
1525599394	19916	63.465	23.477	339	1
1525599394	19996	63.465	23.526	339	1
1525599394	19956	63.465	23.45	339	13
1525599394	20037	63.465	23.526	339	1
1525599394	20080	63.465	23.526	339	1
1525599394	20125	63.465	23.503	339	1
1525599394	20174	63.465	23.388	339	1
1525599394	20260	63.465	23.377	339	1
1525599394	20217	63.465	23.377	339	1
1525599394	20310	63.465	23.288	339	1
1525599394	20351	63.465	23.188	339	1
1525599394	20397	63.465	23.177	339	3
1525599394	20502	63.465	23.1	339	7
1525599394	20446	63.465	23.1	339	1
1525599394	20553	63.578	23.062	339	5
1525599394	20701	63.578	22.796	339	3
1525599394	20648	63.578	22.823	339	1
1525599394	20802	63.578	22.873	339	1
1525599395	19884	63.809	21.464	339	1
1525599395	19964	63.809	21.425	339	3
1525599395	20045	63.809	21.425	339	13
1525599395	20005	63.809	21.386	339	1
1525599395	20090	63.809	21.375	339	21
1525599395	20135	63.809	21.285	339	7
1525599395	20227	63.809	21.274	339	16
1525599395	20182	63.809	21.274	339	1
1525599395	20272	63.809	21.253	339	9
1525599395	20358	63.809	21.203	339	2
1525599395	20404	63.809	21.074	339	2
1525599395	20511	63.809	21.113	339	1
1525599395	20560	63.924	21.063	339	1
1525599395	20613	63.925	20.963	339	1
1525599395	20659	63.925	20.973	339	1
1525599395	20709	63.925	20.973	339	17
1525599395	20764	63.925	20.884	339	5
1525599396	19932	63.472	20.11	339	5
1525599396	19972	63.472	20.07	339	17
1525599396	20013	63.472	20.1	339	1
1525599396	19892	63.472	20.06	339	1
1525599396	20098	63.472	20.11	339	1
1525599396	20142	63.472	20.12	339	3
1525599396	20193	63.472	20.11	339	17
1525599396	20236	63.472	20.15	339	1
1525599396	20279	63.472	20.07	339	1
1525599396	20330	63.472	20.03	339	1
1525599396	20520	63.472	20.01	339	17
1525599396	20416	63.472	20.02	339	1
1525599396	20366	63.586	20.05	339	1
1525599396	20570	63.586	20.01	339	9
1525599396	20673	63.586	20.02	339	17
1525599396	20625	63.586	20.06	339	1
1525599396	20719	63.586	19.98	339	1
1525599396	20773	63.586	20.02	339	12
1525599397	19981	63.83	16.935	339	1
1525599397	19938	63.83	16.968	339	1
1525599397	20020	63.83	16.976	339	1
1525599397	20064	63.83	16.884	339	1
1525599397	20110	63.83	16.876	339	1
1525599397	20153	63.83	16.884	339	1
1525599397	20201	63.83	16.884	339	1
1525599397	20243	63.83	16.834	339	1
1525599397	20289	63.83	16.826	339	1
1525599397	20380	63.83	17.027	339	3
1525599397	20425	63.83	17.068	339	1
1525599397	20336	63.83	16.843	339	1
1525599397	20483	63.83	16.976	339	17
1525599397	20578	63.83	17.018	339	9
1525599397	20531	63.937	17.018	339	1
1525599397	20681	63.946	17.035	339	10
1525599397	20633	63.946	17.035	339	1
1525599397	20735	63.946	17.118	339	11
1525599397	20785	63.946	17.085	339	1
1525599398	19908	63.508	18.296	339	1
1525599398	19949	63.511	18.337	339	3
1525599398	19989	63.52	18.346	339	1
1525599398	20028	63.528	18.355	339	17
1525599398	20119	63.531	18.437	339	13
1525599398	20165	63.51	18.414	339	5
1525599398	20251	63.512	18.515	339	1
1525599398	20299	63.518	18.565	339	12
1525599398	20210	63.524	18.565	339	1
1525599398	20388	63.527	18.697	339	1
1525599398	20344	63.527	18.697	339	1
1525599398	20436	63.527	18.574	339	17
1525599398	20493	63.527	18.656	339	1
1525599398	20540	63.638	18.615	339	1
1525599398	20590	63.644	18.574	339	1
1525599398	20640	63.644	18.465	339	1
1525599398	20692	63.644	18.474	339	1
1525599398	20744	63.644	18.332	339	3
1525599398	20795	63.761	18.323	339	7
1525599399	19916	63.894	17.861	339	1
1525599399	19956	63.894	17.884	339	13
1525599399	20037	63.894	17.861	339	1
1525599399	20080	63.894	17.861	339	1
1525599399	20174	63.894	18.053	339	1
1525599399	20125	63.894	17.879	339	1
1525599399	20217	63.894	18.095	339	1
1525599399	20260	63.894	18.104	339	1
1525599399	20310	63.894	18.104	339	1
1525599399	19996	63.894	17.81	339	1
1525599399	20351	63.894	18.113	339	1
1525599399	20397	63.894	18.072	339	3
1525599399	20446	63.894	18.113	339	1
1525599399	20502	63.894	18.104	339	7
1525599399	20553	63.894	18.104	339	5
1525599399	20648	64.011	18.255	339	1
1525599399	20701	64.011	18.246	339	3
1525599399	20802	64.014	18.104	339	1
1525599400	19884	63.533	23.731	339	1
1525599400	19964	63.533	23.731	339	3
1525599400	20045	63.533	23.769	339	13
1525599400	20005	63.535	23.757	339	1
1525599400	20090	63.535	23.807	339	21
1525599400	20135	63.535	23.731	339	7
1525599400	20182	63.535	23.68	339	1
1525599400	20227	63.535	23.68	339	16
1525599400	20272	63.535	23.615	339	9
1525599400	20358	63.535	23.565	339	2
1525599400	20404	63.535	23.603	339	2
1525599400	20511	63.535	23.654	339	1
1525599400	20560	63.652	23.642	339	1
1525599400	20613	63.652	23.592	339	1
1525599400	20659	63.652	23.603	339	1
1525599400	20709	63.652	23.668	339	17
1525599400	20764	63.764	23.668	339	5
1525599401	19892	63.884	24.347	339	1
1525599401	19932	63.884	24.347	339	5
1525599401	20013	63.884	24.347	339	1
1525599401	19972	63.884	24.373	339	17
1525599401	20098	63.884	24.46	339	1
1525599401	20142	63.884	24.498	339	3
1525599401	20193	63.884	24.498	339	17
1525599401	20236	63.884	24.548	339	1
1525599401	20279	63.884	24.586	339	1
1525599401	20330	63.884	24.624	339	5
1525599401	20520	63.885	24.624	339	17
1525599401	20416	63.886	24.586	339	1
1525599401	20366	63.886	24.561	339	1
1525599401	20570	63.997	24.674	339	9
1525599401	20625	64.002	24.724	339	1
1525599401	20673	64.002	24.762	339	17
1525599401	20719	64.002	24.712	339	1
1525599401	20773	64.002	24.662	339	12
1525599402	19938	63.537	25.564	339	1
1525599402	20020	63.537	25.551	339	1
1525599402	19981	63.537	25.588	339	1
1525599402	20064	63.537	25.626	339	1
1525599402	20110	63.537	25.638	339	1
1525599402	20153	63.537	25.638	339	1
1525599402	20201	63.537	25.638	339	1
1525599402	20243	63.537	25.676	339	1
1525599402	20289	63.537	25.676	339	1
1525599402	20336	63.537	25.626	339	1
1525599402	20425	63.537	25.438	339	1
1525599402	20380	63.537	25.438	339	3
1525599402	20578	63.537	25.475	339	9
1525599402	20483	63.537	25.526	339	17
1525599402	20531	63.537	25.438	339	3
1525599402	20633	63.537	25.588	339	1
1525599402	20681	63.537	25.576	339	10
1525599402	20735	63.651	25.488	339	11
1525599402	20785	63.651	25.425	339	5
1525599403	19949	63.778	24.8	339	4
1525599403	19989	63.778	24.762	339	1
1525599403	19908	63.778	24.812	339	1
1525599403	20028	63.778	24.712	339	17
1525599403	20119	63.778	24.662	339	13
1525599403	20165	63.778	24.637	339	5
1525599403	20251	63.778	24.511	339	1
1525599403	20299	63.778	24.461	339	12
1525599403	20210	63.778	24.399	339	1
1525599403	20388	63.778	24.323	339	1
1525599403	20344	63.778	24.323	339	1
1525599403	20436	63.778	24.335	339	17
1525599403	20493	63.774	24.335	339	1
1525599403	20540	63.885	24.323	339	1
1525599403	20590	63.889	24.361	339	1
1525599403	20640	63.889	24.373	339	1
1525599403	20692	63.889	24.361	339	1
1525599403	20744	63.889	24.373	339	3
1525599403	20795	64.001	24.361	339	7
1525599404	19996	63.541	24.324	339	1
1525599404	19916	63.541	24.312	339	1
1525599404	19956	63.541	24.324	339	13
1525599404	20080	63.541	24.3	339	1
1525599404	20037	63.541	24.312	339	1
1525599404	20125	63.541	24.2	339	1
1525599404	20174	63.541	24.112	339	1
1525599404	20260	63.541	23.986	339	1
1525599404	20217	63.541	23.986	339	1
1525599404	20310	63.541	24	339	1
1525599404	20397	63.541	24	339	3
1525599404	20351	63.541	23.962	339	1
1525599404	20502	63.541	24.012	339	7
1525599404	20446	63.541	24	339	1
1525599404	20553	63.644	24	339	5
1525599404	20701	63.655	23.862	339	3
1525599404	20648	63.655	23.824	339	1
1525599404	20802	63.768	23.8	339	1
1525599405	19964	63.892	16.708	339	3
1525599405	19884	63.892	16.717	339	1
1525599405	20045	63.892	16.667	339	13
1525599405	20005	63.892	16.717	339	1
1525599405	20090	63.892	16.675	339	21
1525599405	20135	63.892	16.667	339	7
1525599405	20227	63.892	16.717	339	16
1525599405	20182	63.892	16.708	339	1
1525599405	20272	63.892	16.75	339	11
1525599405	20358	63.892	16.8	339	2
1525599405	20404	63.892	16.8	339	2
1525599405	20511	63.892	16.759	339	1
1525599405	20560	63.892	16.826	339	1
1525599405	20613	64.002	16.918	339	1
1525599405	20659	64.008	16.918	339	1
1525599405	20709	64.009	16.884	339	17
1525599405	20764	64.009	16.884	339	5
1525599406	19892	63.527	17.479	339	1
1525599406	19932	63.527	17.57	339	5
1525599406	20013	63.528	17.529	339	1
1525599406	19972	63.527	17.538	339	17
1525599406	20142	63.528	17.47	339	3
1525599406	20193	63.528	17.47	339	17
1525599406	20236	63.528	17.378	339	1
1525599406	20098	63.528	17.47	339	1
1525599406	20279	63.528	17.387	339	1
1525599406	20330	63.528	17.387	339	5
1525599406	20366	63.643	17.529	339	1
1525599406	20416	63.643	17.529	339	1
1525599406	20520	63.528	17.396	339	17
1525599406	20570	63.643	17.437	339	9
1525599406	20625	63.643	17.295	339	1
1525599406	20673	63.643	17.304	339	17
1525599406	20719	63.643	17.295	339	1
1525599406	20773	63.763	17.304	340	12
1525599407	19938	63.889	23.515	339	1
1525599407	19981	63.889	23.553	339	1
1525599407	20153	63.889	23.653	339	1
1525599407	20289	63.889	23.738	339	1
1525599407	20201	63.889	23.626	339	1
1525599407	20110	63.889	23.641	339	1
1525599407	20064	63.889	23.526	339	3
1525599407	20020	63.889	23.603	339	1
1525599407	20243	63.889	23.814	339	1
1525599407	20336	63.889	23.926	339	1
1525599407	20483	63.889	23.938	339	17
1525599407	20425	63.889	23.964	339	1
1525599407	20380	63.889	23.926	339	3
1525599407	20578	63.889	23.952	339	8
1525599407	20531	63.889	23.914	339	3
1525599407	20633	64.004	23.726	339	1
1525599407	20681	64.004	23.776	339	10
1525599407	20735	64.004	23.826	339	11
1525599407	20785	64.004	23.964	339	5
1525599408	19908	63.529	25.149	339	1
1525599408	19949	63.529	25.174	339	4
1525599408	20119	63.529	25.299	339	13
1525599408	20165	63.529	25.274	339	5
1525599408	19989	63.529	25.162	339	1
1525599408	20251	63.529	25.374	339	1
1525599408	20028	63.529	25.323	339	17
1525599408	20210	63.529	25.474	339	1
1525599408	20299	63.529	25.448	339	12
1525599408	20388	63.53	25.511	339	1
1525599408	20344	63.53	25.523	339	1
1525599408	20436	63.53	25.561	339	17
1525599408	20493	63.53	25.511	339	1
1525599408	20540	63.53	25.561	339	1
1525599408	20590	63.642	25.536	339	1
1525599408	20640	63.642	25.598	339	1
1525599408	20692	63.642	25.61	339	1
1525599408	20744	63.642	25.548	339	3
1525599408	20795	63.642	25.561	339	8
1525599409	19996	63.782	25.998	339	1
1525599409	20080	63.782	26.011	339	1
1525599409	20037	63.782	25.998	339	1
1525599409	19956	63.782	25.924	339	13
1525599409	19916	63.778	25.924	339	1
1525599409	20125	63.782	26.074	339	1
1525599409	20310	63.784	26.287	339	1
1525599409	20174	63.782	26.161	339	1
1525599409	20351	63.784	26.447	339	1
1525599409	20217	63.782	26.237	339	5
1525599409	20260	63.782	26.284	339	6
1525599409	20397	63.784	26.424	339	3
1525599409	20502	63.784	26.474	339	8
1525599409	20446	63.784	26.474	339	1
1525599409	20553	63.784	26.437	339	7
1525599409	20701	63.898	26.587	339	3
1525599409	20648	63.898	26.573	339	5
1525599409	20802	63.899	26.537	339	9
1525599410	19884	64.14	33.716	341	3
1525599410	19964	64.141	33.849	341	3
1525599410	20090	64.143	33.849	341	21
1525599410	20045	64.141	33.816	341	13
1525599410	20135	64.146	33.982	341	14
1525599410	20005	64.143	33.882	341	9
1525599410	20182	64.147	34.066	341	5
1525599410	20227	64.147	34.049	341	16
1525599410	20272	64.147	34.149	341	16
1525599410	20358	64.149	34.331	341	2
1525599410	20404	64.15	34.348	341	2
1525599410	20511	64.156	34.381	341	7
1525599410	20560	64.179	34.331	341	1
1525599410	20613	64.304	34.464	341	11
1525599410	20659	64.371	34.414	341	5
1525599410	20709	64.373	34.481	341	17
1525599410	20764	64.376	34.713	341	8
1525599411	19972	63.694	36.672	339	17
1525599411	20013	63.694	36.735	339	5
1525599411	19892	63.694	36.803	339	1
1525599411	19932	63.694	36.672	339	5
1525599411	20193	63.694	36.921	339	17
1525599411	20236	63.694	37.002	339	1
1525599411	20098	63.694	36.821	339	1
1525599411	20142	63.694	36.902	339	3
1525599411	20279	63.694	37.083	339	11
1525599411	20330	63.694	37.102	339	5
1525599411	20366	63.694	36.952	339	1
1525599411	20416	63.694	36.952	339	7
1525599411	20520	63.694	37.033	339	17
1525599411	20570	63.694	37.052	339	9
1525599411	20625	63.803	37.102	339	1
1525599411	20673	63.815	37.114	339	17
1525599411	20719	63.815	37.002	339	1
1525599411	20773	63.815	36.934	339	12
1525599412	19938	63.448	31.247	339	11
1525599412	19981	63.448	31.228	339	1
1525599412	20020	63.448	31.212	339	7
1525599412	20064	63.448	31.247	339	3
1525599412	20110	63.448	31.143	339	1
1525599412	20153	63.448	31.147	339	1
1525599412	20201	63.448	31.131	339	1
1525599412	20289	63.448	31.031	339	11
1525599412	20243	63.448	30.946	339	1
1525599412	20336	63.448	30.865	339	5
1525599412	20483	63.448	30.831	339	17
1525599412	20425	63.448	30.862	339	13
1525599412	20531	63.448	30.962	339	3
1525599412	20380	63.448	30.896	339	3
1525599412	20578	63.448	30.927	339	17
1525599412	20681	63.556	30.962	339	10
1525599412	20633	63.556	30.996	339	1
1525599412	20735	63.556	30.862	339	11
1525599412	20785	63.629	30.812	339	5
1525599413	19908	63.797	27.898	339	5
1525599413	19949	63.797	27.898	339	4
1525599413	19989	63.797	27.884	339	1
1525599413	20028	63.797	27.789	339	17
1525599413	20119	63.797	27.861	339	13
1525599413	20165	63.797	27.884	339	5
1525599413	20251	63.797	27.834	339	7
1525599413	20299	63.797	27.761	339	12
1525599413	20210	63.797	27.747	339	1
1525599413	20344	63.797	27.733	339	11
1525599413	20436	63.797	27.683	339	17
1525599413	20388	63.797	27.747	339	1
1525599413	20493	63.797	27.683	339	1
1525599413	20540	63.797	27.697	339	9
1525599413	20590	63.91	27.756	339	1
1525599413	20640	63.91	27.761	339	1
1525599413	20692	63.91	27.761	339	11
1525599413	20744	63.91	27.912	339	3
1525599413	20795	63.91	27.912	339	12
1525599414	19956	63.452	26.479	339	13
1525599414	19916	63.452	26.516	339	9
1525599414	19996	63.452	26.406	339	9
1525599414	20037	63.452	26.406	339	9
1525599414	20080	63.452	26.406	339	9
1525599414	20125	63.452	26.379	339	11
1525599414	20174	63.452	26.242	339	1
1525599414	20260	63.452	26.205	339	7
1525599414	20217	63.452	26.253	339	7
1525599414	20310	63.452	26.179	339	1
1525599414	20397	63.452	26.041	339	3
1525599414	20351	63.452	26.041	339	1
1525599414	20446	63.452	26.028	339	1
1525599414	20502	63.452	26.015	339	14
1525599414	20553	63.562	26.078	339	9
1525599414	20701	63.565	25.965	339	3
1525599414	20648	63.565	25.978	339	5
1525599414	20802	63.589	26.216	339	9
1525599415	20045	63.805	18.615	339	13
1525599415	19884	63.805	18.706	339	3
1525599415	20005	63.805	18.574	339	9
1525599415	19964	63.805	18.574	339	3
1525599415	20090	63.805	18.615	339	21
1525599415	20135	63.805	18.574	339	14
1525599415	20182	63.805	18.515	339	5
1525599415	20227	63.805	18.474	339	16
1525599415	20272	63.805	18.383	339	16
1525599415	20358	63.805	18.182	339	2
1525599415	20404	63.805	18.122	339	2
1525599415	20511	63.805	18.072	339	7
1525599415	20560	63.905	17.99	339	1
1525599415	20613	63.924	17.839	339	11
1525599415	20659	63.924	17.88	339	5
1525599415	20709	63.924	17.821	339	17
1525599415	20764	63.924	17.588	339	8
1525599416	19892	63.459	14.034	339	1
1525599416	19932	63.459	14.077	339	5
1525599416	19972	63.459	14.077	339	17
1525599416	20013	63.459	14.034	339	5
1525599416	20098	63.459	13.883	339	1
1525599416	20193	63.459	13.739	339	17
1525599416	20142	63.459	13.739	339	3
1525599416	20330	63.459	13.826	339	5
1525599416	20279	63.459	13.689	339	11
1525599416	20236	63.459	13.689	339	1
1525599416	20520	63.459	13.934	339	17
1525599416	20416	63.574	14.027	339	7
1525599416	20366	63.57	14.027	339	1
1525599416	20570	63.57	13.934	339	9
1525599416	20625	63.57	13.927	339	1
1525599416	20673	63.57	13.883	339	17
1525599416	20719	63.57	13.977	339	1
1525599416	20773	63.687	14.027	339	12
1525599417	19938	63.803	12.619	339	11
1525599417	19981	63.803	12.619	339	1
1525599417	20020	63.803	12.663	339	7
1525599417	20064	63.803	12.663	339	3
1525599417	20110	63.803	12.663	339	1
1525599417	20153	63.803	12.575	339	1
1525599417	20201	63.803	12.619	339	1
1525599417	20289	63.803	12.575	339	11
1525599417	20243	63.803	12.575	339	1
1525599417	20336	63.803	12.575	339	5
1525599417	20483	63.803	12.569	339	17
1525599417	20380	63.803	12.519	339	3
1525599417	20425	63.803	12.519	339	13
1525599417	20578	63.803	12.475	339	17
1525599417	20531	63.803	12.469	339	3
1525599417	20681	63.919	12.469	339	10
1525599417	20633	63.919	12.469	339	1
1525599417	20735	63.919	12.563	339	11
1525599417	20785	63.919	12.575	339	5
1525599418	19949	63.451	12.954	339	4
1525599418	19989	63.451	12.96	339	1
1525599418	20028	63.451	12.947	339	17
1525599418	19908	63.451	13.004	339	5
1525599418	20119	63.451	12.859	339	13
1525599418	20165	63.451	12.903	339	5
1525599418	20251	63.451	12.853	339	7
1525599418	20299	63.451	12.853	339	12
1525599418	20210	63.451	12.853	339	1
1525599418	20388	63.451	12.846	339	1
1525599418	20493	63.451	12.903	339	1
1525599418	20344	63.451	12.853	339	11
1525599418	20436	63.451	12.903	339	17
1525599418	20540	63.56	12.897	339	9
1525599418	20590	63.563	12.853	339	1
1525599418	20640	63.563	12.796	339	1
1525599418	20692	63.563	12.796	339	11
1525599418	20744	63.563	12.695	339	3
1525599418	20795	63.68	12.695	339	13
1525599419	19956	63.802	12.934	339	13
1525599419	19916	63.802	12.934	339	9
1525599419	19996	63.802	13.022	339	9
1525599419	20037	63.802	12.978	339	9
1525599419	20080	63.802	12.978	339	9
1525599419	20125	63.802	13.022	339	11
1525599419	20174	63.802	13.072	339	1
1525599419	20260	63.802	12.978	339	7
1525599419	20217	63.802	13.022	339	7
1525599419	20310	63.802	12.971	339	1
1525599419	20351	63.802	13.072	339	1
1525599419	20397	63.802	13.065	339	3
1525599419	20446	63.802	12.978	339	1
1525599419	20502	63.802	12.984	339	13
1525599419	20553	63.913	13.015	339	9
1525599419	20701	63.917	13.116	339	3
1525599419	20648	63.917	13.116	339	5
1525599419	20802	63.917	13.015	339	9
1525599420	19884	63.454	14.314	339	3
1525599420	19964	63.454	14.357	339	3
1525599420	20045	63.454	14.314	339	13
1525599420	20090	63.454	14.264	339	21
1525599420	20005	63.454	14.271	339	9
1525599420	20135	63.454	14.214	339	13
1525599420	20182	63.454	14.171	339	5
1525599420	20227	63.454	14.214	339	16
1525599420	20272	63.454	14.164	339	16
1525599420	20358	63.454	14.171	339	2
1525599420	20511	63.454	14.271	339	7
1525599420	20404	63.454	14.221	339	2
1525599420	20560	63.454	14.408	339	1
1525599420	20613	63.567	14.365	339	11
1525599420	20659	63.567	14.322	339	5
1525599420	20709	63.567	14.264	339	17
1525599420	20764	63.567	14.214	339	9
1525599421	19932	63.799	13.458	339	5
1525599421	19892	63.799	13.451	339	1
1525599421	20013	63.799	13.414	339	5
1525599421	19972	63.799	13.451	339	17
1525599421	20098	63.799	13.401	339	1
1525599421	20142	63.799	13.407	339	3
1525599421	20193	63.799	13.401	339	17
1525599421	20236	63.799	13.401	339	1
1525599421	20279	63.799	13.3	339	11
1525599421	20330	63.799	13.155	339	5
1525599421	20520	63.799	13.068	339	17
1525599421	20416	63.916	13.017	339	7
1525599421	20366	63.916	13.011	339	1
1525599421	20570	63.916	13.105	339	9
1525599421	20625	63.916	13.111	339	1
1525599421	20673	63.916	13.074	339	17
1525599421	20719	63.917	13.118	339	1
1525599421	20773	63.917	13.118	339	12
1525599422	19938	63.451	13.535	339	11
1525599422	19981	63.451	13.492	339	1
1525599422	20020	63.451	13.448	339	7
1525599422	20064	63.451	13.448	339	3
1525599422	20110	63.451	13.448	339	1
1525599422	20153	63.451	13.492	339	1
1525599422	20201	63.451	13.448	339	1
1525599422	20289	63.451	13.485	339	11
1525599422	20243	63.451	13.492	339	3
1525599422	20336	63.451	13.498	339	5
1525599422	20483	63.451	13.455	339	17
1525599422	20380	63.45	13.586	339	3
1525599422	20425	63.452	13.542	339	13
1525599422	20531	63.566	13.542	339	3
1525599422	20578	63.553	13.535	339	17
1525599422	20681	63.567	13.492	339	10
1525599422	20633	63.567	13.492	339	1
1525599422	20735	63.567	13.542	339	11
1525599422	20785	63.567	13.542	339	5
1525599423	19949	63.799	13.269	339	4
1525599423	19989	63.799	13.263	339	1
1525599423	19908	63.799	13.219	339	5
1525599423	20028	63.799	13.219	339	17
1525599423	20119	63.799	13.263	339	13
1525599423	20165	63.799	13.219	339	5
1525599423	20251	63.799	13.175	339	7
1525599423	20299	63.799	13.219	339	12
1525599423	20210	63.799	13.219	339	1
1525599423	20388	63.799	13.131	339	1
1525599423	20344	63.799	13.131	339	11
1525599423	20436	63.799	13.175	339	17
1525599423	20493	63.799	13.175	339	1
1525599423	20540	63.916	13.131	339	9
1525599423	20590	63.917	13.182	339	1
1525599423	20640	63.917	13.32	339	3
1525599423	20692	63.917	13.313	339	11
1525599423	20744	63.917	13.414	339	2
1525599423	20795	63.917	13.414	339	13
1525599424	19916	63.459	13.249	339	9
1525599424	19956	63.459	13.293	339	13
1525599424	19996	63.459	13.293	339	9
1525599424	20037	63.459	13.337	339	9
1525599424	20080	63.459	13.33	339	9
1525599424	20125	63.459	13.249	339	11
1525599424	20174	63.459	13.199	339	1
1525599424	20260	63.459	13.249	339	7
1525599424	20217	63.459	13.212	339	7
1525599424	20310	63.459	13.293	339	1
1525599424	20351	63.459	13.199	339	1
1525599424	20397	63.459	13.243	339	3
1525599424	20502	63.459	13.28	339	13
1525599424	20446	63.459	13.286	339	1
1525599424	20553	63.57	13.199	339	9
1525599424	20648	63.574	13.192	339	5
1525599424	20701	63.574	13.105	339	3
1525599424	20802	63.574	13.249	339	9
1525599425	19884	63.809	12.046	339	3
1525599425	20005	63.809	12.141	339	9
1525599425	20090	63.809	12.141	339	21
1525599425	20045	63.809	12.097	339	12
1525599425	19964	63.809	12.052	339	3
1525599425	20135	63.809	12.191	339	13
1525599425	20227	63.809	12.191	339	16
1525599425	20182	63.809	12.147	339	5
1525599425	20272	63.809	12.198	339	16
1525599425	20404	63.809	12.147	339	2
1525599425	20511	63.809	12.141	339	7
1525599425	20358	63.809	12.191	339	2
1525599425	20560	63.809	12.141	339	1
1525599425	20613	63.924	12.191	339	11
1525599425	20659	63.924	12.236	339	5
1525599425	20709	63.924	12.292	339	17
1525599425	20764	63.924	12.336	339	9
1525599426	19972	63.463	12.827	339	17
1525599426	20013	63.463	12.821	339	5
1525599426	19932	63.463	12.821	339	5
1525599426	19892	63.463	12.777	339	1
1525599426	20098	63.463	12.915	339	1
1525599426	20142	63.463	12.864	339	1
1525599426	20193	63.463	12.871	339	17
1525599426	20236	63.463	12.871	339	1
1525599426	20279	63.463	12.871	339	11
1525599426	20330	63.463	12.921	339	5
1525599426	20520	63.463	12.864	339	17
1525599426	20416	63.564	12.864	339	7
1525599426	20366	63.575	12.915	339	1
1525599426	20570	63.575	12.77	339	9
1525599426	20625	63.575	12.77	339	1
1525599426	20673	63.575	12.764	339	17
1525599426	20719	63.575	12.72	339	1
1525599426	20773	63.692	12.714	339	12
1525599427	19938	63.809	12.462	339	11
1525599427	19981	63.809	12.506	339	1
1525599427	20020	63.809	12.513	339	7
1525599427	20064	63.809	12.513	339	3
1525599427	20110	63.809	12.506	339	1
1525599427	20201	63.809	12.506	339	1
1525599427	20153	63.809	12.506	339	1
1525599427	20243	63.809	12.513	339	3
1525599427	20289	63.809	12.513	339	11
1525599427	20336	63.809	12.506	339	5
1525599427	20380	63.809	12.469	339	3
1525599427	20531	63.809	12.607	339	3
1525599427	20425	63.809	12.469	339	13
1525599427	20578	63.809	12.519	339	17
1525599427	20483	63.809	12.557	339	17
1525599427	20681	63.927	12.663	339	10
1525599427	20633	63.927	12.663	339	1
1525599427	20735	63.927	12.575	339	11
1525599427	20785	63.927	12.613	339	5
1525599428	19908	63.463	13.139	339	5
1525599428	19949	63.463	13.096	339	4
1525599428	19989	63.463	13.102	339	1
1525599428	20028	63.463	13.139	339	17
1525599428	20119	63.463	13.096	339	12
1525599428	20165	63.463	13.096	339	5
1525599428	20251	63.463	13.176	339	7
1525599428	20299	63.463	13.133	339	12
1525599428	20210	63.463	13.096	339	1
1525599428	20388	63.463	13.183	339	1
1525599428	20436	63.463	13.133	339	15
1525599428	20493	63.463	13.133	339	1
1525599428	20344	63.463	13.176	339	11
1525599428	20540	63.577	13.19	339	9
1525599428	20692	63.577	13.002	339	11
1525599428	20590	63.577	13.133	339	1
1525599428	20640	63.577	12.995	339	3
1525599428	20744	63.577	13.002	339	1
1525599428	20795	63.577	12.995	339	13
1525599429	19956	63.812	12.469	339	12
1525599429	19996	63.812	12.38	339	9
1525599429	19916	63.812	12.513	339	9
1525599429	20037	63.812	12.38	339	9
1525599429	20080	63.812	12.38	339	9
1525599429	20125	63.812	12.374	339	11
1525599429	20174	63.812	12.425	339	1
1525599429	20260	63.812	12.374	339	7
1525599429	20217	63.812	12.368	339	7
1525599429	20310	63.812	12.38	339	1
1525599429	20351	63.812	12.374	339	1
1525599429	20397	63.812	12.38	339	3
1525599429	20446	63.812	12.336	339	1
1525599429	20502	63.812	12.343	339	13
1525599429	20553	63.817	12.38	339	9
1525599429	20701	63.931	12.475	339	3
1525599429	20648	63.931	12.387	339	5
1525599429	20802	63.931	12.286	339	9
1525599430	19884	63.469	12.626	339	3
1525599430	19964	63.471	12.619	339	3
1525599430	20045	63.471	12.619	339	11
1525599430	20005	63.471	12.531	339	9
1525599430	20090	63.471	12.531	339	21
1525599430	20135	63.471	12.481	339	13
1525599430	20182	63.471	12.569	339	5
1525599430	20227	63.471	12.569	339	16
1525599430	20272	63.471	12.519	339	16
1525599430	20511	63.471	12.531	339	7
1525599430	20358	63.471	12.525	339	2
1525599430	20560	63.471	12.519	339	1
1525599430	20404	63.471	12.569	339	2
1525599430	20613	63.584	12.525	339	11
1525599430	20659	63.588	12.575	339	5
1525599430	20709	63.588	12.431	339	17
1525599430	20764	63.588	12.33	339	9
1525599431	19892	63.711	12.33	339	1
1525599431	19932	63.711	12.324	339	4
1525599431	19972	63.711	12.368	339	17
1525599431	20013	63.711	12.368	339	5
1525599431	20098	63.711	12.274	339	1
1525599431	20142	63.711	12.324	339	1
1525599431	20193	63.711	12.318	339	15
1525599431	20236	63.711	12.28	339	1
1525599431	20279	63.711	12.324	339	11
1525599431	20330	63.711	12.274	339	5
1525599431	20520	63.711	12.324	339	14
1525599431	20416	63.711	12.324	339	7
1525599431	20366	63.814	12.324	339	1
1525599431	20570	63.825	12.374	339	8
1525599431	20625	63.825	12.368	339	1
1525599431	20673	63.825	12.412	339	17
1525599431	20719	63.825	12.412	339	1
1525599431	20773	63.942	12.425	339	12
1525599432	19938	63.463	12.638	339	11
1525599432	19981	63.463	12.632	339	1
1525599432	20020	63.463	12.676	339	7
1525599432	20064	63.463	12.632	339	3
1525599432	20110	63.463	12.632	339	1
1525599432	20153	63.463	12.632	339	1
1525599432	20201	63.463	12.676	339	1
1525599432	20243	63.465	12.632	339	3
1525599432	20289	63.465	12.632	339	11
1525599432	20336	63.465	12.676	339	5
1525599432	20483	63.465	12.626	339	15
1525599432	20380	63.465	12.626	339	3
1525599432	20425	63.465	12.67	339	13
1525599432	20531	63.465	12.431	339	3
1525599432	20578	63.465	12.569	339	17
1525599432	20681	63.577	12.469	339	10
1525599432	20633	63.577	12.431	339	1
1525599432	20735	63.577	12.456	339	11
1525599432	20785	63.625	12.368	339	5
1525599433	19908	63.808	11.839	339	5
1525599433	19989	63.808	11.833	339	1
1525599433	19949	63.808	11.833	339	4
1525599433	20119	63.808	11.883	339	11
1525599433	20028	63.808	11.8	339	16
1525599433	20165	63.808	11.883	339	5
1525599433	20251	63.808	11.8	339	7
1525599433	20299	63.808	11.845	339	11
1525599433	20210	63.808	11.833	339	1
1525599433	20388	63.808	11.839	339	1
1525599433	20436	63.808	11.788	339	13
1525599433	20344	63.808	11.839	339	11
1525599433	20493	63.808	11.877	339	1
1525599433	20540	63.815	11.732	339	9
1525599433	20590	63.925	11.782	339	1
1525599433	20640	63.925	11.839	339	3
1525599433	20692	63.925	11.877	339	11
1525599433	20744	63.925	11.839	339	1
1525599433	20795	63.925	11.845	339	13
1525599434	19916	63.458	12.159	339	9
1525599434	19956	63.458	12.159	339	12
1525599434	19996	63.458	12.153	339	9
1525599434	20037	63.459	12.153	339	9
1525599434	20080	63.459	12.153	339	9
1525599434	20174	63.459	12.159	339	1
1525599434	20125	63.459	12.198	339	11
1525599434	20217	63.459	12.248	339	7
1525599434	20260	63.459	12.248	339	7
1525599434	20310	63.459	12.248	339	1
1525599434	20351	63.459	12.248	339	1
1525599434	20397	63.459	12.198	339	3
1525599434	20446	63.459	12.286	339	1
1525599434	20502	63.459	12.286	339	13
1525599434	20553	63.46	12.198	339	9
1525599434	20701	63.575	12.103	339	3
1525599434	20648	63.575	12.097	339	5
1525599434	20802	63.69	12.091	339	9
1525599435	19884	63.81	11.442	339	3
1525599435	19964	63.81	11.436	339	3
1525599435	20045	63.81	11.436	339	11
1525599435	20005	63.81	11.43	339	9
1525599435	20090	63.81	11.436	339	20
1525599435	20135	63.81	11.486	339	13
1525599435	20227	63.81	11.436	339	15
1525599435	20182	63.81	11.436	339	5
1525599435	20272	63.81	11.486	339	16
1525599435	20358	63.81	11.436	339	2
1525599435	20404	63.81	11.436	339	2
1525599435	20511	63.81	11.475	339	7
1525599435	20560	63.925	11.385	339	1
1525599435	20613	63.927	11.29	339	11
1525599435	20659	63.927	11.29	339	5
1525599435	20709	63.927	11.341	339	16
1525599435	20764	63.927	11.442	339	9
1525599436	20013	63.463	11.397	339	5
1525599436	19932	63.463	11.397	339	4
1525599436	19892	63.463	11.436	339	1
1525599436	19972	63.463	11.352	339	14
1525599436	20098	63.463	11.453	339	1
1525599436	20142	63.463	11.447	339	1
1525599436	20193	63.463	11.453	339	13
1525599436	20236	63.463	11.492	339	1
1525599436	20279	63.463	11.492	339	11
1525599436	20330	63.463	11.492	339	5
1525599436	20520	63.463	11.48	339	13
1525599436	20416	63.463	11.442	339	7
1525599436	20366	63.463	11.397	339	1
1525599436	20570	63.578	11.486	339	7
1525599436	20625	63.578	11.442	339	1
1525599436	20673	63.578	11.397	339	15
1525599436	20719	63.579	11.397	339	1
1525599436	20773	63.694	11.442	339	10
1525599437	19981	63.816	10.898	339	1
1525599437	19938	63.816	10.943	339	11
1525599437	20020	63.816	10.853	339	7
1525599437	20064	63.816	10.898	339	3
1525599437	20110	63.816	10.904	339	1
1525599437	20153	63.816	10.859	339	1
1525599437	20201	63.816	10.949	339	1
1525599437	20289	63.816	10.949	339	11
1525599437	20243	63.816	10.943	339	3
1525599437	20336	63.816	10.853	339	5
1525599437	20425	63.816	10.954	339	13
1525599437	20380	63.816	10.999	339	3
1525599437	20483	63.816	10.904	339	12
1525599437	20578	63.816	11.055	339	17
1525599437	20531	63.927	11.234	339	3
1525599437	20681	63.931	11.106	339	8
1525599437	20633	63.931	11.15	339	3
1525599437	20735	63.931	11.162	339	10
1525599437	20785	63.931	11.206	339	5
1525599438	19908	63.434	12.071	339	5
1525599438	19989	63.434	12.115	339	1
1525599438	19949	63.434	12.071	339	4
1525599438	20028	63.434	12.115	339	13
1525599438	20119	63.434	12.065	339	9
1525599438	20165	63.434	12.02	339	5
1525599438	20251	63.434	12.065	339	7
1525599438	20299	63.434	12.02	339	7
1525599438	20210	63.434	12.071	339	1
1525599438	20388	63.434	11.976	339	1
1525599438	20436	63.434	12.02	339	10
1525599438	20344	63.434	11.976	339	11
1525599438	20493	63.434	11.893	339	1
1525599438	20540	63.437	12.026	339	9
1525599438	20590	63.546	11.982	339	1
1525599438	20640	63.546	11.931	339	3
1525599438	20692	63.546	11.887	339	11
1525599438	20744	63.546	11.824	339	1
1525599438	20795	63.546	11.774	339	13
1525599439	19916	63.779	11.744	339	9
1525599439	19996	63.779	11.794	339	9
1525599439	19956	63.779	11.744	339	11
1525599439	20037	63.779	11.699	339	9
1525599439	20080	63.779	11.705	339	9
1525599439	20125	63.779	11.705	339	11
1525599439	20174	63.779	11.699	339	1
1525599439	20260	63.779	11.699	339	7
1525599439	20217	63.779	11.699	339	7
1525599439	20310	63.779	11.655	339	1
1525599439	20351	63.779	11.655	339	1
1525599439	20397	63.779	11.661	339	3
1525599439	20446	63.779	11.705	339	1
1525599439	20502	63.779	11.705	339	13
1525599439	20553	63.895	11.711	339	9
1525599439	20701	63.897	11.851	339	3
1525599439	20648	63.897	11.851	339	5
1525599439	20802	63.897	11.901	339	9
1525599440	19884	63.434	12.638	339	3
1525599440	19964	63.434	12.607	339	3
1525599440	20045	63.434	12.601	339	10
1525599440	20090	63.434	12.689	339	18
1525599440	20005	63.434	12.651	339	9
1525599440	20135	63.434	12.55	339	13
1525599440	20227	63.434	12.601	339	10
1525599440	20182	63.434	12.645	339	5
1525599440	20272	63.434	12.733	339	16
1525599440	20358	63.434	12.733	339	10
1525599440	20404	63.434	12.777	339	6
1525599440	20511	63.434	12.733	339	7
1525599440	20560	63.551	12.682	339	1
1525599440	20613	63.551	12.676	339	11
1525599440	20659	63.551	12.575	339	5
1525599440	20709	63.551	12.67	339	12
1525599440	20764	63.667	12.619	339	9
1525599441	19892	63.78	12.217	339	1
1525599441	19932	63.78	12.211	339	4
1525599441	19972	63.78	12.211	339	12
1525599441	20013	63.78	12.217	339	5
1525599441	20098	63.78	12.167	339	7
1525599441	20193	63.78	12.167	339	7
1525599441	20142	63.78	12.167	339	1
1525599441	20236	63.78	12.211	339	7
1525599441	20279	63.78	12.223	339	11
1525599441	20330	63.78	12.324	339	5
1525599441	20520	63.78	12.475	339	9
1525599441	20366	63.896	12.475	339	3
1525599441	20416	63.896	12.475	339	7
1525599441	20570	63.896	12.425	339	5
1525599441	20625	63.898	12.481	339	1
1525599441	20673	63.898	12.525	339	6
1525599441	20719	63.898	12.525	339	1
1525599441	20773	63.898	12.481	339	2
1525599442	19938	63.439	12.739	339	11
1525599442	19981	63.439	12.783	339	1
1525599442	20020	63.439	12.821	339	7
1525599442	20064	63.439	12.821	339	3
1525599442	20110	63.439	12.814	339	1
1525599442	20153	63.439	12.814	339	1
1525599442	20201	63.439	12.682	339	1
1525599442	20289	63.439	12.682	339	11
1525599442	20243	63.439	12.689	339	3
1525599442	20336	63.439	12.733	339	5
1525599442	20380	63.439	12.638	339	3
1525599442	20483	63.439	12.726	339	11
1525599442	20425	63.439	12.682	339	13
1525599442	20578	63.439	12.632	339	17
1525599442	20531	63.439	12.55	339	3
1525599442	20681	63.448	12.827	339	4
1525599442	20633	63.554	12.777	339	3
1525599442	20735	63.55	12.682	339	1
1525599442	20785	63.55	12.588	339	5
1525599443	19908	63.671	11.782	339	5
1525599443	19989	63.671	11.788	339	1
1525599443	19949	63.671	11.782	339	4
1525599443	20028	63.671	11.821	339	4
1525599443	20119	63.671	11.782	339	7
1525599443	20165	63.671	11.827	339	5
1525599443	20251	63.671	11.827	339	7
1525599443	20299	63.671	11.777	339	1
1525599443	20210	63.671	11.782	339	1
1525599443	20344	63.671	11.922	339	11
1525599443	20436	63.671	11.877	339	9
1525599443	20388	63.671	11.827	339	1
1525599443	20493	63.671	11.922	339	1
1525599443	20540	63.788	11.877	339	9
1525599443	20590	63.788	11.827	339	1
1525599443	20640	63.788	11.827	339	3
1525599443	20692	63.788	11.827	339	11
1525599443	20744	63.788	12.072	339	1
1525599443	20795	63.788	12.129	339	13
1525599444	19916	63.433	12.594	339	9
1525599444	19956	63.433	12.594	339	7
1525599444	19996	63.433	12.544	339	9
1525599444	20080	63.433	12.594	339	9
1525599444	20037	63.433	12.594	339	9
1525599444	20125	63.433	12.594	339	11
1525599444	20174	63.433	12.594	339	1
1525599444	20260	63.433	12.5	339	7
1525599444	20217	63.433	12.506	339	7
1525599444	20310	63.433	12.55	339	1
1525599444	20351	63.433	12.594	339	1
1525599444	20397	63.433	12.588	339	3
1525599444	20502	63.433	12.5	339	13
1525599444	20446	63.433	12.5	339	1
1525599444	20553	63.547	12.588	339	9
1525599444	20701	63.549	12.494	339	3
1525599444	20648	63.549	12.582	339	5
1525599444	20802	63.549	12.607	339	9
1525599445	19884	63.782	12.008	339	3
1525599445	19964	63.782	12.046	339	3
1525599445	20045	63.782	12.052	339	6
1525599445	20005	63.782	12.052	339	9
1525599445	20090	63.782	11.97	339	10
1525599445	20135	63.782	12.052	339	13
1525599445	20227	63.782	11.964	339	1
1525599445	20182	63.782	11.964	339	5
1525599445	20272	63.782	11.869	339	16
1525599445	20358	63.782	11.925	339	10
1525599445	20404	63.782	11.83	339	6
1525599445	20511	63.782	11.83	339	7
1525599445	20560	63.899	11.976	339	1
1525599445	20613	63.9	12.026	339	11
1525599445	20659	63.9	12.077	339	5
1525599445	20709	63.9	12.032	339	9
1525599445	20764	63.9	12.172	339	9
1525599446	19892	63.424	13.074	339	3
1525599446	19972	63.424	13.081	339	1
1525599446	19932	63.424	13.118	339	3
1525599446	20013	63.424	13.074	339	5
1525599446	20098	63.424	13.068	339	7
1525599446	20142	63.424	13.068	339	1
1525599446	20193	63.424	13.068	339	6
1525599446	20236	63.424	13.024	339	7
1525599446	20279	63.424	12.973	339	11
1525599446	20330	63.424	12.91	339	5
1525599446	20520	63.473	12.771	339	8
1525599446	20416	63.541	12.809	339	7
1525599446	20366	63.541	12.809	339	3
1525599446	20570	63.541	12.771	339	5
1525599446	20625	63.541	12.758	339	1
1525599446	20673	63.541	12.708	339	4
1525599446	20719	63.541	12.771	339	1
1525599446	20773	63.541	12.809	339	1
1525599447	19938	63.786	12.702	339	11
1525599447	19981	63.786	12.664	339	1
1525599447	20020	63.786	12.62	339	7
1525599447	20064	63.787	12.664	339	3
1525599447	20110	63.787	12.67	339	1
1525599447	20153	63.787	12.721	339	1
1525599447	20201	63.787	12.721	339	1
1525599447	20243	63.787	12.758	339	3
1525599447	20289	63.787	12.758	339	11
1525599447	20483	63.787	12.758	339	7
1525599447	20380	63.787	12.758	339	3
1525599447	20425	63.787	12.758	339	13
1525599447	20336	63.787	12.714	339	5
1525599447	20578	63.787	12.765	339	17
1525599447	20531	63.787	12.758	339	3
1525599447	20633	63.904	12.614	339	3
1525599447	20681	63.904	12.569	339	2
1525599447	20735	63.904	12.752	339	1
1525599447	20785	63.904	12.853	339	5
1525599448	19908	63.437	13.424	339	5
1525599448	19949	63.437	13.424	339	4
1525599448	19989	63.437	13.417	339	1
1525599448	20028	63.437	13.374	339	1
1525599448	20119	63.437	13.374	339	6
1525599448	20165	63.437	13.374	339	5
1525599448	20251	63.437	13.33	339	7
1525599448	20299	63.437	13.38	339	1
1525599448	20210	63.437	13.417	339	1
1525599448	20436	63.437	13.38	339	5
1525599448	20388	63.437	13.467	339	1
1525599448	20493	63.437	13.374	339	1
1525599448	20344	63.437	13.374	339	11
1525599448	20540	63.55	13.417	339	9
1525599448	20590	63.55	13.424	339	1
1525599448	20640	63.55	13.374	339	3
1525599448	20692	63.55	13.374	339	11
1525599448	20744	63.55	13.179	339	1
1525599448	20795	63.667	13.078	339	13
1525599449	19956	63.793	12.525	339	1
1525599449	19996	63.793	12.531	339	9
1525599449	19916	63.793	12.481	339	9
1525599449	20037	63.793	12.569	339	9
1525599449	20080	63.793	12.569	339	9
1525599449	20125	63.793	12.525	339	11
1525599449	20174	63.793	12.519	339	1
1525599449	20260	63.793	12.569	339	7
1525599449	20217	63.793	12.569	339	7
1525599449	20310	63.793	12.519	339	1
1525599449	20351	63.793	12.481	339	1
1525599449	20397	63.793	12.525	339	3
1525599449	20446	63.793	12.475	339	3
1525599449	20502	63.793	12.475	339	13
1525599449	20553	63.91	12.475	339	9
1525599449	20701	63.911	12.569	339	3
1525599449	20648	63.911	12.487	339	5
1525599449	20802	63.911	12.462	339	9
1525599450	19884	63.444	12.971	339	3
1525599450	19964	63.444	12.965	339	3
1525599450	20045	63.444	13.009	339	1
1525599450	20005	63.444	13.015	339	9
1525599450	20090	63.444	13.046	339	4
1525599450	20135	63.444	13.009	339	13
1525599450	20227	63.444	13.052	339	1
1525599450	20182	63.444	13.052	339	5
1525599450	20272	63.444	12.965	339	16
1525599450	20358	63.444	13.002	339	10
1525599450	20404	63.444	13.009	339	6
1525599450	20560	63.444	13.015	339	1
1525599450	20511	63.444	13.059	339	7
1525599450	20613	63.558	13.015	339	11
1525599450	20659	63.558	13.015	339	5
1525599450	20709	63.558	12.965	339	7
1525599450	20764	63.563	12.827	339	9
1525599451	19932	63.801	12.04	339	3
1525599451	19892	63.801	12.034	339	3
1525599451	20013	63.801	12.079	339	5
1525599451	19972	63.801	12.117	339	1
1525599451	20098	63.801	12.135	339	7
1525599451	20142	63.801	12.135	339	1
1525599451	20193	63.801	12.135	339	2
1525599451	20236	63.801	12.135	339	7
1525599451	20279	63.801	12.129	339	11
1525599451	20330	63.801	12.091	339	5
1525599451	20520	63.801	12.079	339	4
1525599451	20366	63.837	12.085	339	3
1525599451	20416	63.837	12.085	339	7
1525599451	20570	63.913	12.085	339	4
1525599451	20625	63.92	12.135	339	1
1525599451	20673	63.92	12.191	339	3
1525599451	20719	63.92	12.123	339	1
1525599451	20773	63.92	12.085	339	1
1525599452	19981	63.43	12.506	339	1
1525599452	19938	63.43	12.513	339	11
1525599452	20020	63.43	12.462	339	7
1525599452	20064	63.43	12.418	339	3
1525599452	20110	63.43	12.418	339	1
1525599452	20201	63.43	12.406	339	1
1525599452	20153	63.43	12.412	339	1
1525599452	20289	63.43	12.412	339	11
1525599452	20243	63.43	12.412	339	3
1525599452	20336	63.43	12.456	339	5
1525599452	20483	63.43	12.368	339	2
1525599452	20425	63.43	12.362	339	13
1525599452	20380	63.43	12.4	339	3
1525599452	20578	63.544	12.349	339	17
1525599452	20531	63.545	12.267	339	3
1525599452	20681	63.545	12.161	339	2
1525599452	20633	63.545	12.117	339	3
1525599452	20735	63.545	12.022	339	1
1525599452	20785	63.605	12.016	339	5
1525599453	19949	63.782	11.324	339	4
1525599453	19908	63.782	11.329	339	5
1525599453	19989	63.782	11.285	339	1
1525599453	20028	63.782	11.374	339	1
1525599453	20119	63.782	11.374	339	1
1525599453	20165	63.782	11.329	339	5
1525599453	20251	63.782	11.374	339	7
1525599453	20299	63.782	11.374	339	1
1525599453	20388	63.782	11.234	339	1
1525599453	20210	63.782	11.324	339	1
1525599453	20344	63.782	11.279	339	11
1525599453	20436	63.782	11.273	339	2
1525599453	20493	63.782	11.279	339	1
1525599453	20540	63.816	11.229	339	9
1525599453	20590	63.896	11.279	339	1
1525599453	20640	63.897	11.374	339	3
1525599453	20692	63.897	11.38	339	11
1525599453	20744	63.897	11.469	339	1
1525599453	20795	63.897	11.519	339	13
1525599454	19916	63.428	11.72	339	9
1525599454	19956	63.428	11.72	339	1
1525599454	19996	63.428	11.72	339	9
1525599454	20037	63.428	11.72	339	9
1525599454	20080	63.428	11.72	339	9
1525599454	20125	63.428	11.726	339	11
1525599454	20174	63.428	11.726	339	1
1525599454	20260	63.428	11.726	339	7
1525599454	20217	63.428	11.726	339	7
1525599454	20310	63.428	11.771	339	1
1525599454	20351	63.428	11.809	339	1
1525599454	20397	63.428	11.765	339	3
1525599454	20446	63.428	11.815	339	3
1525599454	20502	63.428	11.809	339	13
1525599454	20553	63.526	11.809	339	9
1525599454	20648	63.543	11.62	339	5
1525599454	20701	63.543	11.62	339	3
1525599454	20802	63.543	11.72	339	9
1525599455	19884	63.784	11.184	339	3
1525599455	19964	63.784	11.19	339	3
1525599455	20045	63.784	11.145	339	1
1525599455	20005	63.784	11.139	339	9
1525599455	20090	63.784	11.145	339	1
1525599455	20135	63.784	11.145	339	13
1525599455	20227	63.784	11.094	339	1
1525599455	20182	63.784	11.094	339	5
1525599455	20272	63.784	11.139	339	16
1525599455	20358	63.784	11.145	339	10
1525599455	20511	63.784	11.134	339	7
1525599455	20404	63.784	11.19	339	6
1525599455	20560	63.901	11.134	339	1
1525599455	20613	63.901	11.128	339	11
1525599455	20659	63.901	11.083	339	5
1525599455	20709	63.901	11.134	339	2
1525599455	20764	63.902	11.184	339	9
1525599456	19892	63.44	11.853	339	3
1525599456	19932	63.44	11.809	339	1
1525599456	19972	63.44	11.771	339	1
1525599456	20013	63.44	11.809	339	5
1525599456	20098	63.44	11.703	339	7
1525599456	20142	63.44	11.664	339	1
1525599456	20193	63.44	11.664	339	1
1525599456	20236	63.44	11.664	339	7
1525599456	20279	63.44	11.664	339	11
1525599456	20330	63.44	11.709	339	5
1525599456	20520	63.44	11.67	339	1
1525599456	20416	63.547	11.664	339	7
1525599456	20366	63.547	11.664	339	3
1525599456	20570	63.551	11.709	339	1
1525599456	20673	63.551	11.608	339	2
1525599456	20625	63.551	11.608	339	1
1525599456	20773	63.551	11.759	339	1
1525599456	20719	63.551	11.803	339	1
1525599457	19981	63.786	11.452	339	1
1525599457	19938	63.786	11.452	339	11
1525599457	20020	63.786	11.452	339	7
1525599457	20064	63.786	11.457	339	3
1525599457	20110	63.786	11.452	339	1
1525599457	20153	63.786	11.452	339	1
1525599457	20201	63.786	11.457	339	1
1525599457	20289	63.786	11.457	339	11
1525599457	20243	63.786	11.457	339	3
1525599457	20336	63.786	11.457	339	5
1525599457	20483	63.786	11.508	339	1
1525599457	20380	63.786	11.469	339	3
1525599457	20425	63.786	11.552	339	13
1525599457	20531	63.797	11.608	339	3
1525599457	20578	63.797	11.564	339	17
1525599457	20681	63.912	11.803	339	2
1525599457	20633	63.914	11.847	339	3
1525599457	20735	63.915	11.904	339	1
1525599457	20785	63.915	11.904	339	5
1525599458	19908	63.438	12.173	339	5
1525599458	19949	63.438	12.179	339	4
1525599458	19989	63.438	12.173	339	1
1525599458	20028	63.438	12.135	339	1
1525599458	20119	63.438	12.135	339	1
1525599458	20165	63.438	12.179	339	5
1525599458	20251	63.438	12.173	339	7
1525599458	20299	63.438	12.129	339	1
1525599458	20210	63.438	12.135	339	1
1525599458	20493	63.438	12.135	339	1
1525599458	20388	63.438	12.179	339	1
1525599458	20436	63.438	12.185	339	1
1525599458	20344	63.438	12.179	339	11
1525599458	20540	63.551	12.185	339	9
1525599458	20590	63.551	12.129	339	1
1525599458	20640	63.551	12.085	339	3
1525599458	20692	63.551	12.079	339	11
1525599458	20744	63.551	11.895	339	1
1525599458	20795	63.551	11.934	339	13
1525599459	19956	63.794	11.676	339	1
1525599459	19996	63.794	11.67	339	9
1525599459	19916	63.794	11.714	339	9
1525599459	20037	63.794	11.626	339	9
1525599459	20080	63.794	11.626	339	9
1525599459	20125	63.794	11.67	339	11
1525599459	20174	63.794	11.626	339	1
1525599459	20260	63.794	11.67	339	7
1525599459	20217	63.794	11.664	339	7
1525599459	20310	63.794	11.62	339	1
1525599459	20351	63.794	11.575	339	1
1525599459	20397	63.794	11.581	339	3
1525599459	20502	63.794	11.587	339	13
1525599459	20446	63.794	11.664	339	3
1525599459	20553	63.91	11.581	339	9
1525599459	20701	63.91	11.771	339	3
1525599459	20648	63.91	11.771	339	5
1525599459	20802	63.91	11.67	339	9
1525599460	19884	63.446	11.984	339	3
1525599460	19964	63.446	11.94	339	3
1525599460	20045	63.446	11.984	339	1
1525599460	20005	63.446	11.94	339	9
1525599460	20090	63.446	11.984	339	1
1525599460	20135	63.446	11.984	339	13
1525599460	20227	63.446	11.99	339	1
1525599460	20182	63.446	11.984	339	5
1525599460	20272	63.446	12.079	339	16
1525599460	20358	63.446	12.022	339	10
1525599460	20404	63.446	11.978	339	6
1525599460	20511	63.446	12.028	339	7
1525599460	20560	63.563	12.022	339	1
1525599460	20613	63.563	11.928	339	11
1525599460	20659	63.563	11.928	339	5
1525599460	20709	63.563	11.922	339	1
1525599460	20764	63.68	11.871	339	9
1525599461	19892	63.805	11.29	339	3
1525599461	19932	63.805	11.24	339	1
1525599461	19972	63.805	11.24	339	1
1525599461	20013	63.805	11.329	339	5
1525599461	20098	63.805	11.29	339	7
1525599461	20142	63.805	11.329	339	1
1525599461	20193	63.805	11.329	339	1
1525599461	20236	63.805	11.285	339	7
1525599461	20279	63.805	11.329	339	11
1525599461	20330	63.805	11.246	339	5
1525599461	20416	63.891	11.29	339	7
1525599461	20520	63.805	11.29	339	1
1525599461	20366	63.911	11.29	339	3
1525599461	20570	63.917	11.29	339	1
1525599461	20673	63.917	11.391	339	2
1525599461	20625	63.917	11.391	339	1
1525599461	20719	63.917	11.201	339	1
1525599461	20773	63.917	11.24	339	1
1525599462	19938	63.456	11.319	339	11
1525599462	19981	63.456	11.319	339	1
1525599462	20020	63.456	11.364	339	7
1525599462	20064	63.456	11.313	339	3
1525599462	20110	63.456	11.313	339	1
1525599462	20153	63.456	11.408	339	1
1525599462	20201	63.456	11.403	339	1
1525599462	20289	63.456	11.403	339	11
1525599462	20243	63.456	11.397	339	3
1525599462	20336	63.456	11.352	339	5
1525599462	20425	63.456	11.302	339	13
1525599462	20380	63.456	11.346	339	3
1525599462	20483	63.456	11.346	339	1
1525599462	20578	63.566	11.251	339	17
1525599462	20531	63.566	11.246	339	3
1525599462	20681	63.57	11.049	339	2
1525599462	20633	63.57	11.005	339	3
1525599462	20735	63.57	10.993	339	1
1525599462	20785	63.57	10.898	339	5
1525599463	19908	63.804	10.394	339	5
1525599463	19949	63.804	10.439	339	4
1525599463	19989	63.804	10.439	339	1
1525599463	20028	63.804	10.439	339	1
1525599463	20119	63.804	10.439	339	1
1525599463	20165	63.804	10.439	339	5
1525599463	20251	63.804	10.439	339	7
1525599463	20299	63.804	10.484	339	1
1525599463	20210	63.804	10.484	339	1
1525599463	20388	63.804	10.484	339	1
1525599463	20344	63.804	10.439	339	11
1525599463	20493	63.804	10.534	339	1
1525599463	20436	63.804	10.484	339	1
1525599463	20540	63.921	10.63	339	9
1525599463	20590	63.923	10.635	339	1
1525599463	20640	63.923	10.725	339	3
1525599463	20692	63.923	10.73	339	11
1525599463	20744	63.923	10.871	339	1
1525599463	20795	63.923	10.831	339	13
1525599464	19956	63.555	11.178	339	1
1525599464	19996	63.555	11.184	339	9
1525599464	19916	63.555	11.145	339	9
1525599464	20037	63.555	11.19	339	9
1525599464	20080	63.555	11.184	339	9
1525599464	20125	63.555	11.134	339	11
1525599464	20174	63.555	11.184	339	1
1525599464	20260	63.555	11.139	339	7
1525599464	20217	63.555	11.139	339	7
1525599464	20310	63.555	11.19	339	1
1525599464	20351	63.555	11.19	339	1
1525599464	20397	63.555	11.184	339	3
1525599464	20446	63.555	11.1	339	3
1525599464	20502	63.555	11.178	339	13
1525599464	20553	63.658	11.139	339	9
1525599464	20701	63.669	10.993	339	3
1525599464	20648	63.669	10.993	339	5
1525599464	20802	63.796	10.893	339	9
1525599465	19884	63.914	10.388	339	3
1525599465	19964	63.914	10.388	339	3
1525599465	20005	63.914	10.338	339	9
1525599465	20045	63.914	10.343	339	1
1525599465	20090	63.914	10.343	339	1
1525599465	20135	63.914	10.343	339	13
1525599465	20227	63.914	10.343	339	1
1525599465	20182	63.914	10.439	339	5
1525599465	20272	63.914	10.343	339	16
1525599465	20358	63.914	10.343	339	10
1525599465	20404	63.914	10.394	339	6
1525599465	20511	63.914	10.394	339	7
1525599465	20560	64.031	10.348	339	1
1525599465	20613	64.033	10.494	339	11
1525599465	20659	64.033	10.54	339	5
1525599465	20709	64.033	10.59	339	1
1525599465	20764	64.033	10.55	339	9
1525599466	19892	63.448	10.763	339	3
1525599466	19972	63.448	10.763	339	1
1525599466	19932	63.448	10.763	339	1
1525599466	20013	63.448	10.718	339	5
1525599466	20098	63.448	10.814	339	7
1525599466	20142	63.448	10.819	339	1
1525599466	20193	63.448	10.814	339	1
1525599466	20236	63.448	10.859	339	7
1525599466	20279	63.448	10.814	339	11
1525599466	20330	63.448	10.853	339	5
1525599466	20520	63.448	10.808	339	1
1525599466	20416	63.448	10.808	339	7
1525599466	20366	63.562	10.853	339	3
1525599466	20570	63.562	10.763	339	1
1525599466	20625	63.562	10.667	339	1
1525599466	20673	63.562	10.662	339	2
1525599466	20719	63.562	10.808	339	1
1525599466	20773	63.562	10.859	339	1
1525599467	19938	63.803	10.444	339	11
1525599467	19981	63.803	10.449	339	1
1525599467	20020	63.803	10.444	339	7
1525599467	20064	63.803	10.494	339	3
1525599467	20110	63.803	10.494	339	1
1525599467	20153	63.803	10.354	339	1
1525599467	20201	63.803	10.404	339	1
1525599467	20289	63.803	10.359	339	11
1525599467	20243	63.803	10.359	339	3
1525599467	20336	63.803	10.359	339	5
1525599467	20483	63.803	10.455	339	1
1525599467	20380	63.803	10.46	339	3
1525599467	20425	63.803	10.415	339	13
1525599467	20578	63.803	10.505	339	17
1525599467	20531	63.803	10.465	339	3
1525599467	20681	63.918	10.611	339	2
1525599467	20633	63.918	10.707	339	3
1525599467	20735	63.918	10.667	339	1
1525599467	20785	63.918	10.808	339	5
1525599468	19949	63.45	11.643	339	4
1525599468	19908	63.45	11.637	339	5
1525599468	19989	63.45	11.637	339	1
1525599468	20028	63.45	11.688	339	1
1525599468	20119	63.45	11.688	339	1
1525599468	20165	63.45	11.688	339	5
1525599468	20251	63.45	11.649	339	7
1525599468	20299	63.45	11.688	339	1
1525599468	20210	63.45	11.688	339	1
1525599468	20344	63.45	11.643	339	11
1525599468	20388	63.45	11.643	339	1
1525599468	20436	63.45	11.643	339	1
1525599468	20493	63.45	11.688	339	1
1525599468	20540	63.561	11.637	339	9
1525599468	20590	63.562	11.587	339	1
1525599468	20640	63.562	11.542	339	3
1525599468	20692	63.562	11.537	339	11
1525599468	20744	63.562	11.542	339	1
1525599468	20795	63.679	11.587	339	13
1525599469	19916	63.806	11.033	339	9
1525599469	19996	63.806	11.033	339	9
1525599469	19956	63.806	11.038	339	1
1525599469	20037	63.806	11.033	339	9
1525599469	20080	63.806	11.033	339	9
1525599469	20125	63.806	11.033	339	11
1525599469	20174	63.806	11.033	339	1
1525599469	20260	63.806	10.988	339	7
1525599469	20217	63.806	10.993	339	7
1525599469	20310	63.806	11.033	339	1
1525599469	20397	63.806	11.038	339	3
1525599469	20351	63.806	10.988	339	1
1525599469	20446	63.806	11.038	339	3
1525599469	20502	63.806	11.038	339	13
1525599469	20553	63.923	11.083	339	9
1525599469	20701	63.924	11.184	339	3
1525599469	20648	63.924	11.178	339	5
1525599469	20802	63.924	11.24	339	9
1525599470	19884	63.457	11.631	339	3
1525599470	19964	63.457	11.676	339	3
1525599470	20045	63.457	11.631	339	1
1525599470	20005	63.457	11.682	339	9
1525599470	20090	63.457	11.587	339	1
1525599470	20135	63.457	11.676	339	13
1525599470	20227	63.457	11.72	339	1
1525599470	20272	63.457	11.637	339	16
1525599470	20182	63.457	11.626	339	5
1525599470	20358	63.457	11.694	339	10
1525599470	20404	63.457	11.643	339	6
1525599470	20511	63.457	11.643	339	7
1525599470	20560	63.571	11.637	339	1
1525599470	20613	63.571	11.537	339	11
1525599470	20659	63.571	11.492	339	5
1525599470	20709	63.571	11.397	339	1
1525599470	20764	63.685	11.48	339	9
1525599471	19892	63.809	11.111	339	3
1525599471	19972	63.809	11.156	339	1
1525599471	19932	63.809	11.156	339	1
1525599471	20013	63.809	11.117	339	5
1525599471	20142	63.809	11.066	339	1
1525599471	20098	63.809	11.111	339	7
1525599471	20193	63.809	11.066	339	1
1525599471	20236	63.809	11.111	339	7
1525599471	20279	63.809	11.117	339	11
1525599471	20330	63.809	11.111	339	5
1525599471	20520	63.809	11.156	339	1
1525599471	20416	63.923	11.117	339	7
1525599471	20366	63.923	11.066	339	3
1525599471	20570	63.923	11.206	339	1
1525599471	20673	63.923	11.307	339	2
1525599471	20625	63.923	11.301	339	1
1525599471	20719	63.923	11.161	339	1
1525599471	20773	63.923	11.111	339	1
1525599472	19938	63.463	11.602	339	11
1525599472	19981	63.463	11.602	339	1
1525599472	20020	63.463	11.652	339	7
1525599472	20064	63.463	11.608	339	3
1525599472	20110	63.463	11.608	339	1
1525599472	20153	63.463	11.697	339	1
1525599472	20201	63.463	11.652	339	1
1525599472	20289	63.463	11.735	339	11
1525599472	20243	63.463	11.741	339	3
1525599472	20336	63.463	11.785	339	5
1525599472	20425	63.463	11.729	339	13
1525599472	20380	63.463	11.729	339	3
1525599472	20531	63.463	11.779	339	3
1525599472	20483	63.463	11.691	339	1
1525599472	20578	63.463	11.691	339	17
1525599472	20681	63.485	11.785	339	2
1525599472	20633	63.568	11.741	339	3
1525599472	20735	63.577	11.691	339	1
1525599472	20785	63.577	11.602	339	5
1525599473	19908	63.703	11.111	339	5
1525599473	19949	63.703	11.055	339	4
1525599473	19989	63.703	11.066	339	1
1525599473	20119	63.703	11.011	339	1
1525599473	20028	63.703	10.966	339	1
1525599473	20165	63.703	10.966	339	5
1525599473	20251	63.703	11.011	339	7
1525599473	20299	63.703	10.966	339	1
1525599473	20210	63.703	10.966	339	1
1525599473	20388	63.703	10.966	339	1
1525599473	20436	63.703	10.966	339	1
1525599473	20344	63.703	10.966	339	11
1525599473	20493	63.703	10.915	339	1
1525599473	20540	63.815	10.871	339	9
1525599473	20590	63.816	10.915	339	1
1525599473	20640	63.816	10.96	339	3
1525599473	20692	63.816	10.96	339	11
1525599473	20744	63.816	11.016	339	1
1525599473	20795	63.931	11.061	339	13
1525599474	19916	63.467	11.865	339	9
1525599474	19956	63.467	11.865	339	1
1525599474	19996	63.467	11.871	339	9
1525599474	20037	63.467	11.91	339	9
1525599474	20080	63.467	11.916	339	9
1525599474	20125	63.467	11.916	339	11
1525599474	20174	63.467	11.96	339	1
1525599474	20260	63.467	11.96	339	7
1525599474	20217	63.467	11.954	339	7
1525599474	20310	63.467	11.916	339	1
1525599474	20351	63.467	11.96	339	1
1525599474	20397	63.467	11.954	339	3
1525599474	20502	63.467	12.042	339	13
1525599474	20446	63.467	11.998	339	3
1525599474	20553	63.58	11.998	339	9
1525599474	20701	63.581	11.853	339	3
1525599474	20648	63.581	11.904	339	5
1525599474	20802	63.581	11.898	339	9
1525599475	19884	63.823	11.841	339	3
1525599475	19964	63.823	11.797	339	3
1525599475	20045	63.823	11.836	339	1
1525599475	20005	63.823	11.797	339	9
1525599475	20090	63.823	11.841	339	1
1525599475	20135	63.823	11.841	339	13
1525599475	20227	63.823	11.797	339	1
1525599475	20182	63.823	11.759	339	5
1525599475	20272	63.823	11.747	339	16
1525599475	20358	63.823	11.691	339	10
1525599475	20404	63.823	11.779	339	6
1525599475	20511	63.823	11.735	339	7
1525599475	20560	63.94	11.747	339	1
1525599475	20613	63.941	11.797	339	11
1525599475	20659	63.941	11.841	339	5
1525599475	20709	63.941	11.942	339	1
1525599475	20764	63.941	11.904	339	9
1525599476	19892	63.45	12.318	339	3
1525599476	19932	63.45	12.318	339	1
1525599476	19972	63.45	12.318	339	1
1525599476	20013	63.45	12.318	339	5
1525599476	20098	63.45	12.324	339	7
1525599476	20142	63.45	12.362	339	3
1525599476	20193	63.45	12.368	339	1
1525599476	20236	63.45	12.318	339	7
1525599476	20279	63.45	12.274	339	11
1525599476	20330	63.45	12.28	339	5
1525599476	20520	63.45	12.324	339	1
1525599476	20366	63.557	12.368	339	3
1525599476	20416	63.557	12.362	339	7
1525599476	20570	63.555	12.318	339	1
1525599476	20625	63.555	12.229	339	1
1525599476	20673	63.555	12.179	339	2
1525599476	20719	63.555	12.217	339	1
1525599476	20773	63.671	12.217	339	1
1525599477	19938	63.806	11.738	339	11
1525599477	19981	63.806	11.777	339	1
1525599477	20020	63.806	11.688	339	7
1525599477	20064	63.806	11.726	339	3
1525599477	20110	63.806	11.726	339	1
1525599477	20153	63.806	11.682	339	1
1525599477	20201	63.806	11.682	339	1
1525599477	20289	63.806	11.643	339	11
1525599477	20243	63.806	11.637	339	3
1525599477	20483	63.806	11.643	339	1
1525599477	20336	63.806	11.599	339	5
1525599477	20380	63.806	11.649	339	3
1525599477	20578	63.806	11.738	339	17
1525599477	20531	63.806	11.649	339	3
1525599477	20425	63.806	11.694	339	13
1525599477	20681	63.923	11.643	339	2
1525599477	20633	63.923	11.682	339	3
1525599477	20735	63.923	11.782	339	1
1525599477	20785	63.923	11.782	339	5
1525599478	19908	63.457	12.191	339	5
1525599478	19949	63.457	12.242	339	4
1525599478	19989	63.457	12.236	339	1
1525599478	20028	63.458	12.336	339	1
1525599478	20119	63.458	12.38	339	1
1525599478	20165	63.458	12.374	339	5
1525599478	20251	63.458	12.38	339	7
1525599478	20299	63.458	12.38	339	1
1525599478	20210	63.458	12.38	339	1
1525599478	20436	63.458	12.374	339	1
1525599478	20388	63.458	12.374	339	1
1525599478	20344	63.458	12.418	339	11
1525599478	20493	63.458	12.374	339	1
1525599478	20540	63.572	12.33	339	9
1525599478	20590	63.572	12.336	339	1
1525599478	20640	63.572	12.242	339	3
1525599478	20692	63.572	12.242	339	11
1525599478	20744	63.572	12.135	339	3
1525599478	20795	63.689	12.046	339	13
1525599479	19916	63.818	11.195	339	9
1525599479	19996	63.818	11.234	339	9
1525599479	19956	63.818	11.145	339	1
1525599479	20037	63.818	11.201	339	9
1525599479	20080	63.818	11.195	339	9
1525599479	20125	63.818	11.24	339	11
1525599479	20174	63.818	11.195	339	1
1525599479	20260	63.818	11.24	339	7
1525599479	20217	63.818	11.246	339	7
1525599479	20310	63.818	11.24	339	1
1525599479	20351	63.818	11.285	339	1
1525599479	20397	63.818	11.246	339	3
1525599479	20446	63.818	11.195	339	3
1525599479	20502	63.818	11.156	339	13
1525599479	20553	63.934	11.156	339	9
1525599479	20701	63.935	11.346	339	3
1525599479	20648	63.935	11.302	339	5
1525599479	20802	63.935	11.346	339	9
1525599480	19884	63.452	11.661	339	3
1525599480	19964	63.452	11.75	339	3
1525599480	20045	63.452	11.705	339	1
1525599480	20005	63.452	11.744	339	9
1525599480	20090	63.452	11.705	339	1
1525599480	20135	63.452	11.655	339	13
1525599480	20227	63.452	11.655	339	1
1525599480	20182	63.452	11.688	339	5
1525599480	20272	63.452	11.744	339	16
1525599480	20358	63.452	11.705	339	10
1525599480	20404	63.452	11.661	339	6
1525599480	20511	63.452	11.661	339	7
1525599480	20560	63.566	11.788	339	1
1525599480	20613	63.566	11.688	339	11
1525599480	20659	63.566	11.688	339	5
1525599480	20709	63.566	11.587	339	1
1525599480	20764	63.683	11.587	339	9
1525599481	19892	63.813	11.128	339	3
1525599481	19972	63.813	11.134	339	1
1525599481	19932	63.813	11.134	339	1
1525599481	20013	63.813	11.128	339	5
1525599481	20098	63.813	11.117	339	7
1525599481	20142	63.813	11.078	339	3
1525599481	20236	63.813	11.122	339	7
1525599481	20193	63.813	11.072	339	1
1525599481	20279	63.813	11.167	339	11
1525599481	20330	63.813	11.167	339	5
1525599481	20520	63.813	11.128	339	1
1525599481	20366	63.927	11.173	339	3
1525599481	20570	63.928	11.122	339	1
1525599481	20416	63.927	11.173	339	7
1525599481	20625	63.928	11.262	339	1
1525599481	20673	63.928	11.268	339	2
1525599481	20719	63.928	11.223	339	1
1525599481	20773	63.928	11.229	339	1
1525599482	19938	63.463	11.853	339	11
1525599482	19981	63.463	11.815	339	1
1525599482	20020	63.463	11.859	339	7
1525599482	20064	63.463	11.904	339	3
1525599482	20110	63.463	11.904	339	1
1525599482	20153	63.463	11.865	339	1
1525599482	20201	63.463	11.91	339	1
1525599482	20243	63.463	11.916	339	3
1525599482	20289	63.463	11.91	339	11
1525599482	20336	63.462	11.998	339	5
1525599482	20425	63.462	11.865	339	13
1525599482	20380	63.462	11.91	339	3
1525599482	20483	63.462	11.954	339	1
1525599482	20578	63.534	11.809	339	17
1525599482	20531	63.576	11.803	339	3
1525599482	20633	63.576	11.614	339	3
1525599482	20681	63.576	11.658	339	2
1525599482	20735	63.576	11.513	339	1
1525599482	20785	63.578	11.608	339	5
1525599483	19908	63.819	11.34	339	5
1525599483	19949	63.819	11.295	339	4
1525599483	19989	63.819	11.29	339	1
1525599483	20028	63.819	11.2	339	1
1525599483	20119	63.819	11.106	339	1
1525599483	20165	63.819	11.156	339	6
1525599483	20251	63.819	11.15	339	7
1525599483	20299	63.819	11.156	339	1
1525599483	20210	63.819	11.156	339	1
1525599483	20388	63.819	11.156	339	1
1525599483	20344	63.819	11.156	339	11
1525599483	20436	63.819	11.245	339	1
1525599483	20493	63.819	11.245	339	1
1525599483	20540	63.936	11.256	339	9
1525599483	20590	63.937	11.301	339	1
1525599483	20640	63.937	11.396	339	3
1525599483	20692	63.937	11.401	339	11
1525599483	20744	63.937	11.407	339	3
1525599483	20795	63.937	11.401	339	13
1525599484	19956	63.57	12.048	339	1
1525599484	19996	63.569	12.004	339	9
1525599484	19916	63.57	11.998	339	9
1525599484	20037	63.569	11.948	339	9
1525599484	20080	63.569	11.954	339	9
1525599484	20125	63.569	11.954	339	11
1525599484	20174	63.569	11.954	339	1
1525599484	20260	63.569	11.954	339	7
1525599484	20217	63.569	11.948	339	7
1525599484	20310	63.569	11.954	339	1
1525599484	20351	63.569	11.865	339	1
1525599484	20397	63.569	11.904	339	1
1525599484	20446	63.569	11.91	339	3
1525599484	20502	63.569	11.91	339	13
1525599484	20553	63.683	11.954	339	9
1525599484	20648	63.683	11.803	339	5
1525599484	20701	63.683	11.759	339	3
1525599484	20802	63.814	11.658	339	9
1525599485	19884	63.932	11.128	339	3
1525599485	19964	63.932	11.039	339	1
1525599485	20045	63.932	11.083	339	1
1525599485	20005	63.932	11.083	339	9
1525599485	20090	63.932	11.122	339	1
1525599485	20135	63.932	11.083	339	13
1525599485	20182	63.932	11.094	339	5
1525599485	20227	63.932	11.083	339	1
1525599485	20272	63.932	11.039	339	16
1525599485	20358	63.932	11.083	339	10
1525599485	20404	63.932	11.033	339	6
1525599485	20511	63.932	11.083	339	7
1525599485	20560	64.05	10.994	339	1
1525599485	20659	64.052	11.1	339	5
1525599485	20613	64.052	11.1	339	11
1525599485	20709	64.052	11.189	339	1
1525599485	20764	64.052	11.189	339	9
1525599486	19892	63.466	11.862	339	3
1525599486	19972	63.466	11.812	339	1
1525599486	19932	63.466	11.812	339	1
1525599486	20013	63.466	11.812	339	5
1525599486	20098	63.466	11.868	339	7
1525599486	20142	63.466	11.868	339	3
1525599486	20193	63.466	11.868	339	1
1525599486	20236	63.466	11.779	339	7
1525599486	20279	63.466	11.818	339	11
1525599486	20330	63.466	11.818	339	8
1525599486	20520	63.466	11.818	339	1
1525599486	20416	63.58	11.723	339	7
1525599486	20366	63.58	11.723	339	3
1525599486	20570	63.58	11.768	339	1
1525599486	20625	63.58	11.629	339	1
1525599486	20673	63.58	11.623	339	2
1525599486	20719	63.58	11.579	339	1
1525599486	20773	63.698	11.573	339	1
1525599487	20020	63.829	11.145	339	7
1525599487	19938	63.829	11.106	339	11
1525599487	19981	63.829	11.145	339	1
1525599487	20064	63.829	11.05	339	3
1525599487	20110	63.829	11.055	339	1
1525599487	20153	63.829	11.145	339	1
1525599487	20201	63.829	11.145	339	1
1525599487	20289	63.829	11.055	339	11
1525599487	20243	63.829	11.055	339	3
1525599487	20336	63.829	11.055	339	5
1525599487	20380	63.829	10.999	339	3
1525599487	20483	63.829	11.005	339	1
1525599487	20425	63.829	11.044	339	13
1525599487	20578	63.829	10.999	339	17
1525599487	20531	63.945	11.089	339	3
1525599487	20681	63.945	11.145	339	2
1525599487	20633	63.945	11.106	339	3
1525599487	20735	63.945	11.245	339	1
1525599487	20785	63.945	11.15	339	7
1525599488	19908	63.459	11.357	339	5
1525599488	19949	63.459	11.357	339	4
1525599488	19989	63.459	11.362	339	1
1525599488	20028	63.459	11.401	339	1
1525599488	20119	63.459	11.452	339	1
1525599488	20165	63.459	11.457	339	8
1525599488	20251	63.459	11.407	339	7
1525599488	20299	63.459	11.401	339	1
1525599488	20210	63.459	11.407	339	1
1525599488	20388	63.459	11.407	339	1
1525599488	20436	63.459	11.318	339	1
1525599488	20344	63.459	11.407	339	11
1525599488	20493	63.459	11.368	339	1
1525599488	20540	63.576	11.351	339	9
1525599488	20590	63.576	11.351	339	1
1525599488	20640	63.576	11.256	339	3
1525599488	20692	63.576	11.251	339	11
1525599488	20744	63.576	11.245	339	3
1525599488	20795	63.691	11.245	339	13
1525599489	19956	63.819	10.788	339	1
1525599489	19916	63.819	10.838	339	9
1525599489	19996	63.819	10.743	339	9
1525599489	20037	63.819	10.877	339	9
1525599489	20080	63.819	10.877	339	9
1525599489	20125	63.819	10.832	339	11
1525599489	20174	63.819	10.827	339	1
1525599489	20217	63.819	10.832	339	7
1525599489	20260	63.819	10.827	339	7
1525599489	20310	63.819	10.788	339	1
1525599489	20351	63.819	10.832	339	1
1525599489	20397	63.819	10.883	339	1
1525599489	20446	63.819	10.883	339	3
1525599489	20502	63.819	10.883	339	13
1525599489	20553	63.935	10.838	339	9
1525599489	20701	63.937	10.988	339	3
1525599489	20648	63.937	10.944	339	5
1525599489	20802	63.937	11.083	339	9
1525599490	19884	63.473	11.508	339	3
1525599490	19964	63.473	11.546	339	1
1525599490	20045	63.473	11.552	339	1
1525599490	20005	63.473	11.508	339	9
1525599490	20090	63.473	11.508	339	1
1525599490	20135	63.473	11.552	339	13
1525599490	20227	63.473	11.552	339	1
1525599490	20182	63.473	11.546	339	5
1525599490	20272	63.473	11.552	339	16
1525599490	20358	63.473	11.546	339	10
1525599490	20511	63.473	11.596	339	7
1525599490	20404	63.473	11.641	339	6
1525599490	20560	63.473	11.652	339	1
1525599490	20613	63.587	11.847	339	11
1525599490	20659	63.587	11.847	339	5
1525599490	20709	63.587	11.753	339	1
1525599490	20764	63.587	11.709	339	9
1525599491	19892	63.831	11.285	339	3
1525599491	19932	63.831	11.335	339	1
1525599491	19972	63.831	11.38	339	1
1525599491	20013	63.831	11.335	339	5
1525599491	20098	63.831	11.385	339	7
1525599491	20236	63.831	11.525	339	7
1525599491	20142	63.831	11.48	339	3
1525599491	20193	63.831	11.48	339	9
1525599491	20279	63.828	11.486	339	11
1525599491	20330	63.828	11.537	339	8
1525599491	20520	63.93	11.575	339	9
1525599491	20366	63.944	11.581	339	3
1525599491	20570	63.945	11.587	339	5
1525599491	20416	63.944	11.626	339	7
1525599491	20625	63.945	11.682	339	1
1525599491	20673	63.945	11.726	339	10
1525599491	20719	63.945	11.827	339	1
1525599491	20773	63.947	11.871	339	7
1525599492	19938	63.585	12.261	339	11
1525599492	20020	63.585	12.305	339	7
1525599492	19981	63.585	12.305	339	1
1525599492	20110	63.585	12.312	339	1
1525599492	20064	63.585	12.312	339	3
1525599492	20153	63.585	12.261	339	1
1525599492	20201	63.585	12.217	339	1
1525599492	20289	63.585	12.305	339	11
1525599492	20243	63.585	12.305	339	3
1525599492	20336	63.585	12.267	339	5
1525599492	20425	63.585	12.406	339	13
1525599492	20380	63.585	12.406	339	3
1525599492	20483	63.585	12.406	339	9
1525599492	20578	63.585	12.412	339	17
1525599492	20531	63.585	12.368	339	3
1525599492	20633	63.697	12.356	339	3
1525599492	20681	63.697	12.318	339	6
1525599492	20735	63.697	12.412	339	7
1525599492	20785	63.697	12.557	339	7
1525599493	19989	63.943	12.299	339	1
1525599493	19908	63.943	12.249	339	5
1525599493	19949	63.943	12.249	339	4
1525599493	20028	63.943	12.249	339	10
1525599493	20119	63.943	12.255	339	7
1525599493	20165	63.943	12.249	339	8
1525599493	20251	63.943	12.299	339	7
1525599493	20299	63.943	12.299	339	7
1525599493	20210	63.943	12.299	339	1
1525599493	20388	63.943	12.343	339	1
1525599493	20344	63.943	12.299	339	11
1525599493	20436	63.943	12.337	339	9
1525599493	20493	63.943	12.249	339	1
1525599493	20540	63.943	12.293	339	9
1525599493	20590	64.061	12.299	339	1
1525599493	20640	64.061	12.393	339	3
1525599493	20692	64.061	12.4	339	11
1525599493	20744	64.062	12.444	339	3
1525599493	20795	64.062	12.45	339	13
1525599494	19916	63.472	12.877	339	9
1525599494	19996	63.472	12.921	339	9
1525599494	19956	63.472	12.921	339	8
1525599494	20037	63.472	12.884	339	9
1525599494	20080	63.472	12.884	339	9
1525599494	20125	63.472	12.884	339	11
1525599494	20174	63.472	12.884	339	1
1525599494	20260	63.472	12.928	339	7
1525599494	20217	63.472	12.921	339	7
1525599494	20310	63.472	12.877	339	1
1525599494	20351	63.472	12.971	339	1
1525599494	20397	63.472	12.877	339	1
1525599494	20446	63.472	12.884	339	3
1525599494	20502	63.472	12.877	339	13
1525599494	20553	63.588	12.965	339	9
1525599494	20701	63.588	12.821	339	3
1525599494	20648	63.588	12.814	339	5
1525599494	20802	63.705	12.682	339	9
1525599495	19884	63.831	12.274	339	3
1525599495	19964	63.831	12.242	339	1
1525599495	20045	63.831	12.236	339	8
1525599495	20005	63.831	12.28	339	9
1525599495	20090	63.831	12.28	339	14
1525599495	20135	63.831	12.324	339	13
1525599495	20227	63.831	12.374	339	9
1525599495	20182	63.831	12.38	339	5
1525599495	20272	63.831	12.425	339	16
1525599495	20358	63.833	12.437	339	10
1525599495	20404	63.833	12.349	339	6
1525599495	20511	63.833	12.387	339	7
1525599495	20560	63.947	12.286	339	1
1525599495	20613	63.949	12.185	339	11
1525599495	20659	63.949	12.141	339	5
1525599495	20709	63.949	12.198	339	9
1525599495	20764	63.949	12.33	339	9
1525599496	19892	63.466	12.481	339	3
1525599496	19932	63.466	12.437	339	3
1525599496	19972	63.466	12.393	339	9
1525599496	20013	63.466	12.437	339	5
1525599496	20142	63.466	12.286	339	3
1525599496	20193	63.466	12.292	339	9
1525599496	20098	63.466	12.387	339	7
1525599496	20236	63.466	12.343	339	7
1525599496	20279	63.466	12.387	339	11
1525599496	20330	63.466	12.292	339	8
1525599496	20520	63.466	12.298	339	9
1525599496	20416	63.582	12.298	339	7
1525599496	20366	63.582	12.343	339	3
1525599496	20570	63.582	12.343	339	5
1525599496	20625	63.582	12.236	339	1
1525599496	20673	63.582	12.242	339	10
1525599496	20719	63.582	12.141	339	1
1525599496	20773	63.699	12.141	339	7
1525599497	19938	63.827	11.637	339	11
1525599497	19981	63.827	11.554	339	1
1525599497	20020	63.827	11.554	339	7
1525599497	20064	63.827	11.548	339	3
1525599497	20110	63.827	11.548	339	1
1525599497	20153	63.827	11.593	339	1
1525599497	20201	63.827	11.593	339	1
1525599497	20243	63.827	11.593	339	3
1525599497	20289	63.827	11.593	339	11
1525599497	20336	63.827	11.542	339	5
1525599497	20380	63.827	11.504	339	3
1525599497	20483	63.827	11.504	339	9
1525599497	20531	63.827	11.604	339	3
1525599497	20425	63.827	11.504	339	13
1525599497	20578	63.827	11.509	339	15
1525599497	20681	63.943	11.75	339	6
1525599497	20633	63.943	11.705	339	3
1525599497	20735	63.939	11.655	339	7
1525599497	20785	63.939	11.509	339	7
1525599498	19908	63.474	11.83	339	5
1525599498	19989	63.474	11.78	339	1
1525599498	19949	63.474	11.869	339	4
1525599498	20028	63.474	11.786	339	10
1525599498	20119	63.474	11.78	339	7
1525599498	20165	63.474	11.824	339	8
1525599498	20251	63.474	11.824	339	7
1525599498	20299	63.474	11.78	339	7
1525599498	20210	63.474	11.774	339	1
1525599498	20388	63.474	11.78	339	1
1525599498	20344	63.474	11.78	339	15
1525599498	20436	63.474	11.786	339	9
1525599498	20493	63.474	11.869	339	1
1525599498	20540	63.588	11.875	339	9
1525599498	20590	63.588	11.824	339	1
1525599498	20640	63.588	11.729	339	3
1525599498	20692	63.588	11.729	339	11
1525599498	20744	63.588	11.83	339	3
1525599498	20795	63.705	11.83	339	13
1525599499	19916	63.833	11.504	339	9
1525599499	19956	63.833	11.465	339	8
1525599499	19996	63.833	11.459	339	9
1525599499	20037	63.833	11.509	339	9
1525599499	20080	63.833	11.504	339	9
1525599499	20125	63.833	11.509	339	16
1525599499	20174	63.833	11.509	339	1
1525599499	20217	63.833	11.47	339	7
1525599499	20260	63.833	11.465	339	6
1525599499	20310	63.833	11.554	339	1
1525599499	20397	63.833	11.56	339	1
1525599499	20351	63.833	11.465	339	1
1525599499	20446	63.833	11.509	339	3
1525599499	20502	63.833	11.509	339	13
1525599499	20553	63.948	11.465	339	9
1525599499	20701	63.95	11.566	339	3
1525599499	20648	63.95	11.572	339	4
1525599499	20802	63.95	11.711	339	7
1525599500	19964	63.472	12.254	339	1
1525599500	19884	63.472	12.26	339	2
1525599500	20045	63.472	12.26	339	8
1525599500	20005	63.472	12.311	339	17
1525599500	20090	63.472	12.311	339	14
1525599500	20135	63.472	12.273	339	8
1525599500	20227	63.472	12.216	339	9
1525599500	20182	63.472	12.216	339	3
1525599500	20272	63.472	12.172	339	10
1525599500	20358	63.472	12.159	339	10
1525599500	20511	63.472	12.159	339	4
1525599500	20404	63.472	12.153	339	6
1525599500	20560	63.472	12.311	339	1
1525599500	20613	63.589	12.305	339	13
1525599500	20659	63.589	12.305	339	6
1525599500	20709	63.589	12.298	339	9
1525599500	20764	63.589	12.109	339	6
1525599501	19892	63.724	11.881	339	3
1525599501	19972	63.724	11.875	339	9
1525599501	19932	63.724	11.881	339	3
1525599501	20013	63.724	11.925	339	8
1525599501	20098	63.724	11.83	339	7
1525599501	20193	63.724	11.875	339	9
1525599501	20142	63.724	11.875	339	3
1525599501	20236	63.724	11.824	339	7
1525599501	20279	63.724	11.925	339	10
1525599501	20330	63.724	12.121	339	8
1525599501	20520	63.724	12.121	339	9
1525599501	20366	63.835	12.077	339	3
1525599501	20416	63.835	12.077	339	5
1525599501	20570	63.835	12.077	339	5
1525599501	20673	63.835	12.083	339	10
1525599501	20625	63.835	12.133	339	1
1525599501	20719	63.835	12.222	339	1
1525599501	20773	63.954	12.178	339	7
1525599502	19981	63.48	12.815	339	1
1525599502	19938	63.48	12.771	339	9
1525599502	20020	63.48	12.771	339	9
1525599502	20064	63.48	12.815	339	3
1525599502	20110	63.48	12.815	339	1
1525599502	20201	63.48	12.771	339	1
1525599502	20153	63.48	12.771	339	1
1525599502	20289	63.48	12.771	339	7
1525599502	20243	63.48	12.765	339	3
1525599502	20336	63.48	12.765	339	4
1525599502	20380	63.48	12.765	339	3
1525599502	20578	63.481	12.809	339	11
1525599502	20531	63.481	12.765	339	3
1525599502	20681	63.483	12.771	339	6
1525599502	20425	63.48	12.765	339	12
1525599502	20483	63.48	12.758	339	9
1525599502	20633	63.598	12.815	339	3
1525599502	20735	63.598	12.765	339	7
1525599502	20785	63.598	12.708	339	7
1525599503	19908	63.721	12.399	339	3
1525599503	19949	63.721	12.405	339	3
1525599503	19989	63.721	12.443	339	1
1525599503	20028	63.721	12.443	339	10
1525599503	20119	63.721	12.399	339	7
1525599503	20165	63.721	12.355	339	8
1525599503	20251	63.721	12.355	339	4
1525599503	20299	63.721	12.405	339	7
1525599503	20210	63.721	12.45	339	1
1525599503	20388	63.721	12.494	339	1
1525599503	20344	63.721	12.494	339	19
1525599503	20436	63.721	12.487	339	9
1525599503	20493	63.721	12.494	339	1
1525599503	20540	63.845	12.456	339	7
1525599503	20590	63.845	12.45	339	1
1525599503	20640	63.845	12.494	339	3
1525599503	20692	63.845	12.487	339	10
1525599503	20744	63.845	12.305	339	3
1525599503	20795	63.96	12.393	339	10
1525599504	19916	63.473	12.809	339	7
1525599504	19956	63.473	12.859	339	8
1525599504	19996	63.473	12.859	339	6
1525599504	20037	63.473	12.765	339	9
1525599504	20080	63.473	12.765	339	8
1525599504	20125	63.473	12.802	339	20
1525599504	20174	63.473	12.809	339	1
1525599504	20260	63.473	12.815	339	7
1525599504	20217	63.473	12.802	339	6
1525599504	20310	63.473	12.809	339	1
1525599504	20351	63.473	12.802	339	1
1525599504	20397	63.473	12.714	339	1
1525599504	20446	63.473	12.802	339	3
1525599504	20502	63.473	12.853	339	2
1525599504	20553	63.587	12.809	339	1
1525599504	20701	63.585	12.702	339	3
1525599504	20648	63.585	12.702	339	4
1525599504	20802	63.697	12.557	339	7
1525599505	19884	63.823	12.159	339	2
1525599505	19964	63.823	12.153	339	1
1525599505	20005	63.823	12.059	339	20
1525599505	20090	63.823	12.109	339	14
1525599505	20045	63.823	12.153	339	8
1525599505	20135	63.823	12.103	339	1
1525599505	20227	63.823	12.115	339	9
1525599505	20182	63.823	12.109	339	3
1525599505	20272	63.823	12.153	339	8
1525599505	20358	63.823	12.248	339	10
1525599505	20404	63.823	12.298	339	6
1525599505	20511	63.823	12.254	339	8
1525599505	20560	63.823	12.204	339	1
1525599505	20613	63.939	12.21	339	21
1525599505	20659	63.939	12.21	339	10
1525599505	20709	63.94	12.26	339	9
1525599505	20764	63.94	12.405	339	6
1525599506	19892	63.473	12.89	339	3
1525599506	19932	63.473	12.934	339	3
1525599506	19972	63.473	12.941	339	9
1525599506	20013	63.473	12.846	339	9
1525599506	20098	63.473	12.991	339	7
1525599506	20142	63.473	12.997	339	3
1525599506	20193	63.473	12.997	339	9
1525599506	20236	63.473	12.991	339	7
1525599506	20279	63.473	12.846	339	10
1525599506	20330	63.473	12.645	339	8
1525599506	20520	63.473	12.682	339	9
1525599506	20416	63.545	12.682	339	5
1525599506	20366	63.587	12.726	339	3
1525599506	20570	63.587	12.682	339	5
1525599506	20625	63.587	12.632	339	1
1525599506	20673	63.587	12.682	339	10
1525599506	20719	63.587	12.538	339	1
1525599506	20773	63.701	12.544	339	7
1525599507	19981	63.83	12.236	339	1
1525599507	19938	63.83	12.28	339	9
1525599507	20020	63.83	12.236	339	10
1525599507	20064	63.83	12.28	339	3
1525599507	20110	63.83	12.28	339	1
1525599507	20153	63.83	12.28	339	1
1525599507	20201	63.83	12.324	339	1
1525599507	20243	63.83	12.286	339	3
1525599507	20289	63.83	12.28	339	8
1525599507	20336	63.83	12.38	339	5
1525599507	20483	63.83	12.336	339	9
1525599507	20380	63.83	12.33	339	3
1525599507	20425	63.83	12.286	339	13
1525599507	20578	63.934	12.229	339	4
1525599507	20531	63.934	12.185	339	3
1525599507	20681	63.946	12.123	339	6
1525599507	20633	63.946	12.129	339	3
1525599507	20735	63.946	12.173	339	7
1525599507	20785	63.948	12.185	339	7
1525599508	19908	63.485	12.575	339	6
1525599508	19949	63.485	12.531	339	1
1525599508	19989	63.485	12.531	339	1
1525599508	20028	63.485	12.531	339	10
1525599508	20119	63.485	12.575	339	7
1525599508	20165	63.485	12.531	339	8
1525599508	20251	63.485	12.525	339	7
1525599508	20299	63.485	12.525	339	7
1525599508	20210	63.485	12.487	339	1
1525599508	20388	63.485	12.481	339	1
1525599508	20344	63.485	12.481	339	21
1525599508	20493	63.485	12.437	339	1
1525599508	20436	63.485	12.443	339	9
1525599508	20540	63.601	12.487	339	7
1525599508	20590	63.601	12.487	339	1
1525599508	20640	63.601	12.487	339	3
1525599508	20692	63.601	12.494	339	10
1525599508	20744	63.601	12.531	339	3
1525599508	20795	63.601	12.538	339	4
1525599509	19916	63.845	11.839	339	7
1525599509	19956	63.845	11.788	339	8
1525599509	19996	63.845	11.839	339	6
1525599509	20037	63.845	11.839	339	12
1525599509	20080	63.845	11.839	339	8
1525599509	20125	63.845	11.8	339	20
1525599509	20174	63.845	11.794	339	1
1525599509	20217	63.845	11.845	339	6
1525599509	20260	63.845	11.833	339	10
1525599509	20310	63.845	11.845	339	1
1525599509	20397	63.845	11.934	339	1
1525599509	20351	63.845	11.94	339	1
1525599509	20502	63.845	11.845	339	1
1525599509	20446	63.845	11.889	339	3
1525599509	20553	63.959	11.889	339	1
1525599509	20701	63.961	12.034	339	3
1525599509	20648	63.961	12.034	339	5
1525599509	20802	63.961	12.135	339	9
1525599510	19884	63.481	12.349	339	2
1525599510	20045	63.481	12.355	339	8
1525599510	19964	63.481	12.355	339	1
1525599510	20090	63.481	12.349	339	14
1525599510	20005	63.481	12.399	339	17
1525599510	20135	63.481	12.305	339	1
1525599510	20227	63.481	12.343	339	9
1525599510	20182	63.481	12.349	339	3
1525599510	20272	63.481	12.254	339	2
1525599510	20358	63.481	12.166	339	10
1525599510	20404	63.481	12.204	339	6
1525599510	20511	63.481	12.198	339	11
1525599510	20560	63.599	12.097	339	1
1525599510	20613	63.599	11.895	339	20
1525599510	20659	63.599	11.94	339	9
1525599510	20709	63.599	11.889	339	9
1525599510	20764	63.726	11.806	339	2
1525599511	19972	63.843	11.436	339	9
1525599511	19932	63.843	11.436	339	3
1525599511	19892	63.843	11.436	339	3
1525599511	20013	63.843	11.48	339	9
1525599511	20098	63.843	11.38	339	7
1525599511	20142	63.843	11.329	339	3
1525599511	20193	63.843	11.329	339	9
1525599511	20236	63.843	11.335	339	7
1525599511	20279	63.843	11.329	339	10
1525599511	20330	63.843	11.43	339	8
1525599511	20520	63.843	11.341	339	9
1525599511	20366	63.96	11.341	339	3
1525599511	20416	63.96	11.385	339	5
1525599511	20570	63.962	11.391	339	5
1525599511	20625	63.962	11.492	339	1
1525599511	20673	63.962	11.486	339	10
1525599511	20719	63.962	11.542	339	1
1525599511	20773	63.962	11.537	339	7
1525599512	19938	63.493	11.604	339	16
1525599512	19981	63.493	11.649	339	1
1525599512	20020	63.493	11.694	339	10
1525599512	20064	63.493	11.61	339	3
1525599512	20110	63.493	11.61	339	1
1525599512	20153	63.493	11.604	339	1
1525599512	20201	63.493	11.56	339	1
1525599512	20289	63.493	11.566	339	12
1525599512	20243	63.493	11.56	339	3
1525599512	20336	63.493	11.509	339	7
1525599512	20425	63.493	11.554	339	15
1525599512	20380	63.493	11.504	339	3
1525599512	20483	63.493	11.554	339	9
1525599512	20578	63.606	11.56	339	1
1525599512	20531	63.609	11.554	339	3
1525599512	20681	63.609	11.459	339	6
1525599512	20633	63.609	11.408	339	3
1525599512	20735	63.609	11.313	339	7
1525599512	20785	63.609	11.364	339	7
1525599513	19908	63.846	11.106	339	7
1525599513	19949	63.846	11.156	339	1
1525599513	19989	63.846	11.156	339	1
1525599513	20028	63.846	11.156	339	10
1525599513	20119	63.846	11.156	339	7
1525599513	20165	63.846	11.156	339	8
1525599513	20251	63.846	11.162	339	11
1525599513	20210	63.846	11.206	339	1
1525599513	20299	63.846	11.206	339	7
1525599513	20388	63.846	11.162	339	1
1525599513	20344	63.846	11.167	339	21
1525599513	20493	63.846	11.167	339	1
1525599513	20436	63.846	11.212	339	9
1525599513	20540	63.846	11.111	339	7
1525599513	20590	63.963	11.162	339	1
1525599513	20692	63.963	11.206	339	10
1525599513	20640	63.963	11.206	339	3
1525599513	20744	63.963	11.257	339	3
1525599513	20795	63.963	11.162	339	1
1525599514	19996	63.483	11.711	339	10
1525599514	19916	63.483	11.756	339	12
1525599514	20037	63.483	11.756	339	16
1525599514	19956	63.483	11.756	339	8
1525599514	20080	63.483	11.756	339	13
1525599514	20174	63.483	11.8	339	1
1525599514	20125	63.483	11.75	339	20
1525599514	20217	63.483	11.794	339	8
1525599514	20260	63.483	11.8	339	11
1525599514	20310	63.483	11.744	339	1
1525599514	20351	63.483	11.655	339	1
1525599514	20397	63.483	11.661	339	1
1525599514	20446	63.483	11.655	339	3
1525599514	20502	63.483	11.655	339	1
1525599514	20553	63.483	11.649	339	1
1525599514	20648	63.6	11.56	339	7
1525599514	20701	63.6	11.56	339	3
1525599514	20802	63.6	11.61	339	11
1525599515	19884	63.838	11.285	339	2
1525599515	19964	63.838	11.329	339	1
1525599515	20045	63.838	11.285	339	8
1525599515	20005	63.838	11.285	339	17
1525599515	20090	63.838	11.335	339	14
1525599515	20135	63.838	11.38	339	1
1525599515	20227	63.838	11.341	339	9
1525599515	20182	63.838	11.335	339	3
1525599515	20272	63.838	11.38	339	1
1525599515	20358	63.838	11.424	339	10
1525599515	20404	63.838	11.341	339	6
1525599515	20511	63.838	11.385	339	13
1525599515	20560	63.955	11.385	339	1
1525599515	20613	63.955	11.447	339	20
1525599515	20659	63.955	11.492	339	9
1525599515	20709	63.955	11.542	339	9
1525599515	20764	63.955	11.626	339	1
1525599516	19892	63.487	11.883	339	3
1525599516	19932	63.487	11.877	339	3
1525599516	19972	63.487	11.877	339	9
1525599516	20013	63.487	11.883	339	9
1525599516	20098	63.487	11.883	339	7
1525599516	20142	63.487	11.928	339	3
1525599516	20193	63.487	11.928	339	9
1525599516	20236	63.487	11.928	339	7
1525599516	20279	63.487	11.928	339	16
1525599516	20330	63.487	11.833	339	8
1525599516	20520	63.487	11.883	339	9
1525599516	20366	63.592	11.883	339	3
1525599516	20416	63.592	11.883	339	5
1525599516	20570	63.601	11.922	339	5
1525599516	20625	63.601	11.777	339	1
1525599516	20673	63.601	11.732	339	10
1525599516	20719	63.602	11.777	339	1
1525599516	20773	63.72	11.777	339	7
1525599517	19981	63.843	11.419	339	1
1525599517	19938	63.843	11.424	339	19
1525599517	20020	63.843	11.374	339	10
1525599517	20064	63.843	11.469	339	3
1525599517	20110	63.843	11.463	339	1
1525599517	20153	63.843	11.513	339	1
1525599517	20201	63.843	11.513	339	1
1525599517	20243	63.843	11.558	339	3
1525599517	20289	63.843	11.552	339	16
1525599517	20336	63.843	11.564	339	7
1525599517	20425	63.843	11.569	339	22
1525599517	20483	63.843	11.564	339	9
1525599517	20380	63.843	11.62	339	3
1525599517	20578	63.843	11.658	339	1
1525599517	20531	63.843	11.709	339	3
1525599517	20633	63.957	11.815	339	3
1525599517	20681	63.957	11.809	339	6
1525599517	20735	63.958	11.96	339	7
1525599517	20785	63.958	11.948	339	7
1525599518	19908	63.486	12.217	339	7
1525599518	19949	63.486	12.211	339	1
1525599518	19989	63.486	12.167	339	1
1525599518	20028	63.486	12.167	339	10
1525599518	20119	63.486	12.167	339	7
1525599518	20165	63.486	12.211	339	8
1525599518	20251	63.486	12.211	339	13
1525599518	20299	63.486	12.167	339	7
1525599518	20210	63.486	12.161	339	1
1525599518	20388	63.486	12.167	339	1
1525599518	20344	63.486	12.161	339	21
1525599518	20436	63.486	12.199	339	9
1525599518	20493	63.486	12.243	339	1
1525599518	20540	63.486	12.205	339	10
1525599518	20590	63.6	12.205	339	1
1525599518	20640	63.6	12.117	339	3
1525599518	20692	63.6	12.111	339	14
1525599518	20744	63.6	12.161	339	3
1525599518	20795	63.6	12.299	339	1
1525599519	19956	63.842	11.853	339	8
1525599519	19996	63.842	11.853	339	14
1525599519	19916	63.842	11.809	339	17
1525599519	20037	63.842	11.898	339	16
1525599519	20080	63.842	11.898	339	16
1525599519	20125	63.842	11.942	339	19
1525599519	20174	63.842	11.992	339	1
1525599519	20217	63.842	12.054	339	12
1525599519	20310	63.842	12.111	339	1
1525599519	20260	63.842	12.048	339	13
1525599519	20397	63.844	12.293	339	1
1525599519	20351	63.844	12.205	339	1
1525599519	20446	63.844	12.255	339	3
1525599519	20502	63.844	12.255	339	1
1525599519	20553	63.959	12.312	339	1
1525599519	20701	63.964	12.406	339	3
1525599519	20648	63.964	12.444	339	7
1525599519	20802	63.964	12.45	339	17
1525599520	20045	63.497	12.864	339	8
1525599520	19964	63.497	12.827	339	1
1525599520	19884	63.497	12.871	339	2
1525599520	20005	63.497	12.864	339	17
1525599520	20090	63.497	12.821	339	14
1525599520	20135	63.497	12.827	339	1
1525599520	20227	63.497	12.858	339	9
1525599520	20182	63.497	12.821	339	4
1525599520	20272	63.497	12.864	339	1
1525599520	20358	63.497	12.821	339	10
1525599520	20404	63.497	12.821	339	6
1525599520	20560	63.497	12.884	339	1
1525599520	20511	63.497	12.908	339	13
1525599520	20613	63.606	13.065	339	20
1525599520	20659	63.612	12.984	339	9
1525599520	20709	63.612	12.928	339	9
1525599520	20764	63.612	12.884	339	1
1525599521	19892	63.86	12.55	339	3
1525599521	19972	63.86	12.557	339	9
1525599521	19932	63.86	12.557	339	3
1525599521	20013	63.86	12.638	339	9
1525599521	20098	63.86	12.601	339	7
1525599521	20142	63.86	12.601	339	3
1525599521	20193	63.86	12.601	339	9
1525599521	20236	63.86	12.601	339	7
1525599521	20279	63.86	12.695	339	19
1525599521	20330	63.86	12.746	339	8
1525599521	20520	63.86	12.746	339	9
1525599521	20416	63.976	12.702	339	6
1525599521	20366	63.976	12.702	339	3
1525599521	20570	63.978	12.702	339	5
1525599521	20625	63.978	12.802	339	1
1525599521	20673	63.978	12.846	339	10
1525599521	20719	63.979	12.853	339	1
1525599521	20773	63.979	12.853	339	7
1525599522	19981	63.605	13.364	339	1
1525599522	19938	63.605	13.37	339	22
1525599522	20020	63.605	13.414	339	11
1525599522	20064	63.605	13.364	339	3
1525599522	20110	63.605	13.364	339	1
1525599522	20153	63.605	13.283	339	1
1525599522	20201	63.605	13.327	339	1
1525599522	20243	63.605	13.32	339	3
1525599522	20289	63.605	13.32	339	20
1525599522	20336	63.605	13.32	339	7
1525599522	20380	63.605	13.226	339	3
1525599522	20425	63.605	13.269	339	24
1525599522	20483	63.605	13.276	339	9
1525599522	20578	63.664	13.175	339	1
1525599522	20531	63.716	13.131	339	3
1525599522	20681	63.72	13.125	339	6
1525599522	20633	63.72	13.162	339	3
1525599522	20735	63.72	13.118	339	7
1525599522	20785	63.72	13.219	339	7
1525599523	19949	63.965	12.487	339	1
1525599523	19908	63.965	12.532	339	7
1525599523	19989	63.965	12.576	339	1
1525599523	20028	63.965	12.532	339	10
1525599523	20119	63.965	12.532	339	7
1525599523	20165	63.965	12.538	339	8
1525599523	20251	63.965	12.576	339	13
1525599523	20299	63.965	12.576	339	7
1525599523	20210	63.965	12.582	339	1
1525599523	20436	63.965	12.582	339	9
1525599523	20344	63.965	12.67	339	21
1525599523	20388	63.965	12.62	339	1
1525599523	20493	63.965	12.588	339	1
1525599523	20590	64.082	12.677	339	1
1525599523	20540	64.08	12.626	339	14
1525599523	20640	64.082	12.771	339	3
1525599523	20692	64.082	12.822	339	20
1525599523	20744	64.082	12.734	339	3
1525599523	20795	64.082	12.639	339	1
1525599524	19916	63.5	13.138	339	17
1525599524	19956	63.5	13.087	339	8
1525599524	19996	63.5	13.087	339	17
1525599524	20080	63.5	12.955	339	17
1525599524	20037	63.5	12.949	339	16
1525599524	20125	63.5	13.006	339	20
1525599524	20174	63.5	12.955	339	1
1525599524	20217	63.5	12.898	339	13
1525599524	20260	63.5	12.898	339	12
1525599524	20310	63.5	12.841	339	1
1525599524	20351	63.5	12.791	339	1
1525599524	20397	63.5	12.702	339	1
1525599524	20446	63.5	12.747	339	3
1525599524	20502	63.5	12.747	339	1
1525599524	20553	63.603	12.696	339	1
1525599524	20701	63.617	12.69	339	3
1525599524	20648	63.617	12.696	339	7
1525599524	20802	63.617	12.69	339	17
1525599525	19884	63.853	12.38	339	2
1525599525	19964	63.853	12.424	339	1
1525599525	20005	63.853	12.38	339	17
1525599525	20045	63.853	12.424	339	8
1525599525	20090	63.853	12.38	339	14
1525599525	20135	63.853	12.468	339	1
1525599525	20227	63.853	12.431	339	9
1525599525	20182	63.853	12.475	339	6
1525599525	20272	63.853	12.475	339	1
1525599525	20358	63.853	12.481	339	11
1525599525	20404	63.853	12.475	339	6
1525599525	20511	63.853	12.393	339	13
1525599525	20560	63.853	12.569	339	1
1525599525	20709	63.97	12.525	339	9
1525599525	20659	63.97	12.513	339	9
1525599525	20613	63.969	12.475	339	20
1525599525	20764	63.983	12.714	339	1
1525599526	19892	63.512	13.243	339	3
1525599526	19932	63.512	13.236	339	3
1525599526	19972	63.512	13.28	339	9
1525599526	20013	63.512	13.192	339	9
1525599526	20142	63.512	13.243	339	3
1525599526	20193	63.512	13.236	339	9
1525599526	20098	63.512	13.199	339	9
1525599526	20236	63.512	13.243	339	8
1525599526	20279	63.512	13.155	339	21
1525599526	20330	63.512	13.192	339	8
1525599526	20520	63.512	13.142	339	9
1525599526	20416	63.626	13.236	339	11
1525599526	20366	63.626	13.229	339	3
1525599526	20570	63.626	13.186	339	5
1525599526	20673	63.626	13.135	339	10
1525599526	20625	63.626	13.179	339	1
1525599526	20719	63.626	13.135	339	1
1525599526	20773	63.744	13.085	339	7
1525599527	19938	63.87	12.38	339	21
1525599527	19981	63.87	12.349	339	1
1525599527	20020	63.87	12.298	339	11
1525599527	20110	63.87	12.387	339	1
1525599527	20064	63.87	12.387	339	3
1525599527	20153	63.87	12.38	339	1
1525599527	20201	63.87	12.387	339	1
1525599527	20289	63.87	12.349	339	21
1525599527	20243	63.87	12.349	339	3
1525599527	20336	63.87	12.343	339	7
1525599527	20483	63.87	12.343	339	9
1525599527	20425	63.87	12.431	339	25
1525599527	20380	63.87	12.387	339	3
1525599527	20578	63.87	12.437	339	1
1525599527	20531	63.978	12.431	339	3
1525599527	20681	63.987	12.399	339	6
1525599527	20633	63.987	12.399	339	1
1525599527	20735	63.987	12.361	339	7
1525599527	20785	63.987	12.305	339	7
1525599528	19949	63.505	14.185	339	1
1525599528	19908	63.505	14.185	339	7
1525599528	20028	63.505	14.322	339	10
1525599528	20165	63.505	14.336	339	8
1525599528	20119	63.505	14.286	339	7
1525599528	19989	63.505	14.142	339	1
1525599528	20299	63.505	14.502	339	7
1525599528	20210	63.505	14.588	339	1
1525599528	20251	63.505	14.401	339	13
1525599528	20388	63.505	14.595	339	1
1525599528	20344	63.505	14.552	339	21
1525599528	20436	63.505	14.645	339	9
1525599528	20493	63.505	14.602	339	1
1525599528	20540	63.506	14.552	339	16
1525599528	20590	63.506	14.545	339	1
1525599528	20640	63.617	14.602	339	3
1525599528	20692	63.62	14.595	339	21
1525599528	20744	63.62	14.494	339	3
1525599528	20795	63.62	14.444	339	1
1525599529	19956	63.755	14.71	339	8
1525599529	19916	63.755	14.703	339	17
1525599529	19996	63.755	14.703	339	17
1525599529	20037	63.755	14.889	339	16
1525599529	20174	63.755	14.897	339	1
1525599529	20260	63.755	14.904	339	12
1525599529	20217	63.755	14.904	339	13
1525599529	20125	63.755	14.897	339	20
1525599529	20080	63.755	14.889	339	17
1525599529	20351	63.755	14.97	339	1
1525599529	20310	63.755	15.005	339	1
1525599529	20397	63.755	15.055	339	1
1525599529	20502	63.755	15.098	339	1
1525599529	20446	63.755	15.098	339	3
1525599529	20553	63.755	15.098	339	1
1525599529	20648	63.872	15.063	339	7
1525599529	20701	63.872	15.113	339	3
1525599529	20802	63.872	15.106	339	17
1525599530	19884	63.517	15.996	339	5
1525599530	19964	63.517	15.954	339	1
1525599530	20045	63.516	16.004	339	8
1525599530	20005	63.516	16.046	339	17
1525599530	20090	63.516	15.996	339	14
1525599530	20135	63.516	15.996	339	1
1525599530	20227	63.516	16.038	339	9
1525599530	20182	63.516	16.038	339	9
1525599530	20272	63.516	16.046	339	1
1525599530	20358	63.516	16.08	339	14
1525599530	20404	63.516	16.088	339	8
1525599530	20511	63.516	16.088	339	13
1525599530	20560	63.63	15.98	339	1
1525599530	20613	63.63	15.837	339	20
1525599530	20659	63.63	15.837	339	9
1525599530	20709	63.63	15.787	339	9
1525599530	20764	63.747	15.636	339	1
1525599531	19892	63.872	15.083	339	3
1525599531	19932	63.872	15.126	339	3
1525599531	19972	63.872	15.048	339	9
1525599531	20013	63.872	15.048	339	9
1525599531	20098	63.874	15.226	339	12
1525599531	20193	63.874	15.218	339	9
1525599531	20142	63.874	15.176	339	3
1525599531	20236	63.874	15.133	339	12
1525599531	20279	63.874	15.176	339	21
1525599531	20330	63.874	15.184	339	8
1525599531	20520	63.874	15.133	339	9
1525599531	20366	63.878	15.091	339	4
1525599531	20416	63.874	15.083	339	13
1525599531	20570	63.989	15.048	339	5
1525599531	20625	63.991	15.098	339	1
1525599531	20673	63.991	15.148	339	10
1525599531	20719	63.991	15.141	339	1
1525599531	20773	63.991	15.319	339	7
1525599532	19981	63.509	15.887	339	1
1525599532	20020	63.509	15.938	339	11
1525599532	19938	63.509	15.845	339	21
1525599532	20064	63.509	15.845	339	3
1525599532	20110	63.509	15.895	339	1
1525599532	20153	63.509	15.903	339	1
1525599532	20201	63.509	15.853	339	1
1525599532	20243	63.509	15.887	339	3
1525599532	20289	63.509	15.895	339	21
1525599532	20336	63.509	15.938	339	7
1525599532	20483	63.509	15.887	339	9
1525599532	20425	63.509	15.895	339	25
1525599532	20380	63.509	15.938	339	3
1525599532	20578	63.516	15.938	339	1
1525599532	20531	63.615	15.946	339	3
1525599532	20633	63.622	15.879	339	5
1525599532	20681	63.622	15.93	339	6
1525599532	20735	63.622	15.922	339	7
1525599532	20785	63.624	15.98	339	7
1525599533	19908	63.872	14.142	339	7
1525599533	19949	63.872	14.142	339	1
1525599533	19989	63.872	14.142	339	1
1525599533	20028	63.872	14.048	339	10
1525599533	20119	63.872	14.085	339	7
1525599533	20165	63.872	14.034	339	8
1525599533	20251	63.872	13.927	339	13
1525599533	20299	63.872	13.826	339	7
1525599533	20388	63.872	13.732	339	1
1525599533	20436	63.872	13.675	339	9
1525599533	20344	63.872	13.725	339	21
1525599533	20210	63.872	13.739	339	1
1525599533	20493	63.873	13.632	339	1
1525599533	20540	63.99	13.783	339	17
1525599533	20590	63.992	13.783	339	1
1525599533	20640	63.992	13.646	339	3
1525599533	20692	63.992	13.602	339	21
1525599533	20744	63.992	13.826	339	3
1525599533	20795	63.992	13.79	339	1
1525599534	19996	63.521	13.488	339	17
1525599534	19916	63.521	13.444	339	17
1525599534	19956	63.521	13.488	339	8
1525599534	20037	63.521	13.394	339	16
1525599534	20080	63.521	13.394	339	17
1525599534	20125	63.521	13.343	339	20
1525599534	20174	63.521	13.337	339	1
1525599534	20260	63.521	13.286	339	12
1525599534	20217	63.521	13.286	339	13
1525599534	20310	63.521	13.192	339	1
1525599534	20351	63.521	13.186	339	1
1525599534	20397	63.521	13.135	339	3
1525599534	20446	63.521	13.085	339	3
1525599534	20502	63.521	13.085	339	1
1525599534	20553	63.521	13.085	339	1
1525599534	20648	63.635	12.984	339	7
1525599534	20701	63.635	12.978	339	3
1525599534	20802	63.635	12.884	339	17
1525599535	19884	63.88	11.851	339	5
1525599535	19964	63.88	11.901	339	3
1525599535	20005	63.88	11.851	339	17
1525599535	20090	63.88	11.895	339	14
1525599535	20045	63.88	11.851	339	8
1525599535	20135	63.88	11.806	339	1
1525599535	20227	63.88	11.762	339	9
1525599535	20182	63.88	11.756	339	9
1525599535	20272	63.88	11.762	339	1
1525599535	20404	63.88	11.913	339	8
1525599535	20358	63.88	11.901	339	17
1525599535	20511	63.88	11.952	339	13
1525599535	20560	63.993	11.964	339	1
1525599535	20613	63.995	12.109	339	20
1525599535	20659	63.996	12.153	339	9
1525599535	20709	63.996	12.21	339	9
1525599535	20764	63.996	12.222	339	1
1525599536	19892	63.526	12.677	339	3
1525599536	19932	63.526	12.595	339	3
1525599536	19972	63.526	12.67	339	9
1525599536	20013	63.526	12.633	339	9
1525599536	20098	63.526	12.487	339	12
1525599536	20193	63.526	12.449	339	9
1525599536	20142	63.526	12.494	339	3
1525599536	20236	63.526	12.538	339	12
1525599536	20279	63.526	12.626	339	21
1525599536	20330	63.526	12.569	339	8
1525599536	20520	63.532	12.677	339	9
1525599536	20366	63.641	12.633	339	4
1525599536	20416	63.641	12.633	339	13
1525599536	20570	63.641	12.677	339	5
1525599536	20625	63.641	12.62	339	1
1525599536	20673	63.641	12.614	339	10
1525599536	20719	63.641	12.721	339	1
1525599536	20773	63.752	12.595	339	7
1525599537	19981	63.879	12.242	339	1
1525599537	19938	63.879	12.286	339	21
1525599537	20020	63.879	12.191	339	11
1525599537	20064	63.879	12.286	339	3
1525599537	20110	63.879	12.242	339	1
1525599537	20153	63.879	12.28	339	1
1525599537	20201	63.879	12.28	339	1
1525599537	20289	63.879	12.33	339	21
1525599537	20243	63.879	12.336	339	3
1525599537	20336	63.879	12.286	339	8
1525599537	20380	63.879	12.286	339	3
1525599537	20483	63.879	12.38	339	9
1525599537	20425	63.879	12.286	339	25
1525599537	20578	63.879	12.28	339	1
1525599537	20531	63.997	12.368	339	3
1525599537	20681	63.998	12.38	339	6
1525599537	20633	63.998	12.475	339	5
1525599537	20735	63.998	12.38	339	7
1525599537	20785	63.998	12.286	339	7
1525599538	19949	63.536	12.928	339	1
1525599538	19908	63.536	12.928	339	7
1525599538	19989	63.536	12.928	339	1
1525599538	20028	63.535	12.884	339	10
1525599538	20119	63.535	12.884	339	7
1525599538	20165	63.535	12.833	339	8
1525599538	20251	63.535	12.884	339	13
1525599538	20299	63.535	12.884	339	7
1525599538	20210	63.535	12.928	339	1
1525599538	20388	63.535	12.884	339	1
1525599538	20344	63.535	12.884	339	21
1525599538	20436	63.535	12.89	339	9
1525599538	20493	63.535	12.928	339	1
1525599538	20540	63.645	12.877	339	17
1525599538	20590	63.649	12.877	339	1
1525599538	20640	63.649	12.908	339	3
1525599538	20692	63.649	12.915	339	21
1525599538	20744	63.651	12.783	339	3
1525599538	20795	63.766	12.871	339	1
1525599539	19956	63.886	12.506	339	8
1525599539	19916	63.886	12.544	339	17
1525599539	19996	63.886	12.506	339	17
1525599539	20037	63.886	12.506	339	17
1525599539	20080	63.886	12.506	339	17
1525599539	20125	63.886	12.544	339	20
1525599539	20174	63.886	12.462	339	1
1525599539	20217	63.886	12.5	339	13
1525599539	20260	63.886	12.506	339	12
1525599539	20310	63.886	12.494	339	1
1525599539	20397	63.886	12.544	339	3
1525599539	20351	63.886	12.544	339	1
1525599539	20502	63.886	12.506	339	1
1525599539	20446	63.886	12.506	339	3
1525599539	20553	63.992	12.55	339	1
1525599539	20701	64.002	12.651	339	3
1525599539	20648	64.002	12.651	339	7
1525599539	20802	64.002	12.613	339	17
1525599540	19884	63.534	13.29	339	5
1525599540	19964	63.534	13.246	339	3
1525599540	20045	63.534	13.253	339	8
1525599540	20005	63.534	13.253	339	17
1525599540	20090	63.534	13.303	339	14
1525599540	20135	63.534	13.34	339	1
1525599540	20227	63.534	13.34	339	9
1525599540	20182	63.534	13.303	339	9
1525599540	20272	63.534	13.29	339	1
1525599540	20404	63.534	13.089	339	8
1525599540	20511	63.534	13.096	339	13
1525599540	20358	63.534	13.109	339	17
1525599540	20560	63.534	13.19	339	1
1525599540	20613	63.65	13.246	339	20
1525599540	20659	63.65	13.153	339	9
1525599540	20709	63.65	13.183	339	9
1525599540	20764	63.65	13.083	339	1
1525599541	19892	63.773	12.663	339	3
1525599541	19932	63.773	12.701	339	3
1525599541	19972	63.773	12.67	339	9
1525599541	20013	63.773	12.751	339	9
1525599541	20142	63.773	12.757	339	3
1525599541	20279	63.773	12.72	339	21
1525599541	20098	63.773	12.751	339	12
1525599541	20330	63.773	12.921	339	8
1525599541	20193	63.773	12.757	339	9
1525599541	20236	63.773	12.757	339	12
1525599541	20366	63.773	13.059	339	4
1525599541	20520	63.773	13.059	339	9
1525599541	20416	63.773	13.059	339	13
1525599541	20570	63.89	13.065	339	5
1525599541	20673	63.89	13.028	339	10
1525599541	20625	63.89	13.072	339	1
1525599541	20719	63.89	12.827	339	1
1525599541	20773	63.89	12.864	339	7
1525599542	19938	63.54	13.458	339	21
1525599542	19981	63.54	13.451	339	1
1525599542	20064	63.54	13.407	339	3
1525599542	20020	63.54	13.494	339	11
1525599542	20110	63.54	13.407	339	1
1525599542	20153	63.54	13.407	339	1
1525599542	20201	63.54	13.407	339	1
1525599542	20243	63.54	13.401	339	3
1525599542	20289	63.54	13.407	339	21
1525599542	20578	63.54	13.464	339	1
1525599542	20336	63.54	13.401	339	8
1525599542	20483	63.54	13.364	339	9
1525599542	20531	63.54	13.377	339	3
1525599542	20425	63.54	13.458	339	25
1525599542	20380	63.54	13.407	339	3
1525599542	20681	63.655	13.609	339	6
1525599542	20633	63.655	13.522	339	5
1525599542	20735	63.655	13.515	339	7
1525599542	20785	63.655	13.501	339	7
1525599543	19908	63.788	13.068	339	7
1525599543	19949	63.788	13.111	339	1
1525599543	19989	63.788	13.111	339	1
1525599543	20028	63.788	13.149	339	10
1525599543	20119	63.788	13.105	339	7
1525599543	20165	63.788	13.105	339	8
1525599543	20251	63.788	13.111	339	13
1525599543	20299	63.788	13.105	339	7
1525599543	20210	63.788	13.105	339	1
1525599543	20388	63.788	13.061	339	1
1525599543	20344	63.788	13.061	339	21
1525599543	20493	63.788	13.111	339	1
1525599543	20436	63.788	13.105	339	9
1525599543	20540	63.788	13.061	339	17
1525599543	20590	63.916	13.111	339	1
1525599543	20640	63.916	13.111	339	3
1525599543	20692	63.916	13.111	339	21
1525599543	20744	63.916	13.061	339	3
1525599543	20795	64.034	13.011	339	1
1525599544	19916	63.537	13.623	339	17
1525599544	19956	63.537	13.609	339	8
1525599544	19996	63.537	13.616	339	17
1525599544	20037	63.537	13.652	339	17
1525599544	20080	63.537	13.652	339	17
1525599544	20125	63.537	13.616	339	20
1525599544	20174	63.537	13.659	339	1
1525599544	20260	63.537	13.616	339	12
1525599544	20217	63.537	13.623	339	13
1525599544	20310	63.537	13.666	339	1
1525599544	20351	63.537	13.616	339	1
1525599544	20397	63.537	13.572	339	3
1525599544	20446	63.537	13.659	339	3
1525599544	20502	63.537	13.659	339	1
1525599544	20553	63.537	13.616	339	1
1525599544	20648	63.651	13.515	339	7
1525599544	20701	63.651	13.522	339	3
1525599544	20802	63.651	13.552	339	17
1525599545	19884	63.892	12.879	339	5
1525599545	19964	63.892	12.872	339	3
1525599545	20045	63.892	12.91	339	8
1525599545	20005	63.892	12.91	339	17
1525599545	20090	63.892	12.822	339	14
1525599545	20135	63.892	12.822	339	1
1525599545	20227	63.892	12.822	339	9
1525599545	20182	63.892	12.866	339	9
1525599545	20272	63.892	12.828	339	1
1525599545	20358	63.892	12.872	339	17
1525599545	20404	63.892	12.835	339	8
1525599545	20511	63.892	12.828	339	13
1525599545	20560	63.898	12.778	339	1
1525599545	20659	64.01	12.721	339	9
1525599545	20613	64.01	12.67	339	20
1525599545	20709	64.01	12.727	339	9
1525599545	20764	64.012	12.784	339	1
1525599546	19892	63.541	13.162	339	3
1525599546	19972	63.541	13.155	339	9
1525599546	19932	63.541	13.162	339	3
1525599546	20013	63.541	13.111	339	9
1525599546	20098	63.541	13.111	339	12
1525599546	20193	63.541	13.111	339	9
1525599546	20142	63.541	13.111	339	3
1525599546	20236	63.541	13.149	339	12
1525599546	20279	63.541	13.054	339	21
1525599546	20330	63.541	12.903	339	8
1525599546	20520	63.541	12.752	339	9
1525599546	20416	63.655	12.758	339	13
1525599546	20366	63.655	12.758	339	4
1525599546	20570	63.655	12.796	339	5
1525599546	20625	63.655	12.746	339	1
1525599546	20673	63.655	12.79	339	10
1525599546	20719	63.655	12.796	339	1
1525599546	20773	63.772	12.752	339	7
1525599547	19938	63.9	12.425	339	21
1525599547	19981	63.9	12.425	339	1
1525599547	20020	63.9	12.425	339	11
1525599547	20110	63.9	12.38	339	1
1525599547	20064	63.9	12.38	339	3
1525599547	20153	63.9	12.431	339	1
1525599547	20201	63.9	12.469	339	1
1525599547	20289	63.9	12.462	339	21
1525599547	20243	63.9	12.469	339	3
1525599547	20336	63.9	12.431	339	8
1525599547	20425	63.9	12.418	339	25
1525599547	20380	63.9	12.469	339	3
1525599547	20483	63.9	12.462	339	9
1525599547	20578	63.97	12.368	339	1
1525599547	20531	64.014	12.412	339	3
1525599547	20681	64.015	12.173	339	6
1525599547	20633	64.015	12.217	339	5
1525599547	20735	64.015	12.274	339	7
1525599547	20785	64.017	12.324	339	7
1525599548	19949	63.554	12.525	339	1
1525599548	19908	63.554	12.525	339	7
1525599548	19989	63.553	12.525	339	1
1525599548	20028	63.553	12.481	339	10
1525599548	20119	63.553	12.487	339	7
1525599548	20165	63.553	12.575	339	8
1525599548	20251	63.553	12.481	339	13
1525599548	20299	63.553	12.531	339	7
1525599548	20210	63.553	12.481	339	1
1525599548	20344	63.553	12.531	339	21
1525599548	20436	63.553	12.487	339	9
1525599548	20493	63.553	12.481	339	1
1525599548	20388	63.553	12.525	339	1
1525599548	20540	63.667	12.531	339	17
1525599548	20590	63.667	12.437	339	1
1525599548	20640	63.667	12.343	339	3
1525599548	20692	63.667	12.343	339	21
1525599548	20744	63.667	12.38	339	3
1525599548	20795	63.669	12.431	339	1
1525599549	19956	63.919	11.952	340	8
1525599549	19996	63.919	11.952	340	17
1525599549	19916	63.919	11.901	340	17
1525599549	20037	63.919	11.907	340	17
1525599549	20080	63.919	11.901	340	17
1525599549	20125	63.919	11.857	340	20
1525599549	20174	63.919	11.857	340	1
1525599549	20260	63.919	11.901	340	12
1525599549	20217	63.919	11.901	340	13
1525599549	20310	63.919	11.907	340	1
1525599549	20351	63.919	11.863	340	1
1525599549	20446	63.919	11.863	340	3
1525599549	20397	63.919	11.907	340	3
1525599549	20502	63.919	11.863	340	1
1525599549	20553	64.029	11.913	340	5
1525599549	20648	64.032	12.198	340	7
1525599549	20701	64.033	12.065	340	3
1525599549	20802	64.032	12.254	340	17
1525599550	19884	63.55	12.978	340	5
1525599550	19964	63.55	12.984	340	3
1525599550	20045	63.55	12.941	340	8
1525599550	20005	63.55	12.984	340	17
1525599550	20090	63.55	12.978	340	14
1525599550	20135	63.55	12.984	340	7
1525599550	20227	63.55	12.984	340	9
1525599550	20182	63.55	12.984	340	9
1525599550	20272	63.55	13.028	340	9
1525599550	20358	63.55	12.984	340	17
1525599550	20404	63.55	13.065	340	8
1525599550	20560	63.55	12.984	340	1
1525599550	20511	63.55	12.984	340	13
1525599550	20613	63.645	13.035	340	20
1525599550	20659	63.664	13.041	340	9
1525599550	20709	63.664	12.941	340	9
1525599550	20764	63.664	12.928	340	5
1525599551	19932	63.904	12.733	340	3
1525599551	19892	63.904	12.726	340	3
1525599551	20013	63.904	12.733	340	9
1525599551	19972	63.904	12.733	340	9
1525599551	20098	63.904	12.783	340	12
1525599551	20142	63.904	12.783	340	3
1525599551	20193	63.904	12.783	340	9
1525599551	20236	63.904	12.79	340	12
1525599551	20279	63.904	12.884	340	21
1525599551	20330	63.904	12.941	340	8
1525599551	20520	63.904	12.947	340	9
1525599551	20366	63.979	12.941	340	4
1525599551	20416	63.911	12.941	340	13
1525599551	20570	64.022	12.941	340	5
1525599551	20673	64.024	13.041	340	10
1525599551	20625	64.024	12.997	340	1
1525599551	20719	64.024	13.092	340	1
1525599551	20773	64.024	13.098	340	7
1525599552	19981	63.556	13.313	340	1
1525599552	20020	63.556	13.313	340	11
1525599552	19938	63.556	13.306	340	21
1525599552	20064	63.556	13.357	340	3
1525599552	20110	63.556	13.357	340	1
1525599552	20153	63.556	13.313	340	1
1525599552	20201	63.556	13.364	340	1
1525599552	20289	63.556	13.32	340	21
1525599552	20243	63.556	13.32	340	3
1525599552	20483	63.556	13.32	340	9
1525599552	20380	63.556	13.357	340	3
1525599552	20531	63.556	13.327	340	3
1525599552	20578	63.556	13.37	340	12
1525599552	20336	63.556	13.313	340	8
1525599552	20425	63.556	13.32	340	25
1525599552	20633	63.671	13.565	340	5
1525599552	20681	63.656	13.522	340	6
1525599552	20735	63.671	13.565	340	7
1525599552	20785	63.671	13.471	340	7
1525599553	19908	63.796	13.249	340	7
1525599553	19949	63.796	13.206	340	3
1525599553	19989	63.796	13.206	340	1
1525599553	20119	63.796	13.3	340	7
1525599553	20028	63.796	13.306	340	10
1525599553	20165	63.796	13.212	340	8
1525599553	20251	63.796	13.256	340	13
1525599553	20299	63.796	13.212	340	7
1525599553	20210	63.796	13.256	340	1
1525599553	20388	63.796	13.219	340	1
1525599553	20436	63.796	13.256	340	9
1525599553	20493	63.796	13.263	340	1
1525599553	20344	63.796	13.212	340	21
1525599553	20540	63.924	13.256	340	17
1525599553	20590	63.924	13.256	340	1
1525599553	20692	63.924	13.35	340	21
1525599553	20640	63.924	13.35	340	3
1525599553	20744	63.924	13.414	340	3
1525599553	20795	64.041	13.414	340	9
1525599554	19996	63.555	14.221	340	17
1525599554	19956	63.555	14.178	340	8
1525599554	19916	63.555	14.178	340	17
1525599554	20037	63.555	14.228	340	17
1525599554	20080	63.555	14.235	340	17
1525599554	20125	63.555	14.322	340	20
1525599554	20174	63.555	14.322	340	1
1525599554	20260	63.555	14.279	340	12
1525599554	20217	63.555	14.279	340	13
1525599554	20310	63.555	14.228	340	1
1525599554	20397	63.555	14.314	340	3
1525599554	20351	63.555	14.314	340	1
1525599554	20446	63.555	14.365	340	3
1525599554	20502	63.555	14.365	340	8
1525599554	20553	63.589	14.314	340	5
1525599554	20648	63.67	14.027	340	7
1525599554	20701	63.67	14.157	340	3
1525599554	20802	63.787	13.927	340	17
1525599555	19964	63.907	13.273	340	3
1525599555	20045	63.907	13.236	340	8
1525599555	19884	63.907	13.236	340	5
1525599555	20005	63.907	13.229	340	17
1525599555	20090	63.907	13.236	340	14
1525599555	20135	63.907	13.186	340	7
1525599555	20182	63.907	13.229	340	9
1525599555	20227	63.907	13.186	340	9
1525599555	20272	63.907	13.186	340	9
1525599555	20358	63.909	13.236	340	17
1525599555	20511	63.908	13.236	340	13
1525599555	20404	63.909	13.199	340	8
1525599555	20560	64.019	13.223	340	1
1525599555	20659	64.027	13.179	340	9
1525599555	20613	64.027	13.179	340	20
1525599555	20709	64.027	13.323	340	9
1525599555	20764	64.027	13.467	340	5
1525599556	19892	63.558	13.581	340	3
1525599556	19972	63.558	13.575	340	9
1525599556	19932	63.558	13.575	340	3
1525599556	20013	63.558	13.581	340	9
1525599556	20098	63.558	13.618	340	12
1525599556	20193	63.558	13.661	340	9
1525599556	20142	63.558	13.611	340	3
1525599556	20236	63.558	13.568	340	12
1525599556	20279	63.558	13.575	340	21
1525599556	20330	63.558	13.618	340	8
1525599556	20366	63.666	13.712	340	4
1525599556	20520	63.558	13.668	340	9
1525599556	20416	63.666	13.712	340	13
1525599556	20570	63.669	13.625	340	5
1525599556	20625	63.669	13.575	340	1
1525599556	20673	63.669	13.575	340	10
1525599556	20719	63.669	13.561	340	1
1525599556	20773	63.778	13.604	340	7
1525599557	19981	63.911	13.065	340	1
1525599557	20020	63.911	13.065	340	11
1525599557	20064	63.911	13.072	340	3
1525599557	19938	63.911	13.022	340	21
1525599557	20110	63.911	13.065	340	1
1525599557	20153	63.911	13.116	340	1
1525599557	20201	63.911	13.065	340	1
1525599557	20243	63.911	13.109	340	3
1525599557	20289	63.911	13.116	340	21
1525599557	20336	63.911	13.159	340	8
1525599557	20483	63.911	13.072	340	9
1525599557	20425	63.911	13.065	340	25
1525599557	20380	63.911	13.072	340	3
1525599557	20578	63.911	13.109	340	12
1525599557	20531	63.911	13.065	340	3
1525599557	20681	64.029	12.908	340	6
1525599557	20633	64.029	12.821	340	5
1525599557	20735	64.029	12.814	340	7
1525599557	20785	64.029	12.965	340	7
1525599558	19908	63.563	13.431	340	7
1525599558	19949	63.563	13.431	340	3
1525599558	19989	63.563	13.431	340	1
1525599558	20028	63.563	13.374	340	10
1525599558	20119	63.563	13.424	340	7
1525599558	20165	63.563	13.424	340	8
1525599558	20251	63.563	13.518	340	13
1525599558	20299	63.563	13.554	340	7
1525599558	20388	63.563	13.598	340	1
1525599558	20210	63.563	13.518	340	1
1525599558	20344	63.563	13.604	340	21
1525599558	20493	63.563	13.547	340	1
1525599558	20436	63.563	13.554	340	9
1525599558	20540	63.563	13.554	340	17
1525599558	20590	63.677	13.604	340	1
1525599558	20640	63.677	13.604	340	3
1525599558	20692	63.677	13.598	340	21
1525599558	20744	63.677	13.584	340	3
1525599558	20795	63.796	13.627	340	9
1525599559	19916	63.923	12.707	340	17
1525599559	19996	63.923	12.663	340	17
1525599559	19956	63.923	12.707	340	8
1525599559	20080	63.923	12.663	340	17
1525599559	20037	63.923	12.663	340	17
1525599559	20125	63.923	12.613	340	20
1525599559	20174	63.923	12.657	340	1
1525599559	20260	63.923	12.657	340	12
1525599559	20217	63.923	12.657	340	13
1525599559	20310	63.923	12.663	340	1
1525599559	20351	63.923	12.663	340	1
1525599559	20397	63.923	12.619	340	3
1525599559	20446	63.923	12.613	340	3
1525599559	20502	63.923	12.651	340	8
1525599559	20553	64.037	12.613	340	5
1525599559	20648	64.042	12.764	340	7
1525599559	20701	64.042	12.757	340	3
1525599559	20802	64.042	12.858	340	17
1525599560	19884	63.68	13.323	340	5
1525599560	19964	63.68	13.28	340	3
1525599560	20045	63.68	13.323	340	8
1525599560	20005	63.68	13.286	340	17
1525599560	20090	63.68	13.323	340	14
1525599560	20135	63.68	13.33	340	7
1525599560	20227	63.68	13.33	340	9
1525599560	20182	63.68	13.33	340	9
1525599560	20272	63.68	13.374	340	9
1525599560	20358	63.68	13.317	340	17
1525599560	20404	63.68	13.36	340	8
1525599560	20511	63.68	13.367	340	13
1525599560	20560	63.68	13.424	340	1
1525599560	20613	63.797	13.524	340	20
1525599560	20659	63.797	13.474	340	9
1525599560	20709	63.797	13.424	340	9
1525599560	20764	63.797	13.236	340	5
1525599561	19892	63.922	12.915	340	3
1525599561	19972	63.922	12.921	340	9
1525599561	20013	63.922	12.915	340	9
1525599561	19932	63.922	12.921	340	3
1525599561	20098	63.922	12.827	340	12
1525599561	20142	63.922	12.827	340	3
1525599561	20193	63.922	12.783	340	9
1525599561	20236	63.922	12.915	340	12
1525599561	20279	63.922	12.77	340	21
1525599561	20330	63.922	12.67	340	8
1525599561	20366	63.932	12.575	340	4
1525599561	20416	63.932	12.575	340	13
1525599561	20520	63.922	12.575	340	9
1525599561	20570	64.049	12.626	340	5
1525599561	20625	64.049	12.663	340	1
1525599561	20673	64.049	12.575	340	10
1525599561	20719	64.049	12.582	340	1
1525599561	20773	64.166	12.531	340	7
1525599562	19981	63.674	13.072	340	1
1525599562	19938	63.674	13.116	340	21
1525599562	20020	63.674	13.072	340	11
1525599562	20064	63.674	13.065	340	3
1525599562	20110	63.674	13.065	340	1
1525599562	20153	63.675	13.052	340	1
1525599562	20201	63.675	13.015	340	1
1525599562	20289	63.675	12.965	340	21
1525599562	20243	63.675	12.971	340	3
1525599562	20483	63.675	13.015	340	9
1525599562	20425	63.675	13.015	340	25
1525599562	20380	63.675	12.971	340	3
1525599562	20336	63.675	12.921	340	8
1525599562	20578	63.675	12.928	340	12
1525599562	20531	63.675	12.971	340	3
1525599562	20681	63.788	13.022	340	6
1525599562	20633	63.788	13.022	340	5
1525599562	20735	63.788	12.928	340	7
1525599562	20785	63.788	12.833	340	7
1525599563	19949	63.916	12.412	340	3
1525599563	19908	63.916	12.412	340	7
1525599563	19989	63.916	12.368	340	1
1525599563	20028	63.916	12.38	340	10
1525599563	20119	63.916	12.374	340	7
1525599563	20165	63.916	12.418	340	8
1525599563	20251	63.916	12.324	340	13
1525599563	20299	63.916	12.236	340	7
1525599563	20210	63.916	12.236	340	1
1525599563	20388	63.916	12.236	340	1
1525599563	20436	63.916	12.191	340	9
1525599563	20493	63.916	12.191	340	1
1525599563	20344	63.916	12.229	340	21
1525599563	20540	63.991	12.198	340	17
1525599563	20590	64.03	12.147	340	1
1525599563	20640	64.03	12.103	340	3
1525599563	20692	64.03	12.109	340	21
1525599563	20744	64.03	12.059	340	3
1525599563	20795	64.144	11.97	340	9
1525599564	19916	63.565	12.614	340	17
1525599564	19956	63.565	12.563	340	8
1525599564	19996	63.565	12.607	340	17
1525599564	20037	63.565	12.569	340	17
1525599564	20080	63.565	12.563	340	17
1525599564	20125	63.565	12.519	340	20
1525599564	20174	63.565	12.475	340	1
1525599564	20217	63.565	12.519	340	13
1525599564	20260	63.565	12.519	340	12
1525599564	20310	63.565	12.557	340	1
1525599564	20351	63.565	12.468	340	1
1525599564	20397	63.565	12.513	340	3
1525599564	20446	63.565	12.475	340	3
1525599564	20502	63.565	12.519	340	8
1525599564	20553	63.565	12.468	340	5
1525599564	20701	63.68	12.374	340	3
1525599564	20648	63.68	12.412	340	7
1525599564	20802	63.68	12.178	340	17
1525599565	19884	63.806	11.673	340	5
1525599565	19964	63.806	11.673	340	3
1525599565	20045	63.806	11.667	340	8
1525599565	20005	63.806	11.667	340	17
1525599565	20090	63.806	11.673	340	14
1525599565	20135	63.806	11.667	340	7
1525599565	20227	63.806	11.711	340	9
1525599565	20182	63.806	11.622	340	9
1525599565	20272	63.806	11.616	340	9
1525599565	20358	63.806	11.622	340	18
1525599565	20404	63.806	11.622	340	9
1525599565	20511	63.806	11.566	340	13
1525599565	20560	63.929	11.47	340	1
1525599565	20613	63.929	11.319	340	20
1525599565	20659	63.929	11.364	340	9
1525599565	20709	63.929	11.268	340	9
1525599565	20764	64.048	11.414	340	5
1525599566	19892	63.558	11.976	340	3
1525599566	19932	63.558	11.976	340	3
1525599566	19972	63.558	11.976	340	9
1525599566	20013	63.558	11.976	340	9
1525599566	20098	63.558	12.02	340	12
1525599566	20236	63.558	11.937	340	12
1525599566	20193	63.558	12.026	340	9
1525599566	20142	63.558	12.026	340	3
1525599566	20279	63.558	12.032	340	21
1525599566	20330	63.558	12.032	340	8
1525599566	20520	63.558	12.077	340	9
1525599566	20366	63.677	12.038	340	4
1525599566	20416	63.677	12.038	340	13
1525599566	20570	63.677	12.026	340	5
1525599566	20625	63.677	12.032	340	1
1525599566	20673	63.677	12.077	340	10
1525599566	20719	63.677	12.026	340	1
1525599566	20773	63.785	12.032	340	7
1525599567	19981	63.907	11.488	340	1
1525599567	19938	63.907	11.488	340	21
1525599567	20020	63.907	11.482	340	11
1525599567	20064	63.907	11.482	340	3
1525599567	20110	63.907	11.488	340	1
1525599567	20153	63.907	11.449	340	1
1525599567	20201	63.907	11.443	340	1
1525599567	20243	63.907	11.443	340	3
1525599567	20289	63.907	11.449	340	21
1525599567	20483	63.907	11.443	340	9
1525599567	20380	63.907	11.494	340	3
1525599567	20336	63.907	11.494	340	8
1525599567	20425	63.907	11.494	340	25
1525599567	20578	63.907	11.538	340	12
1525599567	20531	63.907	11.577	340	3
1525599567	20633	64.024	11.494	340	5
1525599567	20681	64.024	11.449	340	6
1525599567	20735	64.026	11.684	340	7
1525599567	20785	64.026	11.684	340	7
1525599568	19908	63.562	12.057	340	7
1525599568	19949	63.562	12.101	340	3
1525599568	19989	63.562	12.146	340	1
1525599568	20028	63.561	12.133	340	10
1525599568	20119	63.561	12.089	340	7
1525599568	20165	63.561	12.051	340	8
1525599568	20251	63.561	12.051	340	13
1525599568	20299	63.561	12.14	340	7
1525599568	20210	63.561	12.14	340	1
1525599568	20388	63.561	12.095	340	1
1525599568	20344	63.561	12.146	340	21
1525599568	20436	63.561	12.146	340	9
1525599568	20493	63.561	12.19	340	1
1525599568	20540	63.678	12.184	340	17
1525599568	20590	63.678	12.089	340	1
1525599568	20640	63.678	12.089	340	3
1525599568	20692	63.678	12.089	340	21
1525599568	20744	63.678	12.14	340	3
1525599568	20795	63.797	12.089	340	9
1525599569	19956	63.923	11.291	340	8
1525599569	19996	63.923	11.291	340	17
1525599569	19916	63.923	11.241	340	17
1525599569	20037	63.923	11.28	340	17
1525599569	20080	63.923	11.285	340	17
1525599569	20125	63.923	11.336	340	20
1525599569	20174	63.923	11.336	340	1
1525599569	20260	63.923	11.291	340	12
1525599569	20217	63.923	11.291	340	13
1525599569	20310	63.923	11.291	340	1
1525599569	20351	63.923	11.336	340	1
1525599569	20397	63.923	11.336	340	3
1525599569	20446	63.923	11.336	340	3
1525599569	20502	63.923	11.291	340	8
1525599569	20553	64.04	11.342	340	5
1525599569	20701	64.042	11.387	340	3
1525599569	20648	64.042	11.392	340	7
1525599569	20802	64.042	11.628	340	17
1525599570	19884	63.564	12.077	338	5
1525599570	20045	63.564	12.083	338	8
1525599570	19964	63.564	12.077	338	3
1525599570	20005	63.563	12.127	338	17
1525599570	20090	63.563	12.077	338	14
1525599570	20135	63.563	12.127	338	7
1525599570	20227	63.563	12.121	338	9
1525599570	20182	63.563	12.166	338	9
1525599570	20272	63.563	12.127	338	9
1525599570	20358	63.563	12.127	338	18
1525599570	20404	63.563	12.083	338	9
1525599570	20511	63.563	12.133	338	13
1525599570	20560	63.563	12.184	338	1
1525599570	20613	63.679	12.273	338	20
1525599570	20659	63.679	12.279	338	9
1525599570	20709	63.679	12.279	338	9
1525599570	20764	63.679	12.184	338	5
1525599571	19892	63.92	11.729	338	3
1525599571	19932	63.92	11.774	338	3
1525599571	19972	63.92	11.768	338	9
1525599571	20013	63.92	11.723	338	9
1525599571	20098	63.92	11.678	338	12
1525599571	20142	63.92	11.723	338	3
1525599571	20193	63.92	11.723	338	9
1525599571	20236	63.92	11.723	338	12
1525599571	20279	63.921	11.673	338	21
1525599571	20330	63.921	11.673	338	8
1525599571	20520	63.921	11.628	338	9
1525599571	20366	64.037	11.667	338	4
1525599571	20416	64.037	11.667	338	13
1525599571	20570	64.038	11.678	338	5
1525599571	20625	64.04	11.678	338	1
1525599571	20673	64.04	11.684	338	10
1525599571	20719	64.04	11.735	338	1
1525599571	20773	64.04	11.818	338	7
1525599572	19981	63.574	12.45	338	1
1525599572	20020	63.574	12.456	338	11
1525599572	19938	63.574	12.412	338	21
1525599572	20110	63.574	12.462	338	1
1525599572	20064	63.574	12.462	338	3
1525599572	20153	63.574	12.456	338	1
1525599572	20201	63.574	12.462	338	1
1525599572	20243	63.574	12.456	338	3
1525599572	20289	63.574	12.456	338	21
1525599572	20336	63.574	12.456	338	8
1525599572	20425	63.574	12.367	338	25
1525599572	20483	63.574	12.412	338	9
1525599572	20380	63.574	12.367	338	3
1525599572	20578	63.574	12.418	338	12
1525599572	20531	63.574	12.374	338	3
1525599572	20681	63.691	12.405	338	6
1525599572	20633	63.691	12.405	338	5
1525599572	20735	63.691	12.355	338	7
1525599572	20785	63.691	12.405	338	7
1525599573	19908	63.931	11.851	338	7
1525599573	19949	63.931	11.851	338	3
1525599573	19989	63.931	11.806	338	1
1525599573	20028	63.931	11.818	338	10
1525599573	20119	63.931	11.857	338	7
1525599573	20165	63.931	11.857	338	8
1525599573	20251	63.931	11.907	338	13
1525599573	20299	63.931	11.863	338	7
1525599573	20210	63.931	11.863	338	1
1525599573	20388	63.931	11.907	338	1
1525599573	20436	63.931	11.907	338	9
1525599573	20344	63.931	11.863	338	21
1525599573	20493	63.931	11.913	338	1
1525599573	20590	64.048	12.008	338	1
1525599573	20540	64.046	11.863	338	17
1525599573	20640	64.048	12.059	338	3
1525599573	20692	64.048	12.059	338	21
1525599573	20744	64.048	12.065	338	3
1525599573	20795	64.048	12.204	338	9
1525599574	19916	63.574	12.752	338	17
1525599574	19956	63.574	12.702	338	8
1525599574	19996	63.574	12.79	338	17
1525599574	20037	63.573	12.708	338	17
1525599574	20080	63.573	12.708	338	17
1525599574	20125	63.573	12.702	338	20
1525599574	20174	63.573	12.746	338	1
1525599574	20260	63.573	12.746	338	12
1525599574	20217	63.573	12.746	338	13
1525599574	20310	63.573	12.746	338	1
1525599574	20351	63.573	12.746	338	1
1525599574	20397	63.573	12.746	338	3
1525599574	20502	63.573	12.752	338	8
1525599574	20446	63.573	12.79	338	3
1525599574	20553	63.688	12.746	338	5
1525599574	20701	63.688	12.601	338	3
1525599574	20648	63.688	12.557	338	7
1525599574	20802	63.811	12.462	338	17
1525599575	19964	63.928	11.762	338	3
1525599575	19884	63.928	11.762	338	5
1525599575	20045	63.928	11.762	338	8
1525599575	20005	63.929	11.762	338	17
1525599575	20090	63.929	11.812	338	14
1525599575	20135	63.929	11.812	338	7
1525599575	20227	63.929	11.812	338	9
1525599575	20182	63.929	11.768	338	9
1525599575	20272	63.929	11.812	338	9
1525599575	20358	63.929	11.812	338	18
1525599575	20404	63.929	11.8	338	9
1525599575	20511	63.929	11.851	338	13
1525599575	20560	63.929	11.946	338	1
1525599575	20709	64.047	12.014	338	9
1525599575	20659	64.046	11.958	338	9
1525599575	20613	64.028	11.964	338	20
1525599575	20764	64.047	12.153	338	5
1525599576	19932	63.579	12.418	338	3
1525599576	19972	63.579	12.424	338	9
1525599576	19892	63.579	12.462	338	3
1525599576	20013	63.579	12.468	338	9
1525599576	20098	63.579	12.519	338	12
1525599576	20142	63.579	12.468	338	3
1525599576	20236	63.579	12.468	338	12
1525599576	20193	63.579	12.462	338	9
1525599576	20279	63.579	12.513	338	21
1525599576	20330	63.579	12.519	338	6
1525599576	20520	63.579	12.519	338	9
1525599576	20366	63.693	12.519	338	4
1525599576	20570	63.695	12.468	338	5
1525599576	20416	63.69	12.519	338	13
1525599576	20673	63.695	12.462	338	10
1525599576	20625	63.695	12.506	338	1
1525599576	20719	63.695	12.5	338	1
1525599576	20773	63.812	12.412	338	7
1525599577	19981	63.933	11.768	338	1
1525599577	19938	63.933	11.762	338	21
1525599577	20020	63.933	11.768	338	11
1525599577	20064	63.933	11.717	338	3
1525599577	20110	63.933	11.711	338	1
1525599577	20153	63.933	11.756	338	1
1525599577	20201	63.933	11.8	338	1
1525599577	20243	63.933	11.806	338	3
1525599577	20289	63.933	11.8	338	21
1525599577	20336	63.933	11.806	338	8
1525599577	20425	63.929	11.845	338	25
1525599577	20380	63.929	11.839	338	3
1525599577	20578	63.929	11.699	338	12
1525599577	20483	63.933	11.851	338	9
1525599577	20531	63.929	11.788	338	3
1525599577	20681	64.046	11.845	338	6
1525599577	20633	64.046	11.845	338	5
1525599577	20735	64.046	11.756	338	7
1525599577	20785	64.046	11.744	338	7
1525599578	19949	63.565	12.33	338	3
1525599578	19908	63.565	12.33	338	7
1525599578	19989	63.565	12.33	338	1
1525599578	20028	63.565	12.324	338	10
1525599578	20119	63.565	12.33	338	7
1525599578	20165	63.565	12.368	338	4
1525599578	20251	63.565	12.318	338	13
1525599578	20299	63.565	12.324	338	8
1525599578	20210	63.565	12.318	338	1
1525599578	20388	63.565	12.318	338	1
1525599578	20436	63.565	12.318	338	9
1525599578	20493	63.565	12.261	338	1
1525599578	20344	63.565	12.318	338	21
1525599578	20540	63.565	12.312	338	17
1525599578	20590	63.68	12.267	338	1
1525599578	20640	63.68	12.255	338	3
1525599578	20692	63.68	12.255	338	21
1525599578	20744	63.68	12.205	338	3
1525599578	20795	63.804	12.117	338	9
1525599579	19916	63.922	11.569	338	17
1525599579	19996	63.922	11.525	338	17
1525599579	19956	63.922	11.62	338	8
1525599579	20037	63.922	11.614	338	17
1525599579	20080	63.922	11.614	338	17
1525599579	20125	63.922	11.62	338	20
1525599579	20174	63.922	11.575	338	1
1525599579	20217	63.922	11.62	338	13
1525599579	20260	63.922	11.62	338	12
1525599579	20310	63.922	11.581	338	1
1525599579	20351	63.922	11.581	338	1
1525599579	20397	63.922	11.575	338	3
1525599579	20502	63.922	11.525	338	8
1525599579	20446	63.922	11.602	338	3
1525599579	20553	64.033	11.558	338	5
1525599579	20648	64.042	11.72	338	7
1525599579	20701	64.042	11.72	338	3
1525599579	20802	64.042	11.859	338	17
1525599580	19884	63.577	12.563	338	5
1525599580	19964	63.577	12.651	338	3
1525599580	20045	63.577	12.607	338	8
1525599580	20005	63.577	12.557	338	17
1525599580	20090	63.577	12.557	338	14
1525599580	20135	63.577	12.506	338	7
1525599580	20182	63.577	12.513	338	9
1525599580	20227	63.577	12.469	338	10
1525599580	20272	63.577	12.513	338	9
1525599580	20358	63.577	12.557	338	18
1525599580	20404	63.577	12.563	338	9
1525599580	20511	63.577	12.475	338	13
1525599580	20560	63.683	12.274	338	1
1525599580	20613	63.695	12.161	338	20
1525599580	20659	63.695	12.117	338	9
1525599580	20709	63.695	12.155	338	9
1525599580	20764	63.81	11.978	338	5
1525599581	19892	63.934	11.335	338	3
1525599581	20013	63.934	11.329	338	9
1525599581	19932	63.934	11.285	338	3
1525599581	19972	63.934	11.368	338	11
1525599581	20142	63.934	11.374	338	3
1525599581	20193	63.934	11.374	338	1
1525599581	20098	63.934	11.329	338	12
1525599581	20236	63.934	11.374	338	12
1525599581	20279	63.934	11.324	338	21
1525599581	20330	63.934	11.279	338	5
1525599581	20520	63.934	11.273	338	1
1525599581	20416	64.053	11.318	338	13
1525599581	20366	64.053	11.318	338	4
1525599581	20570	64.054	11.368	338	1
1525599581	20625	64.054	11.329	338	1
1525599581	20673	64.054	11.368	338	3
1525599581	20719	64.054	11.43	338	1
1525599581	20773	64.054	11.43	338	7
1525599582	19981	63.565	11.883	338	1
1525599582	19938	63.565	11.883	338	21
1525599582	20020	63.565	11.883	338	11
1525599582	20064	63.565	11.928	338	3
1525599582	20110	63.565	11.934	338	1
1525599582	20201	63.565	11.845	338	1
1525599582	20153	63.565	11.889	338	1
1525599582	20289	63.565	11.8	338	21
1525599582	20243	63.565	11.794	338	3
1525599582	20336	63.565	11.839	338	8
1525599582	20483	63.565	11.845	338	1
1525599582	20380	63.565	11.851	338	3
1525599582	20425	63.565	11.845	338	25
1525599582	20578	63.567	11.94	338	12
1525599582	20531	63.601	11.857	338	3
1525599582	20681	63.682	11.851	338	2
1525599582	20633	63.682	11.806	338	5
1525599582	20735	63.682	11.744	338	8
1525599582	20785	63.682	11.75	338	6
1525599583	19949	63.936	11.375	338	3
1525599583	19989	63.936	11.465	338	1
1525599583	19908	63.936	11.42	338	7
1525599583	20028	63.936	11.42	338	1
1525599583	20119	63.936	11.465	338	1
1525599583	20165	63.936	11.47	338	4
1525599583	20251	63.936	11.47	338	13
1525599583	20299	63.936	11.47	338	10
1525599583	20210	63.936	11.515	338	1
1525599583	20388	63.936	11.47	338	1
1525599583	20344	63.936	11.465	338	21
1525599583	20436	63.936	11.42	338	1
1525599583	20493	63.936	11.431	338	1
1525599583	20540	64.053	11.476	338	17
1525599583	20590	64.056	11.56	338	1
1525599583	20640	64.056	11.572	338	3
1525599583	20692	64.056	11.572	338	21
1525599583	20744	64.056	11.622	338	3
1525599583	20795	64.056	11.667	338	9
1525599584	19956	63.586	12.393	338	1
1525599584	19996	63.586	12.355	338	17
1525599584	20037	63.586	12.349	338	17
1525599584	20080	63.586	12.349	338	17
1525599584	19916	63.586	12.399	338	17
1525599584	20125	63.586	12.399	338	20
1525599584	20174	63.586	12.443	338	1
1525599584	20260	63.586	12.399	338	12
1525599584	20217	63.586	12.393	338	13
1525599584	20310	63.586	12.431	338	1
1525599584	20351	63.586	12.431	338	1
1525599584	20397	63.586	12.393	338	3
1525599584	20502	63.586	12.437	338	8
1525599584	20446	63.586	12.361	338	3
1525599584	20553	63.586	12.355	338	5
1525599584	20701	63.702	12.336	338	3
1525599584	20648	63.702	12.336	338	7
1525599584	20802	63.702	12.185	338	17
1525599585	19884	63.939	11.821	338	5
1525599585	19964	63.939	11.732	338	3
1525599585	20045	63.939	11.726	338	1
1525599585	20005	63.939	11.782	338	17
1525599585	20090	63.939	11.777	338	1
1525599585	20135	63.939	11.777	338	7
1525599585	20227	63.939	11.777	338	13
1525599585	20182	63.939	11.732	338	9
1525599585	20272	63.939	11.732	338	9
1525599585	20358	63.939	11.682	338	18
1525599585	20404	63.939	11.732	338	9
1525599585	20511	63.939	11.726	338	13
1525599585	20560	64.057	11.827	338	1
1525599585	20613	64.058	11.839	338	20
1525599585	20659	64.058	11.883	338	9
1525599585	20709	64.058	11.845	338	1
1525599585	20764	64.058	11.928	338	5
1525599586	19932	63.591	12.694	338	1
1525599586	19972	63.591	12.613	338	14
1525599586	19892	63.591	12.688	338	3
1525599586	20013	63.591	12.694	338	9
1525599586	20098	63.591	12.638	338	12
1525599586	20142	63.591	12.6	338	3
1525599586	20193	63.591	12.6	338	1
1525599586	20236	63.591	12.638	338	12
1525599586	20279	63.591	12.644	338	21
1525599586	20330	63.591	12.638	338	5
1525599586	20520	63.591	12.638	338	1
1525599586	20366	63.7	12.55	338	4
1525599586	20416	63.697	12.55	338	13
1525599586	20570	63.706	12.544	338	1
1525599586	20625	63.706	12.494	338	1
1525599586	20673	63.706	12.45	338	7
1525599586	20719	63.706	12.349	338	1
1525599586	20773	63.824	12.349	338	11
1525599587	19981	63.943	11.853	338	1
1525599587	19938	63.943	11.859	338	21
1525599587	20020	63.943	11.853	338	11
1525599587	20110	63.943	11.898	338	1
1525599587	20064	63.943	11.898	338	1
1525599587	20201	63.943	11.992	338	1
1525599587	20153	63.943	11.904	338	1
1525599587	20243	63.943	11.992	338	3
1525599587	20289	63.943	11.986	338	21
1525599587	20336	63.943	11.948	338	8
1525599587	20483	63.943	11.942	338	1
1525599587	20425	63.943	11.992	338	25
1525599587	20380	63.943	12.03	338	3
1525599587	20578	63.943	11.942	338	12
1525599587	20531	64.054	11.942	338	1
1525599587	20633	64.062	11.986	338	5
1525599587	20681	64.062	11.942	338	3
1525599587	20735	64.057	12.136	338	10
1525599587	20785	64.057	12.086	338	6
1525599588	19908	63.593	12.469	338	7
1525599588	19949	63.593	12.469	338	3
1525599588	19989	63.593	12.425	338	1
1525599588	20028	63.593	12.425	338	6
1525599588	20119	63.593	12.381	338	1
1525599588	20165	63.593	12.375	338	4
1525599588	20251	63.593	12.331	338	13
1525599588	20299	63.593	12.375	338	11
1525599588	20210	63.593	12.337	338	1
1525599588	20344	63.593	12.337	338	21
1525599588	20388	63.593	12.337	338	1
1525599588	20436	63.593	12.419	338	1
1525599588	20493	63.593	12.419	338	1
1525599588	20540	63.704	12.331	338	17
1525599588	20590	63.709	12.243	338	1
1525599588	20640	63.709	12.193	338	3
1525599588	20692	63.709	12.193	338	21
1525599588	20744	63.709	12.18	338	3
1525599588	20795	63.709	12.142	338	9
1525599589	19916	63.943	11.847	338	17
1525599589	19956	63.943	11.803	338	3
1525599589	19996	63.943	11.803	338	17
1525599589	20080	63.943	11.892	338	17
1525599589	20037	63.943	11.898	338	17
1525599589	20125	63.943	11.841	338	19
1525599589	20174	63.943	11.841	338	1
1525599589	20260	63.943	11.886	338	12
1525599589	20217	63.943	11.892	338	13
1525599589	20310	63.943	11.853	338	1
1525599589	20351	63.943	11.847	338	1
1525599589	20446	63.943	11.853	338	3
1525599589	20502	63.943	11.847	338	8
1525599589	20553	64.062	11.948	338	5
1525599589	20397	63.943	11.892	338	3
1525599589	20648	64.063	12.03	338	7
1525599589	20701	64.063	11.954	338	1
1525599589	20802	64.063	12.104	338	17
1525599590	19884	63.573	12.5	338	5
1525599590	19964	63.573	12.544	338	3
1525599590	20045	63.573	12.55	338	3
1525599590	20005	63.573	12.494	338	14
1525599590	20090	63.573	12.456	338	10
1525599590	20135	63.573	12.5	338	7
1525599590	20182	63.573	12.544	338	9
1525599590	20227	63.573	12.5	338	13
1525599590	20272	63.574	12.538	338	9
1525599590	20358	63.574	12.638	338	18
1525599590	20404	63.574	12.638	338	9
1525599590	20511	63.574	12.682	338	13
1525599590	20560	63.574	12.694	338	1
1525599590	20613	63.678	12.788	338	19
1525599590	20659	63.687	12.788	338	9
1525599590	20709	63.687	12.776	338	1
1525599590	20764	63.687	12.688	338	5
1525599591	19892	63.93	12.117	338	3
1525599591	19932	63.93	12.161	338	1
1525599591	19972	63.93	12.161	338	14
1525599591	20013	63.932	12.117	338	9
1525599591	20098	63.932	12.123	338	12
1525599591	20142	63.932	12.117	338	3
1525599591	20193	63.932	12.123	338	6
1525599591	20236	63.932	12.123	338	12
1525599591	20279	63.932	12.079	338	21
1525599591	20330	63.932	12.129	338	5
1525599591	20520	63.932	12.173	338	1
1525599591	20416	64.046	12.267	338	13
1525599591	20366	64.046	12.267	338	4
1525599591	20570	64.049	12.274	338	1
1525599591	20625	64.05	12.374	338	1
1525599591	20673	64.05	12.374	338	15
1525599591	20719	64.05	12.425	338	1
1525599591	20773	64.052	12.475	338	11
1525599592	19938	63.584	12.802	338	21
1525599592	20020	63.584	12.758	338	11
1525599592	19981	63.584	12.809	338	1
1525599592	20064	63.584	12.765	338	1
1525599592	20110	63.584	12.765	338	1
1525599592	20153	63.584	12.758	338	1
1525599592	20201	63.584	12.664	338	1
1525599592	20289	63.584	12.758	338	21
1525599592	20243	63.584	12.758	338	3
1525599592	20336	63.584	12.714	338	8
1525599592	20483	63.584	12.714	338	1
1525599592	20425	63.584	12.708	338	25
1525599592	20380	63.584	12.62	338	1
1525599592	20578	63.584	12.714	338	12
1525599592	20531	63.646	12.714	338	1
1525599592	20633	63.702	12.658	338	5
1525599592	20681	63.702	12.658	338	8
1525599592	20735	63.702	12.519	338	12
1525599592	20785	63.804	12.519	338	6
1525599593	19949	63.943	11.875	338	3
1525599593	19908	63.943	11.83	338	7
1525599593	19989	63.943	11.875	338	1
1525599593	20028	63.943	11.976	338	17
1525599593	20119	63.943	11.931	338	1
1525599593	20165	63.943	11.982	338	4
1525599593	20251	63.943	12.026	338	13
1525599593	20299	63.943	12.026	338	11
1525599593	20210	63.943	12.065	338	1
1525599593	20388	63.943	12.077	338	1
1525599593	20344	63.943	12.077	338	17
1525599593	20436	63.943	12.032	338	4
1525599593	20493	63.943	12.032	338	1
1525599593	20540	63.991	12.071	338	17
1525599593	20590	64.063	12.077	338	1
1525599593	20640	64.063	12.172	338	3
1525599593	20692	64.063	12.166	338	21
1525599593	20744	64.063	12.228	338	3
1525599593	20795	64.063	12.311	338	9
1525599594	19916	63.59	12.557	338	17
1525599594	19956	63.59	12.557	338	13
1525599594	19996	63.59	12.557	338	17
1525599594	20037	63.59	12.513	338	17
1525599594	20080	63.59	12.513	338	17
1525599594	20125	63.59	12.563	338	16
1525599594	20174	63.59	12.513	338	1
1525599594	20260	63.59	12.468	338	12
1525599594	20217	63.59	12.468	338	13
1525599594	20310	63.59	12.462	338	1
1525599594	20351	63.59	12.513	338	1
1525599594	20397	63.59	12.513	338	3
1525599594	20502	63.59	12.519	338	8
1525599594	20446	63.59	12.513	338	3
1525599594	20553	63.692	12.462	338	5
1525599594	20701	63.704	12.367	338	1
1525599594	20648	63.704	12.329	338	7
1525599594	20802	63.828	12.222	338	17
1525599595	19884	63.943	11.527	338	5
1525599595	20045	63.943	11.527	338	11
1525599595	19964	63.943	11.482	338	3
1525599595	20005	63.943	11.488	338	11
1525599595	20090	63.943	11.577	338	19
1525599595	20135	63.943	11.628	338	7
1525599595	20182	63.943	11.628	338	9
1525599595	20227	63.943	11.634	338	13
1525599595	20272	63.943	11.634	338	9
1525599595	20358	63.943	11.538	338	18
1525599595	20404	63.943	11.494	338	9
1525599595	20511	63.943	11.449	338	12
1525599595	20560	63.943	11.381	338	1
1525599595	20613	64.06	11.33	338	16
1525599595	20659	64.06	11.336	338	8
1525599595	20709	64.06	11.348	338	2
1525599595	20764	64.061	11.392	338	5
1525599596	19892	63.598	11.803	338	3
1525599596	20013	63.598	11.842	338	7
1525599596	19932	63.598	11.797	338	1
1525599596	19972	63.598	11.887	338	14
1525599596	20098	63.598	11.893	338	12
1525599596	20142	63.598	11.893	338	3
1525599596	20193	63.598	11.893	338	11
1525599596	20236	63.598	11.848	338	12
1525599596	20279	63.598	11.887	338	21
1525599596	20330	63.598	11.836	338	5
1525599596	20520	63.598	11.747	338	4
1525599596	20366	63.709	11.747	338	4
1525599596	20416	63.709	11.747	338	13
1525599596	20570	63.709	11.696	338	1
1525599596	20625	63.709	11.589	338	1
1525599596	20673	63.709	11.595	338	18
1525599596	20719	63.709	11.628	338	1
1525599596	20773	63.828	11.622	338	11
1525599597	19981	63.953	11.049	338	1
1525599597	19938	63.953	11.049	338	21
1525599597	20020	63.953	11.1	338	10
1525599597	20064	63.953	11.005	338	1
1525599597	20110	63.953	11.005	338	1
1525599597	20153	63.953	11.055	338	1
1525599597	20201	63.953	11.106	338	1
1525599597	20243	63.953	11.066	338	3
1525599597	20289	63.953	11.066	338	20
1525599597	20336	63.953	11.1	338	8
1525599597	20380	63.953	11.117	338	1
1525599597	20425	63.953	11.111	338	25
1525599597	20483	63.953	11.111	338	12
1525599597	20578	63.953	11.111	338	12
1525599597	20531	64.056	11.15	338	1
1525599597	20681	64.073	11.167	338	10
1525599597	20633	64.073	11.212	338	5
1525599597	20735	64.073	11.307	338	12
1525599597	20785	64.073	11.313	338	6
1525599598	19908	63.593	12.04	338	6
1525599598	19949	63.593	11.996	338	3
1525599598	19989	63.593	11.996	338	1
1525599598	20028	63.593	11.889	338	17
1525599598	20119	63.593	11.889	338	9
1525599598	20165	63.593	11.839	338	4
1525599598	20251	63.593	11.883	338	11
1525599598	20299	63.593	11.794	338	11
1525599598	20210	63.593	11.8	338	1
1525599598	20344	63.593	11.833	338	16
1525599598	20436	63.593	11.794	338	10
1525599598	20388	63.593	11.782	338	1
1525599598	20493	63.587	11.839	338	1
1525599598	20540	63.695	11.794	338	17
1525599598	20590	63.701	11.788	338	1
1525599598	20640	63.701	11.694	338	3
1525599598	20692	63.701	11.694	338	21
1525599598	20744	63.701	11.599	338	3
1525599598	20795	63.824	11.504	338	9
1525599599	19916	63.942	11.01	338	17
1525599599	19956	63.942	11.01	338	13
1525599599	19996	63.942	11.01	338	17
1525599599	20037	63.942	11.005	338	16
1525599599	20080	63.942	11.01	338	17
1525599599	20125	63.942	10.954	338	15
1525599599	20174	63.942	10.96	338	1
1525599599	20260	63.942	10.965	338	11
1525599599	20217	63.942	10.965	338	13
1525599599	20310	63.942	11.01	338	1
1525599599	20351	63.942	10.965	338	1
1525599599	20397	63.942	10.926	338	3
1525599599	20446	63.942	10.96	338	3
1525599599	20502	63.942	10.96	338	8
1525599599	20553	63.942	10.965	338	5
1525599599	20701	64.062	11.055	338	1
1525599599	20648	64.062	11.016	338	7
1525599599	20802	64.062	11.156	338	16
1525599600	19884	63.6	11.958	338	5
1525599600	19964	63.6	12.008	338	3
1525599600	20045	63.6	12.002	338	13
1525599600	20090	63.602	11.952	338	21
1525599600	20005	63.602	12.002	338	11
1525599600	20135	63.602	11.901	338	7
1525599600	20227	63.602	11.901	338	13
1525599600	20182	63.602	11.901	338	9
1525599600	20272	63.602	11.901	338	9
1525599600	20358	63.602	11.901	338	18
1525599600	20404	63.602	11.907	338	9
1525599600	20511	63.602	11.952	338	10
1525599600	20560	63.715	11.913	338	1
1525599600	20613	63.715	11.806	338	15
1525599600	20659	63.715	11.851	338	8
1525599600	20709	63.715	11.8	338	8
1525599600	20764	63.834	11.8	338	5
1525599601	19892	63.958	11.335	338	3
1525599601	19932	63.958	11.385	338	1
1525599601	19972	63.958	11.296	338	14
1525599601	20013	63.958	11.341	338	7
1525599601	20098	63.958	11.335	338	12
1525599601	20142	63.958	11.341	338	3
1525599601	20193	63.958	11.335	338	17
1525599601	20236	63.958	11.341	338	12
1525599601	20279	63.958	11.391	338	21
1525599601	20330	63.958	11.397	338	5
1525599601	20520	63.958	11.442	338	14
1525599601	20366	64.073	11.436	338	4
1525599601	20570	64.076	11.486	338	3
1525599601	20416	64.072	11.436	338	13
1525599601	20673	64.076	11.626	338	18
1525599601	20625	64.076	11.587	338	1
1525599601	20719	64.076	11.593	338	1
1525599601	20773	64.076	11.599	338	11
1525599602	20020	63.592	12.286	338	10
1525599602	19938	63.592	12.336	338	19
1525599602	20064	63.592	12.374	338	1
1525599602	19981	63.592	12.286	338	1
1525599602	20110	63.592	12.374	338	1
1525599602	20153	63.592	12.33	338	1
1525599602	20201	63.592	12.286	338	1
1525599602	20289	63.592	12.28	338	19
1525599602	20243	63.592	12.28	338	3
1525599602	20336	63.592	12.286	338	6
1525599602	20380	63.592	12.274	338	1
1525599602	20483	63.592	12.274	338	15
1525599602	20578	63.592	12.236	338	12
1525599602	20425	63.592	12.236	338	23
1525599602	20531	63.592	12.286	338	1
1525599602	20633	63.706	12.236	338	5
1525599602	20681	63.706	12.324	338	10
1525599602	20735	63.706	12.141	338	12
1525599602	20785	63.793	12.185	338	6
1525599603	19949	63.95	11.263	338	3
1525599603	19908	63.95	11.257	338	5
1525599603	19989	63.95	11.263	338	1
1525599603	20028	63.95	11.358	338	17
1525599603	20119	63.95	11.358	338	14
1525599603	20165	63.95	11.358	338	4
1525599603	20251	63.95	11.358	338	10
1525599603	20299	63.95	11.403	338	11
1525599603	20210	63.95	11.358	338	1
1525599603	20388	63.95	11.364	338	1
1525599603	20436	63.95	11.358	338	17
1525599603	20344	63.95	11.313	338	15
1525599603	20493	63.95	11.313	338	1
1525599603	20540	64.067	11.408	338	17
1525599603	20590	64.068	11.414	338	1
1525599603	20640	64.068	11.509	338	3
1525599603	20692	64.068	11.509	338	21
1525599603	20744	64.07	11.509	338	3
1525599603	20795	64.07	11.604	338	9
1525599604	19916	63.6	12.229	338	16
1525599604	19996	63.6	12.229	338	16
1525599604	20037	63.6	12.28	338	13
1525599604	19956	63.6	12.229	338	13
1525599604	20080	63.6	12.28	338	15
1525599604	20125	63.6	12.236	338	15
1525599604	20174	63.6	12.28	338	1
1525599604	20260	63.6	12.274	338	9
1525599604	20217	63.6	12.274	338	13
1525599604	20310	63.6	12.274	338	1
1525599604	20351	63.6	12.274	338	1
1525599604	20397	63.6	12.267	338	3
1525599604	20502	63.6	12.318	338	8
1525599604	20446	63.6	12.318	338	3
1525599604	20553	63.709	12.362	338	5
1525599604	20648	63.716	12.318	338	7
1525599604	20701	63.716	12.318	338	1
1525599604	20802	63.834	12.223	338	14
1525599605	19884	63.958	11.43	338	5
1525599605	19964	63.958	11.424	338	3
1525599605	20045	63.958	11.43	338	13
1525599605	20005	63.958	11.475	338	11
1525599605	20090	63.958	11.519	338	21
1525599605	20135	63.958	11.48	338	7
1525599605	20227	63.958	11.475	338	13
1525599605	20182	63.958	11.48	338	9
1525599605	20272	63.958	11.48	338	9
1525599605	20358	63.958	11.475	338	18
1525599605	20404	63.958	11.513	338	9
1525599605	20560	63.958	11.67	338	1
1525599605	20511	63.958	11.519	338	10
1525599605	20613	64.077	11.871	338	15
1525599605	20659	64.077	11.827	338	8
1525599605	20709	64.077	11.877	338	17
1525599605	20764	64.077	11.922	338	5
1525599606	19932	63.594	12.418	338	5
1525599606	20013	63.594	12.425	338	7
1525599606	19972	63.594	12.418	338	14
1525599606	19892	63.594	12.469	338	3
1525599606	20098	63.593	12.431	338	12
1525599606	20142	63.593	12.425	338	3
1525599606	20193	63.593	12.431	338	17
1525599606	20236	63.593	12.418	338	12
1525599606	20279	63.593	12.374	338	20
1525599606	20330	63.593	12.418	338	5
1525599606	20520	63.593	12.374	338	17
1525599606	20416	63.665	12.374	338	13
1525599606	20366	63.678	12.374	338	4
1525599606	20570	63.709	12.33	338	9
1525599606	20625	63.709	12.229	338	1
1525599606	20673	63.709	12.236	338	18
1525599606	20719	63.709	12.179	338	1
1525599606	20773	63.827	12.129	338	11
1525599607	19938	63.953	12.016	338	17
1525599607	19981	63.953	12.066	338	1
1525599607	20020	63.953	12.066	338	10
1525599607	20064	63.953	12.022	338	1
1525599607	20110	63.953	12.022	338	1
1525599607	20153	63.953	11.978	338	1
1525599607	20201	63.953	12.066	338	1
1525599607	20243	63.953	12.066	338	3
1525599607	20289	63.953	12.066	338	18
1525599607	20336	63.953	12.022	338	6
1525599607	20380	63.953	12.022	338	1
1525599607	20483	63.953	12.022	338	17
1525599607	20425	63.953	12.022	338	20
1525599607	20531	64.066	12.022	338	1
1525599607	20578	63.956	12.111	338	12
1525599607	20681	64.07	12.066	338	10
1525599607	20633	64.07	12.066	338	5
1525599607	20735	64.07	12.205	338	12
1525599607	20785	64.072	12.255	338	6
1525599608	19908	63.606	12.939	338	5
1525599608	19949	63.606	12.926	338	3
1525599608	19989	63.605	12.932	338	1
1525599608	20028	63.605	12.932	338	17
1525599608	20119	63.605	12.932	338	13
1525599608	20165	63.605	12.939	338	4
1525599608	20251	63.605	12.939	338	10
1525599608	20299	63.605	12.932	338	11
1525599608	20210	63.605	12.926	338	1
1525599608	20388	63.605	12.932	338	1
1525599608	20344	63.605	12.932	338	15
1525599608	20436	63.605	12.932	338	17
1525599608	20493	63.605	13.013	338	1
1525599608	20540	63.605	12.926	338	17
1525599608	20590	63.722	12.919	338	1
1525599608	20640	63.722	12.869	338	3
1525599608	20692	63.722	12.869	338	20
1525599608	20744	63.715	12.826	338	3
1525599608	20795	63.832	12.738	338	9
1525599609	19916	63.958	12.104	338	16
1525599609	19956	63.958	12.111	338	13
1525599609	19996	63.958	12.193	338	16
1525599609	20037	63.958	12.104	338	13
1525599609	20080	63.958	12.104	338	12
1525599609	20125	63.958	12.199	338	15
1525599609	20174	63.958	12.104	338	1
1525599609	20260	63.958	12.111	338	9
1525599609	20217	63.958	12.104	338	13
1525599609	20310	63.958	12.111	338	1
1525599609	20397	63.958	12.161	338	3
1525599609	20351	63.958	12.155	338	1
1525599609	20446	63.958	12.117	338	3
1525599609	20502	63.958	12.117	338	8
1525599609	20553	64.073	12.123	338	5
1525599609	20701	64.078	12.173	338	1
1525599609	20648	64.078	12.173	338	6
1525599609	20802	64.078	12.362	338	13
1525599610	19884	63.594	13.096	338	5
1525599610	19964	63.594	13.052	338	3
1525599610	20045	63.594	13.046	338	13
1525599610	20005	63.593	13.046	338	10
1525599610	20090	63.593	13.052	338	21
1525599610	20135	63.593	13.002	338	7
1525599610	20227	63.593	13.046	338	13
1525599610	20182	63.593	13.046	338	9
1525599610	20272	63.593	12.995	338	9
1525599610	20358	63.593	13.002	338	18
1525599610	20404	63.593	13.046	338	9
1525599610	20511	63.593	13.002	338	9
1525599610	20560	63.708	12.889	338	1
1525599610	20613	63.708	12.745	338	15
1525599610	20659	63.708	12.738	338	6
1525599610	20709	63.708	12.688	338	17
1525599610	20764	63.837	12.651	338	5
1525599611	19972	63.955	12.054	338	14
1525599611	19892	63.955	12.092	338	3
1525599611	20013	63.954	12.092	338	6
1525599611	19932	63.955	12.054	338	5
1525599611	20098	63.954	12.092	338	12
1525599611	20142	63.954	12.092	338	3
1525599611	20193	63.954	12.092	338	17
1525599611	20236	63.954	12.149	338	12
1525599611	20279	63.954	12.193	338	17
1525599611	20330	63.954	12.142	338	5
1525599611	20520	63.958	12.275	338	17
1525599611	20416	63.958	12.193	338	13
1525599611	20366	63.958	12.193	338	4
1525599611	20570	64.069	12.18	338	9
1525599611	20673	64.078	12.375	338	18
1525599611	20625	64.078	12.331	338	1
1525599611	20719	64.078	12.431	338	1
1525599611	20773	64.078	12.393	338	11
1525599612	19938	63.599	12.575	338	12
1525599612	19981	63.599	12.525	338	1
1525599612	20020	63.599	12.525	338	10
1525599612	20064	63.599	12.531	338	1
1525599612	20110	63.599	12.525	338	1
1525599612	20153	63.599	12.563	338	1
1525599612	20201	63.599	12.519	338	1
1525599612	20289	63.599	12.475	338	15
1525599612	20243	63.599	12.475	338	3
1525599612	20336	63.601	12.519	338	6
1525599612	20531	63.601	12.475	338	1
1525599612	20380	63.601	12.481	338	1
1525599612	20425	63.601	12.519	338	16
1525599612	20483	63.601	12.563	338	17
1525599612	20578	63.601	12.475	338	12
1525599612	20681	63.698	12.588	338	10
1525599612	20633	63.716	12.682	338	5
1525599612	20735	63.716	12.588	338	12
1525599612	20785	63.716	12.487	338	6
1525599613	19949	63.961	12.198	338	3
1525599613	19908	63.961	12.147	338	5
1525599613	19989	63.961	12.191	338	1
1525599613	20119	63.961	12.191	338	13
1525599613	20028	63.961	12.191	338	17
1525599613	20165	63.961	12.141	338	4
1525599613	20251	63.961	12.141	338	10
1525599613	20299	63.961	12.191	338	11
1525599613	20210	63.961	12.191	338	1
1525599613	20436	63.961	12.185	338	17
1525599613	20388	63.961	12.185	338	1
1525599613	20344	63.961	12.191	338	13
1525599613	20493	63.961	12.191	338	1
1525599613	20540	64.067	12.147	338	15
1525599613	20590	64.081	12.153	338	1
1525599613	20692	64.081	12.204	338	13
1525599613	20640	64.081	12.204	338	3
1525599613	20744	64.081	12.298	338	3
1525599613	20795	64.083	12.343	338	9
1525599614	19916	63.6	12.727	338	15
1525599614	19956	63.6	12.727	338	13
1525599614	19996	63.6	12.69	338	15
1525599614	20037	63.6	12.734	338	12
1525599614	20080	63.6	12.778	338	10
1525599614	20125	63.6	12.683	338	13
1525599614	20174	63.6	12.734	338	1
1525599614	20260	63.6	12.771	338	9
1525599614	20217	63.6	12.778	338	13
1525599614	20310	63.6	12.734	338	1
1525599614	20351	63.6	12.771	338	1
1525599614	20397	63.6	12.809	338	3
1525599614	20446	63.6	12.721	338	3
1525599614	20502	63.6	12.721	338	8
1525599614	20553	63.6	12.758	338	5
1525599614	20701	63.715	12.658	338	1
1525599614	20648	63.715	12.658	338	6
1525599614	20802	63.844	12.519	338	13
1525599615	20045	63.963	11.982	338	13
1525599615	19964	63.963	11.982	338	3
1525599615	19884	63.963	11.982	338	5
1525599615	20005	63.963	12.032	338	10
1525599615	20090	63.963	11.988	338	21
1525599615	20135	63.963	12.127	338	7
1525599615	20227	63.963	12.089	338	13
1525599615	20182	63.963	12.083	338	9
1525599615	20272	63.963	12.133	338	9
1525599615	20358	63.963	12.178	338	18
1525599615	20404	63.963	12.127	338	9
1525599615	20511	63.963	12.077	338	9
1525599615	20560	63.963	12.038	338	1
1525599615	20613	64.081	12.133	338	15
1525599615	20659	64.081	12.133	338	6
1525599615	20709	64.081	12.228	338	17
1525599615	20764	64.081	12.317	338	5
1525599616	19932	63.608	13.011	338	5
1525599616	19892	63.608	12.967	338	3
1525599616	19972	63.608	13.048	338	14
1525599616	20013	63.608	12.967	338	6
1525599616	20142	63.608	13.068	338	3
1525599616	20279	63.608	13.068	338	14
1525599616	20193	63.608	13.061	338	17
1525599616	20236	63.608	13.061	338	12
1525599616	20098	63.608	13.061	338	12
1525599616	20330	63.608	13.169	338	5
1525599616	20366	63.715	13.256	338	4
1525599616	20520	63.608	13.212	338	17
1525599616	20416	63.613	13.212	338	12
1525599616	20570	63.724	13.263	338	9
1525599616	20625	63.724	13.219	338	1
1525599616	20673	63.724	13.169	338	18
1525599616	20719	63.724	13.068	338	1
1525599616	20773	63.724	13.105	338	11
1525599617	19938	63.963	12.588	338	12
1525599617	20110	63.963	12.638	338	1
1525599617	19981	63.963	12.682	338	1
1525599617	20064	63.963	12.632	338	1
1525599617	20020	63.963	12.638	338	10
1525599617	20153	63.963	12.638	338	1
1525599617	20201	63.963	12.601	338	1
1525599617	20289	63.963	12.682	338	14
1525599617	20243	63.963	12.682	338	3
1525599617	20336	63.963	12.638	338	6
1525599617	20380	63.963	12.77	338	1
1525599617	20425	63.963	12.77	338	16
1525599617	20483	63.963	12.726	338	17
1525599617	20531	63.963	12.733	338	1
1525599617	20578	63.963	12.733	338	12
1525599617	20681	64.081	12.619	338	10
1525599617	20735	64.083	12.67	338	12
1525599617	20633	64.081	12.619	338	5
1525599617	20785	64.083	12.726	338	6
1525599618	19908	63.606	13.159	338	5
1525599618	19989	63.606	13.203	338	1
1525599618	19949	63.606	13.203	338	3
1525599618	20119	63.606	13.166	338	13
1525599618	20028	63.606	13.159	338	17
1525599618	20165	63.619	13.166	338	4
1525599618	20251	63.619	13.209	338	10
1525599618	20299	63.619	13.122	338	11
1525599618	20210	63.619	13.116	338	1
1525599618	20388	63.619	13.166	338	1
1525599618	20344	63.619	13.159	338	13
1525599618	20436	63.619	13.166	338	17
1525599618	20493	63.619	13.122	338	1
1525599618	20540	63.725	13.159	338	14
1525599618	20590	63.734	13.153	338	1
1525599618	20640	63.734	13.102	338	3
1525599618	20692	63.734	13.109	338	12
1525599618	20744	63.734	13.139	338	3
1525599618	20795	63.862	13.096	338	9
1525599619	19916	63.974	12.806	338	15
1525599619	19996	63.974	12.8	338	15
1525599619	19956	63.974	12.806	338	13
1525599619	20037	63.974	12.713	338	12
1525599619	20080	63.974	12.669	338	10
1525599619	20125	63.974	12.713	338	13
1525599619	20260	63.974	12.713	338	9
1525599619	20174	63.974	12.713	338	1
1525599619	20217	63.974	12.713	338	13
1525599619	20310	63.974	12.756	338	1
1525599619	20351	63.974	12.625	338	1
1525599619	20397	63.974	12.625	338	3
1525599619	20502	63.974	12.713	338	8
1525599619	20446	63.974	12.713	338	3
1525599619	20553	63.974	12.625	338	5
1525599619	20648	64.092	12.725	338	6
1525599619	20701	64.092	12.725	338	1
1525599619	20802	64.092	12.813	338	13
1525599620	19884	63.622	13.293	338	4
1525599620	19964	63.621	13.293	338	3
1525599620	20045	63.621	13.343	338	13
1525599620	20005	63.621	13.293	338	10
1525599620	20090	63.621	13.293	338	21
1525599620	20135	63.621	13.25	338	7
1525599620	20227	63.621	13.28	338	13
1525599620	20182	63.621	13.287	338	7
1525599620	20272	63.621	13.287	338	9
1525599620	20358	63.621	13.3	338	17
1525599620	20511	63.621	13.4	338	9
1525599620	20404	63.621	13.263	338	9
1525599620	20560	63.731	13.407	338	1
1525599620	20613	63.74	13.307	338	15
1525599620	20659	63.74	13.263	338	6
1525599620	20709	63.74	13.257	338	17
1525599620	20764	63.859	13.207	338	5
1525599621	19932	63.986	12.487	338	5
1525599621	19892	63.986	12.494	338	3
1525599621	19972	63.986	12.45	338	14
1525599621	20013	63.986	12.494	338	6
1525599621	20098	63.986	12.393	338	8
1525599621	20142	63.986	12.431	338	3
1525599621	20193	63.986	12.437	338	17
1525599621	20236	63.986	12.343	338	10
1525599621	20279	63.986	12.243	338	14
1525599621	20330	63.986	12.187	338	5
1525599621	20520	63.986	12.054	338	17
1525599621	20416	64.096	12.054	338	10
1525599621	20570	64.103	12.098	338	9
1525599621	20366	64.096	12.01	338	4
1525599621	20625	64.104	12.092	338	1
1525599621	20673	64.104	12.098	338	18
1525599621	20719	64.104	12.199	338	1
1525599621	20773	64.104	12.193	338	11
1525599622	19981	63.617	12.694	338	1
1525599622	19938	63.618	12.788	338	12
1525599622	20020	63.617	12.738	338	10
1525599622	20064	63.617	12.782	338	1
1525599622	20110	63.617	12.782	338	1
1525599622	20153	63.617	12.788	338	1
1525599622	20201	63.617	12.826	338	1
1525599622	20243	63.617	12.788	338	3
1525599622	20289	63.617	12.788	338	14
1525599622	20336	63.617	12.832	338	6
1525599622	20483	63.617	12.701	338	17
1525599622	20425	63.617	12.694	338	16
1525599622	20380	63.617	12.738	338	1
1525599622	20578	63.617	12.688	338	12
1525599622	20531	63.617	12.638	338	1
1525599622	20633	63.735	12.494	338	5
1525599622	20681	63.735	12.544	338	10
1525599622	20735	63.735	12.444	338	12
1525599622	20785	63.735	12.444	338	6
1525599623	19908	63.983	12.281	338	5
1525599623	19949	63.983	12.243	338	3
1525599623	19989	63.983	12.193	338	1
1525599623	20028	63.983	12.193	338	17
1525599623	20119	63.983	12.237	338	13
1525599623	20165	63.983	12.275	338	4
1525599623	20251	63.983	12.231	338	10
1525599623	20299	63.983	12.275	338	11
1525599623	20210	63.983	12.281	338	1
1525599623	20493	63.983	12.231	338	1
1525599623	20344	63.983	12.237	338	13
1525599623	20436	63.983	12.318	338	17
1525599623	20388	63.983	12.237	338	1
1525599623	20540	63.983	12.281	338	14
1525599623	20590	64.099	12.287	338	1
1525599623	20640	64.1	12.337	338	3
1525599623	20692	64.1	12.337	338	12
1525599623	20744	64.1	12.255	338	3
1525599623	20795	64.1	12.293	338	9
1525599624	19916	63.628	12.757	338	13
1525599624	19996	63.628	12.808	338	13
1525599624	20037	63.628	12.851	338	12
1525599624	19956	63.628	12.801	338	13
1525599624	20080	63.628	12.939	338	10
1525599624	20125	63.628	12.945	338	13
1525599624	20174	63.628	12.945	338	1
1525599624	20260	63.628	12.945	338	9
1525599624	20217	63.628	12.945	338	13
1525599624	20310	63.628	12.895	338	1
1525599624	20351	63.628	12.989	338	1
1525599624	20397	63.628	12.945	338	1
1525599624	20446	63.628	12.902	338	3
1525599624	20502	63.628	12.902	338	8
1525599624	20553	63.725	12.989	338	5
1525599624	20648	63.743	12.889	338	6
1525599624	20701	63.743	12.889	338	1
1525599624	20802	63.861	12.751	338	13
1525599625	19884	63.989	12.167	338	3
1525599625	20045	63.989	12.167	338	13
1525599625	19964	63.989	12.217	338	1
1525599625	20005	63.989	12.167	338	10
1525599625	20090	63.989	12.167	338	21
1525599625	20135	63.989	12.117	338	7
1525599625	20227	63.989	12.123	338	13
1525599625	20182	63.989	12.167	338	7
1525599625	20272	63.989	12.167	338	9
1525599625	20358	63.989	12.117	338	15
1525599625	20404	63.989	12.117	338	8
1525599625	20511	63.989	12.066	338	7
1525599625	20560	64.101	12.06	338	1
1525599625	20613	64.107	12.117	338	11
1525599625	20659	64.107	12.211	338	5
1525599625	20709	64.107	12.173	338	17
1525599625	20764	64.107	12.217	338	5
1525599626	19972	63.623	12.657	338	14
1525599626	19932	63.623	12.569	338	5
1525599626	20013	63.623	12.607	338	5
1525599626	19892	63.623	12.569	338	3
1525599626	20098	63.623	12.525	338	7
1525599626	20193	63.623	12.525	338	17
1525599626	20236	63.623	12.525	338	9
1525599626	20142	63.623	12.525	338	3
1525599626	20279	63.623	12.663	338	11
1525599626	20330	63.623	12.726	338	5
1525599626	20520	63.623	12.77	338	17
1525599626	20416	63.623	12.808	338	1
1525599626	20366	63.623	12.808	338	3
1525599626	20570	63.738	12.77	338	9
1525599626	20673	63.738	12.676	338	18
1525599626	20625	63.738	12.726	338	1
1525599626	20719	63.738	12.613	338	1
1525599626	20773	63.738	12.619	338	11
1525599627	19981	63.987	12.098	338	1
1525599627	19938	63.987	12.004	338	11
1525599627	20020	63.987	12.098	338	7
1525599627	20064	63.987	12.016	338	1
1525599627	20110	63.987	12.01	338	1
1525599627	20153	63.987	12.004	338	1
1525599627	20201	63.987	12.004	338	1
1525599627	20243	63.987	12.004	338	3
1525599627	20289	63.987	12.01	338	11
1525599627	20336	63.987	12.01	338	5
1525599627	20483	63.987	11.96	338	17
1525599627	20425	63.987	11.966	338	13
1525599627	20380	63.987	12.004	338	1
1525599627	20578	63.989	11.96	338	12
1525599627	20531	64.104	12.092	338	1
1525599627	20681	64.104	12.054	338	10
1525599627	20633	64.104	12.104	338	4
1525599627	20735	64.104	12.111	338	12
1525599627	20785	64.104	12.104	338	6
1525599628	19908	63.637	12.33	338	5
1525599628	19949	63.637	12.318	338	3
1525599628	19989	63.637	12.33	338	1
1525599628	20028	63.637	12.324	338	17
1525599628	20119	63.637	12.274	338	13
1525599628	20165	63.637	12.324	338	4
1525599628	20251	63.637	12.236	338	7
1525599628	20299	63.637	12.28	338	11
1525599628	20210	63.637	12.28	338	1
1525599628	20388	63.637	12.274	338	1
1525599628	20344	63.637	12.28	338	11
1525599628	20493	63.637	12.191	338	1
1525599628	20436	63.637	12.191	338	17
1525599628	20540	63.74	12.236	338	2
1525599628	20590	63.753	12.179	338	1
1525599628	20640	63.753	12.091	338	3
1525599628	20692	63.753	12.085	338	11
1525599628	20744	63.753	12.079	338	3
1525599628	20795	63.871	12.04	338	9
1525599629	19916	63.989	11.67	338	3
1525599629	19996	63.989	11.626	338	6
1525599629	19956	63.989	11.67	338	13
1525599629	20037	63.989	11.67	338	9
1525599629	20080	63.989	11.569	338	9
1525599629	20125	63.989	11.525	338	11
1525599629	20174	63.989	11.525	338	1
1525599629	20260	63.989	11.48	338	7
1525599629	20217	63.989	11.48	338	5
1525599629	20310	63.989	11.525	338	1
1525599629	20351	63.989	11.436	338	1
1525599629	20397	63.989	11.48	338	1
1525599629	20502	63.989	11.475	338	8
1525599629	20446	63.989	11.48	338	3
1525599629	20553	63.989	11.436	338	5
1525599629	20701	64.102	11.537	338	1
1525599629	20648	64.102	11.531	338	5
1525599629	20802	64.102	11.631	338	7
1525599630	19884	63.622	12.217	338	1
1525599630	20045	63.623	12.173	338	13
1525599630	19964	63.623	12.167	338	1
1525599630	20005	63.623	12.217	338	9
1525599630	20090	63.623	12.217	338	21
1525599630	20135	63.623	12.305	338	7
1525599630	20227	63.623	12.261	338	13
1525599630	20182	63.623	12.173	338	1
1525599630	20272	63.623	12.173	338	9
1525599630	20358	63.623	12.211	338	13
1525599630	20404	63.623	12.161	338	6
1525599630	20511	63.623	12.167	338	7
1525599630	20560	63.623	12.161	338	1
1525599630	20613	63.739	12.066	338	11
1525599630	20659	63.741	12.016	338	5
1525599630	20709	63.741	12.01	338	17
1525599630	20764	63.871	11.871	338	5
1525599631	19972	63.99	11.537	338	14
1525599631	19892	63.99	11.626	338	3
1525599631	19932	63.99	11.626	338	5
1525599631	20013	63.99	11.537	338	5
1525599631	20098	63.99	11.664	338	5
1525599631	20142	63.99	11.581	338	3
1525599631	20193	63.99	11.575	338	17
1525599631	20236	63.99	11.62	338	7
1525599631	20279	63.99	11.531	338	11
1525599631	20330	63.99	11.469	338	5
1525599631	20520	63.99	11.424	338	17
1525599631	20366	64.108	11.469	338	3
1525599631	20416	64.108	11.424	338	1
1525599631	20570	64.108	11.463	338	9
1525599631	20625	64.108	11.469	338	1
1525599631	20673	64.108	11.469	338	18
1525599631	20719	64.11	11.575	338	1
1525599631	20773	64.11	11.575	338	11
1525599632	19938	63.633	12.04	338	11
1525599632	20020	63.633	11.99	338	7
1525599632	19981	63.633	11.99	338	1
1525599632	20064	63.633	11.984	338	1
1525599632	20110	63.633	11.99	338	1
1525599632	20153	63.633	12.034	338	1
1525599632	20201	63.633	11.984	338	1
1525599632	20289	63.633	12.028	338	11
1525599632	20243	63.633	12.028	338	3
1525599632	20336	63.633	12.028	338	5
1525599632	20483	63.633	12.079	338	17
1525599632	20425	63.633	12.072	338	13
1525599632	20380	63.633	12.123	338	1
1525599632	20578	63.73	12.072	338	12
1525599632	20531	63.736	12.034	338	1
1525599632	20681	63.748	12.028	338	10
1525599632	20633	63.748	11.978	338	4
1525599632	20735	63.748	11.972	338	12
1525599632	20785	63.748	12.016	338	6
1525599633	19908	63.991	11.273	338	5
1525599633	19949	63.991	11.234	338	3
1525599633	19989	63.991	11.273	338	1
1525599633	20028	63.991	11.324	338	17
1525599633	20119	63.991	11.324	338	13
1525599633	20165	63.991	11.234	338	4
1525599633	20251	63.991	11.279	338	7
1525599633	20299	63.991	11.234	338	11
1525599633	20210	63.991	11.234	338	1
1525599633	20436	63.991	11.285	338	17
1525599633	20388	63.991	11.279	338	1
1525599633	20344	63.991	11.318	338	11
1525599633	20493	63.991	11.279	338	1
1525599633	20540	63.991	11.273	338	1
1525599633	20590	64.108	11.329	338	1
1525599633	20640	64.11	11.419	338	3
1525599633	20692	64.11	11.419	338	11
1525599633	20744	64.11	11.43	338	3
1525599633	20795	64.11	11.424	338	9
1525599634	19916	63.626	11.788	338	1
1525599634	19996	63.626	11.738	338	1
1525599634	19956	63.626	11.744	338	13
1525599634	20080	63.627	11.794	338	9
1525599634	20037	63.627	11.782	338	9
1525599634	20125	63.627	11.744	338	11
1525599634	20260	63.627	11.877	338	7
1525599634	20174	63.627	11.833	338	1
1525599634	20217	63.627	11.877	338	1
1525599634	20310	63.627	11.883	338	1
1525599634	20351	63.627	11.972	338	1
1525599634	20397	63.627	11.922	338	1
1525599634	20446	63.627	11.922	338	3
1525599634	20502	63.627	11.928	338	8
1525599634	20553	63.689	11.966	338	5
1525599634	20701	63.745	11.91	338	1
1525599634	20648	63.745	11.916	338	5
1525599634	20802	63.745	12.01	338	3
1525599635	19884	63.99	11.29	338	1
1525599635	19964	63.99	11.29	338	1
1525599635	20045	63.99	11.329	338	13
1525599635	20005	63.99	11.24	338	9
1525599635	20090	63.99	11.234	338	21
1525599635	20182	63.99	11.29	338	5
1525599635	20227	63.99	11.201	338	13
1525599635	20135	63.99	11.156	338	7
1525599635	20272	63.99	11.341	338	9
1525599635	20358	63.989	11.341	338	13
1525599635	20404	63.989	11.391	338	6
1525599635	20511	63.989	11.391	338	7
1525599635	20560	64.105	11.397	338	1
1525599635	20613	64.106	11.537	338	11
1525599635	20659	64.106	11.492	338	5
1525599635	20709	64.106	11.542	338	17
1525599635	20764	64.106	11.637	338	5
1525599636	19932	63.637	11.94	338	5
1525599636	19972	63.637	11.94	338	14
1525599636	19892	63.637	11.984	338	3
1525599636	20013	63.637	11.984	338	5
1525599636	20098	63.636	11.94	338	5
1525599636	20193	63.636	12.028	338	17
1525599636	20236	63.636	12.079	338	7
1525599636	20142	63.636	12.028	338	3
1525599636	20279	63.636	12.079	338	11
1525599636	20330	63.636	12.085	338	5
1525599636	20520	63.636	12.129	338	17
1525599636	20366	63.75	12.04	338	3
1525599636	20416	63.75	12.085	338	7
1525599636	20570	63.753	12.046	338	9
1525599636	20625	63.753	11.984	338	1
1525599636	20673	63.753	12.028	338	18
1525599636	20719	63.753	11.889	338	1
1525599636	20773	63.867	11.934	338	11
1525599637	19938	64.001	11.714	338	11
1525599637	19981	64.001	11.714	338	1
1525599637	20020	64.001	11.72	338	7
1525599637	20064	64.001	11.765	338	1
1525599637	20110	64.001	11.765	338	1
1525599637	20201	64.001	11.771	338	1
1525599637	20153	64.001	11.72	338	1
1525599637	20243	64.001	11.726	338	3
1525599637	20289	64.001	11.72	338	11
1525599637	20425	64.001	11.777	338	13
1525599637	20336	64.001	11.726	338	5
1525599637	20531	64.001	11.833	338	1
1525599637	20483	64.001	11.726	338	17
1525599637	20380	64.001	11.777	338	1
1525599637	20578	64.001	11.877	338	12
1525599637	20681	64.087	11.978	338	10
1525599637	20633	64.118	11.978	338	4
1525599637	20735	64.118	11.978	338	12
1525599637	20785	64.118	11.889	338	6
1525599638	19949	63.633	12.726	338	3
1525599638	19908	63.633	12.638	338	5
1525599638	19989	63.633	12.72	338	1
1525599638	20028	63.633	12.638	338	17
1525599638	20119	63.633	12.632	338	13
1525599638	20165	63.633	12.689	338	4
1525599638	20251	63.633	12.726	338	7
1525599638	20299	63.633	12.682	338	11
1525599638	20210	63.633	12.77	338	1
1525599638	20388	63.633	12.689	338	1
1525599638	20344	63.633	12.645	338	11
1525599638	20436	63.633	12.682	338	17
1525599638	20493	63.633	12.858	338	1
1525599638	20540	63.633	12.733	338	9
1525599638	20590	63.748	12.726	338	1
1525599638	20640	63.748	12.676	338	3
1525599638	20692	63.748	12.682	338	11
1525599638	20744	63.748	12.619	338	3
1525599638	20795	63.88	12.676	338	9
1525599639	19916	63.998	12.034	338	9
1525599639	19956	63.998	12.034	338	13
1525599639	19996	63.998	12.04	338	9
1525599639	20037	63.998	12.04	338	9
1525599639	20080	63.998	12.034	338	9
1525599639	20125	63.998	12.079	338	11
1525599639	20174	63.998	11.99	338	1
1525599639	20217	63.998	11.946	338	7
1525599639	20260	63.998	11.946	338	7
1525599639	20310	63.998	11.895	338	1
1525599639	20351	63.998	11.895	338	1
1525599639	20397	63.998	11.907	338	1
1525599639	20446	63.998	11.952	338	3
1525599639	20502	63.998	11.952	338	8
1525599639	20553	64.116	11.907	338	3
1525599639	20648	64.118	11.964	338	5
1525599639	20701	64.118	11.964	338	1
1525599639	20802	64.118	11.863	338	9
1525599640	19884	63.637	12.638	338	3
1525599640	19964	63.637	12.682	338	1
1525599640	20045	63.637	12.645	338	13
1525599640	20005	63.637	12.689	338	9
1525599640	20090	63.637	12.645	338	21
1525599640	20135	63.637	12.676	338	1
1525599640	20227	63.637	12.676	338	13
1525599640	20182	63.637	12.588	338	5
1525599640	20272	63.637	12.538	338	1
1525599640	20358	63.637	12.494	338	13
1525599640	20404	63.637	12.494	338	6
1525599640	20511	63.637	12.481	338	7
1525599640	20560	63.753	12.481	338	1
1525599640	20613	63.753	12.38	338	11
1525599640	20659	63.753	12.425	338	5
1525599640	20709	63.753	12.475	338	17
1525599640	20764	63.753	12.582	338	1
1525599641	19892	63.999	12.123	338	3
1525599641	19932	63.999	12.179	338	5
1525599641	19972	63.999	12.179	338	14
1525599641	20013	63.999	12.267	338	5
1525599641	20098	63.999	12.223	338	5
1525599641	20142	63.999	12.129	338	3
1525599641	20193	63.999	12.129	338	17
1525599641	20236	63.999	12.085	338	7
1525599641	20279	63.999	12.123	338	11
1525599641	20330	63.999	12.028	338	5
1525599641	20520	63.999	12.034	338	17
1525599641	20416	64.116	12.04	338	7
1525599641	20570	64.117	12.028	338	9
1525599641	20366	64.116	12.034	338	3
1525599641	20673	64.117	12.141	338	18
1525599641	20625	64.117	12.135	338	1
1525599641	20719	64.117	12.185	338	1
1525599641	20773	64.117	12.191	338	11
1525599642	19938	63.638	12.361	338	11
1525599642	19981	63.638	12.317	338	1
1525599642	20020	63.638	12.311	338	7
1525599642	20064	63.638	12.317	338	1
1525599642	20110	63.638	12.311	338	1
1525599642	20153	63.638	12.317	338	1
1525599642	20201	63.638	12.267	338	1
1525599642	20289	63.638	12.222	338	11
1525599642	20243	63.638	12.216	338	3
1525599642	20336	63.638	12.216	338	5
1525599642	20483	63.638	12.216	338	17
1525599642	20380	63.638	12.077	338	1
1525599642	20531	63.638	12.065	338	1
1525599642	20425	63.638	12.166	338	13
1525599642	20578	63.638	12.065	338	1
1525599642	20681	63.755	11.919	338	10
1525599642	20633	63.755	11.919	338	4
1525599642	20735	63.755	12.02	338	12
1525599642	20785	63.755	12.115	338	6
1525599643	19908	63.998	11.649	338	5
1525599643	19949	63.998	11.604	338	1
1525599643	19989	63.998	11.566	338	1
1525599643	20028	63.998	11.649	338	17
1525599643	20119	63.998	11.655	338	13
1525599643	20165	63.998	11.643	338	4
1525599643	20251	63.998	11.599	338	7
1525599643	20299	63.998	11.649	338	11
1525599643	20210	63.998	11.56	338	1
1525599643	20388	63.998	11.599	338	1
1525599643	20436	63.998	11.599	338	17
1525599643	20344	63.998	11.599	338	11
1525599643	20493	63.998	11.515	338	1
1525599643	20540	64.116	11.56	338	9
1525599643	20590	64.117	11.604	338	1
1525599643	20640	64.117	11.61	338	3
1525599643	20692	64.117	11.604	338	11
1525599643	20744	64.117	11.699	338	3
1525599643	20795	64.117	11.694	338	1
1525599644	19916	63.649	12.305	338	9
1525599644	19996	63.649	12.343	338	9
1525599644	20037	63.648	12.254	338	9
1525599644	20080	63.648	12.254	338	9
1525599644	19956	63.649	12.305	338	13
1525599644	20125	63.648	12.305	338	11
1525599644	20174	63.648	12.349	338	1
1525599644	20260	63.648	12.387	338	7
1525599644	20217	63.648	12.387	338	7
1525599644	20310	63.648	12.393	338	1
1525599644	20351	63.648	12.343	338	1
1525599644	20397	63.648	12.38	338	1
1525599644	20446	63.648	12.343	338	3
1525599644	20502	63.648	12.336	338	1
1525599644	20553	63.763	12.292	338	1
1525599644	20701	63.763	12.147	338	1
1525599644	20648	63.763	12.147	338	5
1525599644	20802	63.883	12.097	338	9
1525599645	19884	64.007	11.554	338	3
1525599645	19964	64.007	11.554	338	1
1525599645	20005	64.007	11.504	338	9
1525599645	20045	64.007	11.548	338	13
1525599645	20090	64.007	11.599	338	21
1525599645	20135	64.007	11.554	338	1
1525599645	20182	64.007	11.548	338	5
1525599645	20227	64.007	11.554	338	13
1525599645	20272	64.007	11.554	338	1
1525599645	20358	64.007	11.554	338	13
1525599645	20404	64.007	11.599	338	6
1525599645	20511	64.007	11.604	338	7
1525599645	20560	64.123	11.604	338	1
1525599645	20613	64.124	11.661	338	11
1525599645	20659	64.124	11.661	338	5
1525599645	20709	64.124	11.56	338	17
1525599645	20764	64.124	11.504	338	1
1525599646	19892	63.641	11.946	338	3
1525599646	19972	63.641	11.984	338	14
1525599646	19932	63.641	11.984	338	5
1525599646	20013	63.641	11.895	338	5
1525599646	20098	63.641	11.889	338	5
1525599646	20193	63.641	11.946	338	17
1525599646	20279	63.641	11.996	338	11
1525599646	20142	63.641	11.946	338	3
1525599646	20236	63.641	11.94	338	7
1525599646	20330	63.641	12.191	338	5
1525599646	20416	63.755	12.28	338	7
1525599646	20366	63.755	12.286	338	3
1525599646	20520	63.641	12.236	338	17
1525599646	20570	63.755	12.286	338	9
1525599646	20625	63.755	12.185	338	1
1525599646	20673	63.755	12.185	338	18
1525599646	20719	63.755	12.135	338	1
1525599646	20773	63.882	12.091	338	11
1525599647	19938	64.002	11.548	338	11
1525599647	20020	64.002	11.599	338	7
1525599647	20064	64.002	11.548	338	1
1525599647	19981	64.002	11.554	338	1
1525599647	20110	64.002	11.548	338	1
1525599647	20153	64.002	11.548	338	1
1525599647	20201	64.002	11.599	338	1
1525599647	20243	64.002	11.643	338	3
1525599647	20289	64.002	11.637	338	11
1525599647	20336	64.002	11.593	338	5
1525599647	20483	64.002	11.593	338	17
1525599647	20425	64.002	11.593	338	13
1525599647	20380	64.002	11.593	338	1
1525599647	20578	64.002	11.643	338	1
1525599647	20531	64.052	11.637	338	1
1525599647	20681	64.122	11.688	338	10
1525599647	20633	64.122	11.738	338	4
1525599647	20735	64.122	11.593	338	12
1525599647	20785	64.122	11.587	338	6
1525599648	19908	63.656	12.079	338	5
1525599648	19949	63.656	12.079	338	1
1525599648	19989	63.656	12.123	338	1
1525599648	20028	63.656	12.034	338	17
1525599648	20119	63.656	12.079	338	13
1525599648	20165	63.656	12.079	338	1
1525599648	20251	63.656	12.085	338	7
1525599648	20299	63.656	12.034	338	11
1525599648	20210	63.656	12.079	338	1
1525599648	20388	63.656	12.079	338	1
1525599648	20344	63.656	12.085	338	11
1525599648	20436	63.656	12.085	338	17
1525599648	20493	63.656	12.161	338	1
1525599648	20540	63.771	12.123	338	9
1525599648	20590	63.771	12.034	338	1
1525599648	20640	63.771	12.028	338	3
1525599648	20692	63.771	12.034	338	11
1525599648	20744	63.771	11.94	338	3
1525599648	20795	63.89	11.94	338	1
1525599649	19916	64.013	11.564	338	9
1525599649	19956	64.013	11.569	338	13
1525599649	19996	64.013	11.614	338	9
1525599649	20080	64.013	11.614	338	9
1525599649	20037	64.013	11.569	338	9
1525599649	20125	64.013	11.569	338	11
1525599649	20174	64.013	11.519	338	1
1525599649	20217	64.013	11.525	338	7
1525599649	20260	64.013	11.486	338	7
1525599649	20310	64.013	11.525	338	1
1525599649	20351	64.013	11.525	338	1
1525599649	20397	64.013	11.486	338	1
1525599649	20502	64.013	11.525	338	1
1525599649	20446	64.013	11.525	338	3
1525599649	20553	64.047	11.575	338	1
1525599649	20701	64.13	11.714	338	1
1525599649	20648	64.13	11.753	338	5
1525599649	20802	64.13	11.771	338	9
1525599650	19884	63.652	12.199	338	3
1525599650	19964	63.652	12.155	338	1
1525599650	20045	63.652	12.117	338	13
1525599650	20005	63.652	12.161	338	9
1525599650	20090	63.652	12.111	338	21
1525599650	20135	63.652	12.111	338	1
1525599650	20227	63.652	12.111	338	13
1525599650	20182	63.652	12.111	338	5
1525599650	20272	63.652	12.104	338	1
1525599650	20358	63.652	12.104	338	13
1525599650	20404	63.652	12.104	338	6
1525599650	20511	63.652	12.111	338	7
1525599650	20560	63.652	12.161	338	1
1525599650	20613	63.761	12.161	338	11
1525599650	20659	63.761	12.155	338	5
1525599650	20709	63.761	12.111	338	17
1525599650	20764	63.761	12.022	338	1
1525599651	19972	64	11.664	338	14
1525599651	19932	64	11.664	338	5
1525599651	19892	64	11.664	338	3
1525599651	20013	64	11.664	338	5
1525599651	20142	64	11.658	338	3
1525599651	20193	64	11.658	338	17
1525599651	20098	64	11.709	338	5
1525599651	20236	64	11.703	338	7
1525599651	20279	64	11.602	338	11
1525599651	20330	64	11.457	338	1
1525599651	20570	64.119	11.401	338	9
1525599651	20416	64	11.407	338	7
1525599651	20520	64	11.401	338	17
1525599651	20366	64.111	11.446	338	3
1525599651	20625	64.12	11.502	338	1
1525599651	20673	64.12	11.457	338	18
1525599651	20719	64.12	11.508	338	1
1525599651	20773	64.12	11.546	338	11
1525599652	19938	63.64	12.231	338	11
1525599652	19981	63.64	12.275	338	1
1525599652	20020	63.64	12.18	338	7
1525599652	20110	63.64	12.231	338	1
1525599652	20064	63.64	12.224	338	1
1525599652	20153	63.64	12.231	338	1
1525599652	20201	63.64	12.275	338	1
1525599652	20289	63.64	12.325	338	11
1525599652	20243	63.64	12.325	338	3
1525599652	20336	63.64	12.325	338	5
1525599652	20380	63.64	12.375	338	1
1525599652	20425	63.64	12.375	338	13
1525599652	20531	63.64	12.337	338	1
1525599652	20483	63.64	12.369	338	17
1525599652	20578	63.64	12.456	338	1
1525599652	20633	63.64	12.569	338	4
1525599652	20681	63.64	12.613	338	10
1525599652	20735	63.757	12.569	338	12
1525599652	20785	63.763	12.525	338	1
1525599653	19908	64.002	11.785	338	5
1525599653	19949	64.002	11.785	338	1
1525599653	19989	64.002	11.785	338	1
1525599653	20028	64.002	11.785	338	17
1525599653	20119	64.002	11.741	338	13
1525599653	20165	64.002	11.785	338	1
1525599653	20251	64.002	11.785	338	7
1525599653	20299	64.002	11.868	338	11
1525599653	20210	64.002	11.785	338	1
1525599653	20388	64.002	11.83	338	1
1525599653	20493	64.002	11.747	338	1
1525599653	20436	64.002	11.824	338	17
1525599653	20344	64.002	11.824	338	11
1525599653	20540	64.121	11.779	338	9
1525599653	20590	64.122	11.824	338	1
1525599653	20640	64.122	11.836	338	3
1525599653	20692	64.122	11.83	338	11
1525599653	20744	64.122	11.93	338	3
1525599653	20795	64.122	11.886	338	1
1525599654	19956	63.653	12.369	338	13
1525599654	19916	63.653	12.293	338	9
1525599654	20037	63.653	12.375	338	9
1525599654	19996	63.653	12.287	338	9
1525599654	20080	63.653	12.331	338	9
1525599654	20125	63.653	12.369	338	11
1525599654	20174	63.653	12.381	338	1
1525599654	20260	63.653	12.375	338	7
1525599654	20217	63.653	12.337	338	7
1525599654	20310	63.653	12.419	338	1
1525599654	20351	63.653	12.381	338	1
1525599654	20397	63.653	12.375	338	1
1525599654	20446	63.653	12.375	338	3
1525599654	20502	63.653	12.375	338	1
1525599654	20553	63.761	12.369	338	1
1525599654	20701	63.77	12.231	338	1
1525599654	20648	63.77	12.193	338	5
1525599654	20802	63.889	12.174	338	9
1525599655	19964	64.013	11.635	338	1
1525599655	19884	64.013	11.591	338	3
1525599655	20045	64.013	11.629	338	13
1525599655	20005	64.013	11.679	338	9
1525599655	20090	64.013	11.679	338	21
1525599655	20135	64.013	11.679	338	1
1525599655	20227	64.013	11.635	338	13
1525599655	20182	64.013	11.685	338	5
1525599655	20272	64.013	11.679	338	1
1525599655	20358	64.013	11.685	338	2
1525599655	20404	64.013	11.635	338	2
1525599655	20511	64.013	11.629	338	7
1525599655	20560	64.13	11.579	338	1
1525599655	20613	64.132	11.579	338	11
1525599655	20659	64.132	11.585	338	5
1525599655	20709	64.132	11.679	338	17
1525599655	20764	64.132	11.718	338	1
1525599656	19972	63.653	12.074	338	14
1525599656	19932	63.653	12.074	338	5
1525599656	19892	63.653	12.08	338	3
1525599656	20013	63.652	12.036	338	5
1525599656	20098	63.652	12.086	338	1
1525599656	20142	63.652	12.124	338	3
1525599656	20193	63.652	12.13	338	17
1525599656	20236	63.652	12.08	338	1
1525599656	20279	63.652	12.086	338	11
1525599656	20330	63.652	12.08	338	1
1525599656	20520	63.652	12.042	338	17
1525599656	20366	63.759	11.998	338	1
1525599656	20416	63.759	12.036	338	7
1525599656	20570	63.767	11.998	338	9
1525599656	20625	63.763	11.942	338	1
1525599656	20673	63.763	11.936	338	18
1525599656	20719	63.763	11.886	338	1
1525599656	20773	63.888	11.841	338	11
1525599657	19938	64.005	11.295	338	11
1525599657	19981	64.005	11.251	338	1
1525599657	20110	64.005	11.301	338	1
1525599657	20020	64.005	11.262	338	7
1525599657	20064	64.005	11.301	338	1
1525599657	20153	64.005	11.295	338	1
1525599657	20201	64.005	11.245	338	1
1525599657	20243	64.005	11.156	338	3
1525599657	20289	64.005	11.156	338	11
1525599657	20336	64.005	11.206	338	5
1525599657	20483	64.005	11.161	338	17
1525599657	20425	64.005	11.2	338	13
1525599657	20380	64.005	11.15	338	1
1525599657	20578	64.005	11.022	338	1
1525599657	20531	64.005	11.234	338	1
1525599657	20681	64.127	10.921	338	10
1525599657	20633	64.127	10.999	338	1
1525599657	20735	64.127	11.1	338	12
1525599657	20785	64.127	11.055	338	1
1525599658	19949	63.655	11.575	338	1
1525599658	19908	63.654	11.569	338	5
1525599658	19989	63.655	11.531	338	1
1525599658	20028	63.655	11.569	338	17
1525599658	20119	63.655	11.569	338	13
1525599658	20165	63.655	11.569	338	1
1525599658	20251	63.655	11.575	338	7
1525599658	20299	63.655	11.537	338	11
1525599658	20210	63.655	11.614	338	1
1525599658	20344	63.655	11.581	338	11
1525599658	20388	63.655	11.575	338	1
1525599658	20493	63.655	11.569	338	1
1525599658	20436	63.655	11.581	338	17
1525599658	20540	63.774	11.575	338	9
1525599658	20590	63.774	11.531	338	1
1525599658	20640	63.774	11.519	338	3
1525599658	20692	63.774	11.525	338	11
1525599658	20744	63.774	11.475	338	3
1525599658	20795	63.892	11.475	338	1
1525599659	19956	64.023	11.173	338	13
1525599659	19916	64.023	11.212	338	9
1525599659	19996	64.023	11.167	338	9
1525599659	20037	64.023	11.122	338	9
1525599659	20080	64.023	11.128	338	9
1525599659	20125	64.023	11.128	338	11
1525599659	20174	64.023	11.078	338	1
1525599659	20217	64.023	11.078	338	7
1525599659	20260	64.023	11.078	338	7
1525599659	20310	64.023	11.033	338	1
1525599659	20351	64.023	11.122	338	1
1525599659	20397	64.023	11.122	338	1
1525599659	20446	64.023	11.078	338	3
1525599659	20502	64.023	11.078	338	1
1525599659	20553	64.139	11.078	338	1
1525599659	20701	64.142	11.178	338	3
1525599659	20648	64.142	11.178	338	5
1525599659	20802	64.142	11.229	338	9
1525599660	19884	63.655	11.934	338	3
1525599660	19964	63.655	11.978	338	1
1525599660	20045	63.655	12.028	338	13
1525599660	20005	63.655	11.934	338	9
1525599660	20090	63.655	11.978	338	21
1525599660	20135	63.655	11.978	338	1
1525599660	20227	63.655	11.978	338	13
1525599660	20182	63.655	11.978	338	5
1525599660	20272	63.655	11.94	338	1
1525599660	20358	63.655	11.972	338	2
1525599660	20404	63.655	11.978	338	2
1525599660	20511	63.655	11.978	338	7
1525599660	20560	63.774	11.928	338	1
1525599660	20613	63.774	11.827	338	11
1525599660	20659	63.774	11.827	338	5
1525599660	20709	63.774	11.782	338	17
1525599660	20764	63.895	11.738	338	1
1525599661	19932	64.009	11.626	338	5
1525599661	19892	64.009	11.664	338	3
1525599661	19972	64.009	11.626	338	14
1525599661	20013	64.009	11.67	338	5
1525599661	20098	64.009	11.525	338	1
1525599661	20193	64.009	11.569	338	17
1525599661	20142	64.009	11.569	338	3
1525599661	20236	64.009	11.486	338	1
1525599661	20279	64.009	11.575	338	11
1525599661	20330	64.009	11.575	338	1
1525599661	20520	64.009	11.62	338	17
1525599661	20570	64.128	11.614	338	9
1525599661	20366	64.128	11.614	338	1
1525599661	20416	64.122	11.569	338	7
1525599661	20625	64.129	11.72	338	1
1525599661	20673	64.129	11.765	338	18
1525599661	20719	64.129	11.821	338	1
1525599661	20773	64.129	11.865	338	11
1525599662	19938	63.659	12.462	338	11
1525599662	19981	63.659	12.462	338	1
1525599662	20020	63.659	12.5	338	7
1525599662	20064	63.659	12.462	338	1
1525599662	20110	63.659	12.462	338	1
1525599662	20201	63.659	12.506	338	1
1525599662	20153	63.659	12.506	338	1
1525599662	20289	63.659	12.506	338	11
1525599662	20243	63.659	12.506	338	3
1525599662	20336	63.659	12.462	338	5
1525599662	20531	63.659	12.431	338	1
1525599662	20380	63.659	12.469	338	3
1525599662	20483	63.659	12.462	338	17
1525599662	20425	63.659	12.418	338	13
1525599662	20578	63.659	12.513	338	1
1525599662	20681	63.762	12.657	338	10
1525599662	20633	63.774	12.575	338	1
1525599662	20735	63.774	12.519	338	12
1525599662	20785	63.774	12.456	338	1
1525599663	19949	63.907	12.092	338	1
1525599663	19908	63.907	12.098	338	5
1525599663	19989	63.907	12.136	338	1
1525599663	20028	63.907	12.092	338	17
1525599663	20119	63.907	12.136	338	13
1525599663	20165	63.907	12.054	338	1
1525599663	20251	63.907	12.048	338	7
1525599663	20299	63.907	12.048	338	11
1525599663	20210	63.907	12.048	338	1
1525599663	20388	63.907	12.004	338	1
1525599663	20436	63.907	12.042	338	17
1525599663	20493	63.907	12.054	338	1
1525599663	20344	63.907	11.998	338	11
1525599663	20540	64.024	12.048	338	9
1525599663	20590	64.024	12.042	338	1
1525599663	20640	64.024	11.998	338	3
1525599663	20692	64.024	11.992	338	11
1525599663	20744	64.024	12.042	338	3
1525599663	20795	64.144	12.042	338	1
1525599664	19916	63.656	12.5	338	9
1525599664	19956	63.656	12.456	338	13
1525599664	19996	63.656	12.462	338	9
1525599664	20037	63.656	12.456	338	9
1525599664	20080	63.656	12.456	338	9
1525599664	20125	63.656	12.456	338	11
1525599664	20174	63.656	12.494	338	1
1525599664	20310	63.656	12.45	338	1
1525599664	20217	63.656	12.538	338	7
1525599664	20260	63.656	12.544	338	7
1525599664	20351	63.656	12.45	338	1
1525599664	20397	63.656	12.45	338	1
1525599664	20446	63.656	12.456	338	3
1525599664	20502	63.656	12.462	338	1
1525599664	20553	63.768	12.456	338	1
1525599664	20701	63.77	12.4	338	3
1525599664	20648	63.77	12.4	338	5
1525599664	20802	63.77	12.5	338	9
1525599665	19884	64.013	11.998	338	3
1525599665	19964	64.013	11.954	338	1
1525599665	20045	64.013	11.948	338	13
1525599665	20005	64.013	11.992	338	9
1525599665	20090	64.013	11.954	338	21
1525599665	20135	64.013	11.954	338	1
1525599665	20182	64.013	11.942	338	5
1525599665	20272	64.013	11.948	338	1
1525599665	20227	64.013	11.998	338	13
1525599665	20358	64.013	11.948	338	2
1525599665	20404	64.013	11.948	338	2
1525599665	20511	64.013	11.904	338	7
1525599665	20560	64.132	11.998	338	1
1525599665	20613	64.133	12.098	338	11
1525599665	20659	64.133	12.098	338	5
1525599665	20709	64.133	12.142	338	17
1525599665	20764	64.133	12.149	338	1
1525599666	19892	63.651	12.707	338	3
1525599666	19932	63.651	12.701	338	5
1525599666	19972	63.651	12.701	338	14
1525599666	20013	63.651	12.738	338	5
1525599666	20098	63.651	12.751	338	1
1525599666	20193	63.651	12.795	338	17
1525599666	20142	63.651	12.757	338	3
1525599666	20236	63.651	12.839	338	1
1525599666	20279	63.651	12.801	338	11
1525599666	20330	63.651	12.989	338	1
1525599666	20520	63.651	12.908	338	17
1525599666	20416	63.651	12.952	338	7
1525599666	20366	63.651	12.908	338	1
1525599666	20570	63.766	12.952	338	9
1525599666	20625	63.766	12.845	338	1
1525599666	20673	63.766	12.801	338	18
1525599666	20719	63.766	12.795	338	1
1525599666	20773	63.899	12.751	338	11
1525599667	19981	64.018	12.406	338	1
1525599667	19938	64.018	12.318	338	11
1525599667	20020	64.018	12.362	338	7
1525599667	20064	64.018	12.362	338	1
1525599667	20110	64.018	12.356	338	1
1525599667	20153	64.018	12.312	338	1
1525599667	20201	64.018	12.274	338	1
1525599667	20289	64.018	12.318	338	11
1525599667	20243	64.018	12.318	338	3
1525599667	20336	64.018	12.4	338	5
1525599667	20483	64.018	12.406	338	17
1525599667	20425	64.018	12.45	338	13
1525599667	20380	64.018	12.406	338	3
1525599667	20578	64.018	12.356	338	1
1525599667	20531	64.128	12.349	338	1
1525599667	20681	64.136	12.205	338	10
1525599667	20633	64.136	12.249	338	1
1525599667	20735	64.136	12.249	338	12
1525599667	20785	64.136	12.312	338	1
1525599668	19949	63.66	12.821	338	1
1525599668	19989	63.66	12.777	338	1
1525599668	19908	63.66	12.821	338	5
1525599668	20028	63.66	12.871	338	17
1525599668	20119	63.66	12.827	338	13
1525599668	20165	63.66	12.864	338	1
1525599668	20251	63.66	12.908	338	7
1525599668	20299	63.66	12.908	338	10
1525599668	20210	63.66	12.827	338	1
1525599668	20344	63.66	12.915	338	11
1525599668	20388	63.66	12.908	338	1
1525599668	20436	63.66	12.908	338	17
1525599668	20493	63.66	12.858	338	1
1525599668	20540	63.773	12.821	338	9
1525599668	20590	63.776	12.821	338	1
1525599668	20640	63.776	12.821	338	3
1525599668	20692	63.776	12.827	338	11
1525599668	20744	63.776	12.877	338	3
1525599668	20795	63.776	12.921	338	1
1525599669	19916	64.018	12.04	338	9
1525599669	19956	64.018	12.085	338	13
1525599669	19996	64.018	12.085	338	9
1525599669	20037	64.018	12.129	338	9
1525599669	20080	64.018	12.123	338	9
1525599669	20125	64.018	12.129	338	11
1525599669	20174	64.018	12.085	338	1
1525599669	20260	64.018	12.079	338	7
1525599669	20217	64.018	12.085	338	7
1525599669	20310	64.018	12.173	338	1
1525599669	20351	64.018	12.129	338	1
1525599669	20397	64.018	12.123	338	1
1525599669	20502	64.018	12.117	338	1
1525599669	20446	64.018	12.123	338	3
1525599669	20553	64.136	12.129	338	1
1525599669	20648	64.136	12.223	338	5
1525599669	20701	64.136	12.223	338	3
1525599669	20802	64.138	12.085	338	9
1525599670	19884	63.66	12.437	338	3
1525599670	19964	63.66	12.437	338	1
1525599670	20045	63.66	12.443	338	13
1525599670	20005	63.662	12.399	338	9
1525599670	20090	63.662	12.443	338	21
1525599670	20135	63.662	12.393	338	1
1525599670	20182	63.662	12.405	338	5
1525599670	20227	63.662	12.393	338	13
1525599670	20272	63.661	12.487	338	1
1525599670	20358	63.661	12.405	338	2
1525599670	20404	63.661	12.456	338	2
1525599670	20511	63.661	12.456	338	7
1525599670	20560	63.779	12.405	338	1
1525599670	20613	63.779	12.305	338	11
1525599670	20659	63.779	12.305	338	5
1525599670	20709	63.781	12.242	338	17
1525599670	20764	63.905	12.204	338	1
1525599671	19892	64.022	11.352	338	3
1525599671	19972	64.022	11.352	338	11
1525599671	20013	64.022	11.307	338	5
1525599671	19932	64.022	11.313	338	5
1525599671	20098	64.022	11.358	338	1
1525599671	20142	64.022	11.358	338	3
1525599671	20193	64.022	11.313	338	17
1525599671	20236	64.022	11.313	338	1
1525599671	20279	64.022	11.257	338	11
1525599671	20330	64.022	11.072	338	1
1525599671	20520	64.019	11.15	338	17
1525599671	20416	64.13	11.15	338	7
1525599671	20366	64.133	11.15	338	1
1525599671	20570	64.134	11.156	338	9
1525599671	20625	64.134	11.162	338	1
1525599671	20673	64.134	11.257	338	18
1525599671	20719	64.134	11.206	338	1
1525599671	20773	64.134	11.212	338	10
1525599672	19981	63.666	11.604	338	1
1525599672	19938	63.666	11.694	338	11
1525599672	20020	63.665	11.604	338	7
1525599672	20064	63.665	11.604	338	1
1525599672	20110	63.665	11.604	338	1
1525599672	20153	63.665	11.649	338	1
1525599672	20201	63.665	11.649	338	1
1525599672	20289	63.665	11.655	338	11
1525599672	20243	63.665	11.694	338	1
1525599672	20336	63.665	11.667	338	5
1525599672	20380	63.665	11.756	338	3
1525599672	20483	63.665	11.756	338	17
1525599672	20425	63.665	11.756	338	13
1525599672	20578	63.665	11.756	338	1
1525599672	20531	63.763	11.762	338	3
1525599672	20681	63.783	11.661	338	10
1525599672	20633	63.783	11.616	338	1
1525599672	20735	63.784	11.661	338	11
1525599672	20785	63.784	11.711	338	1
1525599673	19908	64.028	11.453	338	5
1525599673	19949	64.028	11.408	338	1
1525599673	19989	64.028	11.453	338	1
1525599673	20119	64.028	11.403	338	13
1525599673	20165	64.028	11.408	338	1
1525599673	20028	64.028	11.403	338	17
1525599673	20251	64.028	11.369	338	7
1525599673	20299	64.028	11.414	338	8
1525599673	20388	64.028	11.42	338	1
1525599673	20210	64.028	11.459	338	1
1525599673	20436	64.028	11.369	338	17
1525599673	20493	64.028	11.465	338	1
1525599673	20344	64.028	11.414	338	11
1525599673	20540	64.075	11.554	338	9
1525599673	20590	64.144	11.61	338	1
1525599673	20692	64.145	11.661	338	11
1525599673	20640	64.145	11.661	338	1
1525599673	20744	64.145	11.61	338	3
1525599673	20795	64.145	11.604	338	1
1525599674	19916	63.658	12.305	338	9
1525599674	19996	63.658	12.349	338	9
1525599674	19956	63.658	12.305	338	13
1525599674	20037	63.658	12.311	338	9
1525599674	20080	63.658	12.405	338	9
1525599674	20125	63.658	12.361	338	11
1525599674	20174	63.658	12.412	338	1
1525599674	20260	63.658	12.361	338	7
1525599674	20217	63.658	12.361	338	7
1525599674	20310	63.658	12.367	338	1
1525599674	20351	63.658	12.361	338	1
1525599674	20397	63.658	12.367	338	3
1525599674	20446	63.658	12.361	338	3
1525599674	20502	63.658	12.367	338	1
1525599674	20553	63.766	12.361	338	1
1525599674	20701	63.772	12.216	338	3
1525599674	20648	63.772	12.21	338	5
1525599674	20802	63.898	12.159	338	9
1525599675	19884	64.019	11.744	338	3
1525599675	19964	64.019	11.744	338	3
1525599675	20045	64.019	11.699	338	13
1525599675	20005	64.019	11.744	338	9
1525599675	20090	64.019	11.694	338	21
1525599675	20135	64.019	11.744	338	1
1525599675	20227	64.019	11.699	338	11
1525599675	20182	64.019	11.738	338	5
1525599675	20272	64.019	11.694	338	1
1525599675	20358	64.019	11.694	338	2
1525599675	20404	64.019	11.688	338	2
1525599675	20511	64.019	11.732	338	7
1525599675	20560	64.138	11.738	338	1
1525599675	20613	64.139	11.839	338	11
1525599675	20659	64.139	11.839	338	5
1525599675	20709	64.139	11.851	338	17
1525599675	20764	64.139	11.934	338	1
1525599676	19932	63.673	12.437	338	5
1525599676	19972	63.673	12.399	338	8
1525599676	19892	63.673	12.393	338	3
1525599676	20013	63.673	12.443	338	5
1525599676	20098	63.673	12.431	338	1
1525599676	20142	63.673	12.387	338	3
1525599676	20193	63.673	12.387	338	17
1525599676	20236	63.673	12.431	338	1
1525599676	20279	63.673	12.487	338	11
1525599676	20330	63.673	12.519	338	1
1525599676	20520	63.673	12.481	338	17
1525599676	20366	63.782	12.437	338	1
1525599676	20416	63.673	12.437	338	7
1525599676	20570	63.79	12.481	338	9
1525599676	20625	63.79	12.431	338	1
1525599676	20673	63.79	12.387	338	16
1525599676	20719	63.79	12.531	338	1
1525599676	20773	63.79	12.575	338	7
1525599677	19938	64.034	11.883	338	11
1525599677	19981	64.034	11.883	338	1
1525599677	20020	64.034	11.928	338	7
1525599677	20110	64.034	11.978	338	1
1525599677	20064	64.034	11.972	338	3
1525599677	20201	64.034	11.934	338	1
1525599677	20153	64.034	11.889	338	1
1525599677	20289	64.034	11.883	338	11
1525599677	20243	64.034	11.839	338	1
1525599677	20336	64.034	11.821	338	5
1525599677	20483	64.034	11.688	338	17
1525599677	20531	64.034	11.782	338	3
1525599677	20578	64.034	11.738	338	1
1525599677	20425	64.034	11.643	338	13
1525599677	20380	64.034	11.726	338	3
1525599677	20681	64.152	11.978	338	10
1525599677	20633	64.152	12.022	338	1
1525599677	20735	64.152	11.984	338	9
1525599677	20785	64.152	11.934	338	1
1525599678	19908	63.667	12.091	338	5
1525599678	19949	63.667	12.091	338	1
1525599678	19989	63.667	12.046	338	1
1525599678	20028	63.667	12.091	338	16
1525599678	20119	63.667	12.097	338	13
1525599678	20165	63.667	12.046	338	1
1525599678	20251	63.667	12.04	338	7
1525599678	20299	63.667	12.04	338	6
1525599678	20210	63.667	12.091	338	1
1525599678	20388	63.667	12.04	338	1
1525599678	20493	63.667	11.952	338	1
1525599678	20436	63.667	12.091	338	17
1525599678	20344	63.667	12.129	338	11
1525599678	20540	63.667	11.907	338	9
1525599678	20590	63.787	11.901	338	1
1525599678	20640	63.787	11.851	338	1
1525599678	20692	63.787	11.845	338	11
1525599678	20744	63.787	11.794	338	3
1525599678	20795	63.912	11.8	338	1
1525599679	19916	64.031	11.1	338	9
1525599679	19956	64.031	11.1	338	13
1525599679	19996	64.031	11.055	338	9
1525599679	20037	64.031	11.055	338	9
1525599679	20080	64.031	10.96	338	9
1525599679	20125	64.031	11.005	338	11
1525599679	20174	64.031	10.954	338	1
1525599679	20260	64.031	11.005	338	7
1525599679	20217	64.031	10.999	338	7
1525599679	20310	64.031	10.954	338	1
1525599679	20351	64.031	10.96	338	1
1525599679	20397	64.031	11.005	338	3
1525599679	20446	64.031	11.049	338	3
1525599679	20502	64.031	11.134	338	1
1525599679	20553	64.148	11.044	338	1
1525599679	20701	64.149	11.195	338	3
1525599679	20648	64.149	11.201	338	5
1525599679	20802	64.151	11.29	338	9
1525599680	19884	63.679	11.673	338	3
1525599680	19964	63.679	11.673	338	3
1525599680	20005	63.679	11.711	338	9
1525599680	20045	63.679	11.711	338	13
1525599680	20090	63.679	11.673	338	19
1525599680	20135	63.679	11.768	338	1
1525599680	20227	63.679	11.851	338	11
1525599680	20182	63.679	11.812	338	5
1525599680	20272	63.679	11.768	338	1
1525599680	20358	63.679	11.806	338	2
1525599680	20511	63.679	11.762	338	7
1525599680	20404	63.679	11.717	338	2
1525599680	20560	63.791	11.762	338	1
1525599680	20659	63.795	11.661	338	5
1525599680	20613	63.795	11.661	338	11
1525599680	20709	63.795	11.711	338	17
1525599680	20764	63.795	11.812	338	1
1525599681	19892	64.039	11.515	338	3
1525599681	19972	64.039	11.515	338	8
1525599681	19932	64.039	11.515	338	5
1525599681	20013	64.039	11.47	338	5
1525599681	20098	64.039	11.426	338	1
1525599681	20193	64.039	11.381	338	17
1525599681	20142	64.039	11.375	338	3
1525599681	20236	64.039	11.476	338	1
1525599681	20279	64.039	11.42	338	11
1525599681	20330	64.039	11.47	338	1
1525599681	20520	64.051	11.527	338	17
1525599681	20570	64.162	11.521	338	9
1525599681	20416	64.051	11.572	338	7
1525599681	20366	64.051	11.572	338	1
1525599681	20625	64.171	11.577	338	1
1525599681	20673	64.171	11.572	338	14
1525599681	20719	64.171	11.527	338	1
1525599681	20773	64.171	11.437	338	6
1525599682	19938	63.679	11.899	338	11
1525599682	19981	63.679	11.899	338	1
1525599682	20020	63.679	11.943	338	7
1525599682	20064	63.679	11.854	338	3
1525599682	20110	63.679	11.848	338	1
1525599682	20201	63.679	11.893	338	1
1525599682	20153	63.679	11.931	338	1
1525599682	20289	63.679	11.893	338	11
1525599682	20243	63.679	11.893	338	1
1525599682	20336	63.679	11.893	338	5
1525599682	20483	63.679	12.02	338	17
1525599682	20380	63.679	11.943	338	3
1525599682	20578	63.679	11.976	338	1
1525599682	20425	63.679	12.071	338	13
1525599682	20531	63.679	11.931	338	3
1525599682	20681	63.795	11.83	338	8
1525599682	20633	63.795	11.78	338	1
1525599682	20735	63.795	11.774	338	9
1525599682	20785	63.913	11.774	338	1
1525599683	19949	64.037	11.173	338	1
1525599683	19908	64.037	11.167	338	5
1525599683	19989	64.037	11.218	338	1
1525599683	20028	64.037	11.173	338	13
1525599683	20119	64.037	11.167	338	13
1525599683	20165	64.037	11.212	338	1
1525599683	20251	64.037	11.212	338	7
1525599683	20299	64.037	11.167	338	6
1525599683	20210	64.037	11.072	338	1
1525599683	20388	64.037	11.117	338	1
1525599683	20344	64.037	11.032	338	11
1525599683	20493	64.037	11.173	338	1
1525599683	20436	64.037	11.077	338	16
1525599683	20540	64.156	11.206	338	9
1525599683	20590	64.158	11.167	338	1
1525599683	20640	64.158	11.218	338	1
1525599683	20692	64.158	11.307	338	11
1525599683	20744	64.158	11.263	338	3
1525599683	20795	64.158	11.218	338	1
1525599684	19916	63.689	11.818	338	9
1525599684	19956	63.689	11.812	338	11
1525599684	19996	63.689	11.812	338	9
1525599684	20037	63.689	11.857	338	9
1525599684	20080	63.689	11.863	338	9
1525599684	20125	63.689	11.812	338	11
1525599684	20174	63.689	11.857	338	1
1525599684	20217	63.689	11.818	338	7
1525599684	20260	63.689	11.812	338	7
1525599684	20310	63.689	11.812	338	1
1525599684	20351	63.689	11.812	338	1
1525599684	20397	63.689	11.812	338	3
1525599684	20502	63.689	11.684	338	1
1525599684	20446	63.689	11.768	338	3
1525599684	20553	63.8	11.774	338	1
1525599684	20648	63.805	11.622	338	5
1525599684	20701	63.805	11.622	338	3
1525599684	20802	63.805	11.729	338	9
1525599685	19884	64.05	11.257	338	3
1525599685	20045	64.05	11.263	338	11
1525599685	19964	64.05	11.257	338	3
1525599685	20005	64.05	11.257	338	9
1525599685	20090	64.05	11.257	338	15
1525599685	20135	64.05	11.117	338	1
1525599685	20227	64.05	11.027	338	11
1525599685	20182	64.05	11.072	338	5
1525599685	20272	64.05	11.117	338	1
1525599685	20404	64.05	11.162	338	2
1525599685	20358	64.05	11.072	338	2
1525599685	20511	64.05	11.167	338	7
1525599685	20560	64.166	11.167	338	1
1525599685	20613	64.169	11.313	338	11
1525599685	20659	64.169	11.313	338	5
1525599685	20709	64.169	11.352	338	17
1525599685	20764	64.169	11.206	338	1
1525599686	19892	63.682	11.408	338	3
1525599686	19932	63.682	11.358	338	5
1525599686	19972	63.682	11.358	338	8
1525599686	20013	63.682	11.364	338	5
1525599686	20098	63.682	11.408	338	1
1525599686	20142	63.682	11.504	338	3
1525599686	20193	63.682	11.498	338	14
1525599686	20236	63.682	11.403	338	1
1525599686	20279	63.682	11.453	338	11
1525599686	20330	63.682	11.414	338	1
1525599686	20520	63.682	11.364	338	16
1525599686	20366	63.801	11.364	338	1
1525599686	20416	63.801	11.364	338	7
1525599686	20570	63.801	11.364	338	9
1525599686	20625	63.801	11.307	338	1
1525599686	20673	63.801	11.313	338	13
1525599686	20719	63.875	11.212	338	1
1525599686	20773	63.926	11.296	338	6
1525599687	19981	64.045	10.797	338	1
1525599687	19938	64.045	10.797	338	11
1525599687	20020	64.045	10.747	338	7
1525599687	20064	64.045	10.797	338	3
1525599687	20110	64.045	10.797	338	1
1525599687	20153	64.045	10.803	338	1
1525599687	20201	64.045	10.797	338	1
1525599687	20289	64.045	10.797	338	11
1525599687	20243	64.045	10.803	338	1
1525599687	20336	64.045	10.803	338	5
1525599687	20425	64.045	10.617	338	13
1525599687	20380	64.045	10.707	338	3
1525599687	20578	64.045	10.763	338	1
1525599687	20483	64.045	10.662	338	14
1525599687	20681	64.161	10.96	338	7
1525599687	20633	64.166	10.92	338	1
1525599687	20531	64.045	10.853	338	3
1525599687	20735	64.167	11.066	338	9
1525599687	20785	64.167	11.061	338	1
1525599688	19908	63.697	11.667	338	5
1525599688	19949	63.697	11.705	338	1
1525599688	19989	63.697	11.705	338	1
1525599688	20028	63.697	11.667	338	11
1525599688	20119	63.697	11.711	338	11
1525599688	20165	63.697	11.667	338	1
1525599688	20251	63.697	11.667	338	7
1525599688	20299	63.697	11.667	338	6
1525599688	20210	63.697	11.806	338	1
1525599688	20388	63.697	11.806	338	1
1525599688	20493	63.697	11.794	338	1
1525599688	20344	63.697	11.845	338	11
1525599688	20436	63.697	11.889	338	14
1525599688	20540	63.813	11.806	338	9
1525599688	20590	63.813	11.8	338	1
1525599688	20692	63.813	11.616	338	11
1525599688	20640	63.813	11.705	338	1
1525599688	20744	63.813	11.812	338	3
1525599688	20795	63.813	11.851	338	1
1525599689	19916	64.053	11.251	338	9
1525599689	19956	64.053	11.257	338	8
1525599689	19996	64.053	11.251	338	9
1525599689	20037	64.053	11.162	338	9
1525599689	20174	64.053	11.257	338	1
1525599689	20125	64.053	11.251	338	11
1525599689	20080	64.053	11.162	338	9
1525599689	20260	64.053	11.307	338	7
1525599689	20217	64.053	11.397	338	7
1525599689	20310	64.053	11.403	338	1
1525599689	20351	64.053	11.358	338	1
1525599689	20397	64.053	11.313	338	3
1525599689	20446	64.053	11.403	338	3
1525599689	20502	64.053	11.403	338	1
1525599689	20553	64.17	11.358	338	5
1525599689	20701	64.173	11.566	338	3
1525599689	20648	64.173	11.566	338	5
1525599689	20802	64.173	11.504	338	9
1525599690	19884	63.691	11.919	338	3
1525599690	19964	63.691	11.875	338	3
1525599690	20045	63.691	11.875	338	7
1525599690	20005	63.691	11.842	338	9
1525599690	20090	63.691	11.881	338	12
1525599690	20135	63.691	11.919	338	7
1525599690	20227	63.691	11.97	338	11
1525599690	20182	63.691	11.925	338	5
1525599690	20272	63.691	11.925	338	9
1525599690	20358	63.691	11.97	338	2
1525599690	20404	63.691	11.881	338	2
1525599690	20511	63.691	11.836	338	7
1525599690	20560	63.807	11.83	338	1
1525599690	20613	63.807	11.729	338	11
1525599690	20659	63.807	11.684	338	5
1525599690	20709	63.807	11.735	338	15
1525599690	20764	63.807	11.931	338	5
1525599691	19932	64.051	11.494	338	5
1525599691	19972	64.051	11.494	338	8
1525599691	19892	64.051	11.443	338	3
1525599691	20013	64.051	11.488	338	5
1525599691	20098	64.051	11.494	338	1
1525599691	20142	64.051	11.449	338	3
1525599691	20193	64.051	11.443	338	11
1525599691	20236	64.051	11.494	338	1
1525599691	20279	64.051	11.398	338	11
1525599691	20330	64.051	11.348	338	1
1525599691	20520	64.051	11.387	338	11
1525599691	20416	64.164	11.342	338	7
1525599691	20366	64.168	11.342	338	1
1525599691	20570	64.168	11.387	338	9
1525599691	20625	64.17	11.437	338	1
1525599691	20673	64.17	11.437	338	13
1525599691	20719	64.17	11.533	338	1
1525599691	20773	64.17	11.488	338	6
1525599692	19981	63.691	12.184	338	1
1525599692	20020	63.691	12.19	338	7
1525599692	19938	63.691	12.146	338	11
1525599692	20110	63.691	12.14	338	1
1525599692	20064	63.691	12.133	338	3
1525599692	20153	63.691	12.14	338	1
1525599692	20201	63.691	12.14	338	1
1525599692	20289	63.691	12.14	338	11
1525599692	20243	63.691	12.14	338	1
1525599692	20336	63.691	12.133	338	5
1525599692	20483	63.691	12.184	338	12
1525599692	20425	63.686	12.184	338	13
1525599692	20380	63.686	12.184	338	3
1525599692	20578	63.686	12.032	338	9
1525599692	20531	63.686	11.943	338	3
1525599692	20681	63.801	11.741	338	6
1525599692	20633	63.801	11.741	338	1
1525599692	20735	63.801	11.634	338	9
1525599692	20785	63.801	11.69	338	1
1525599693	19908	64.048	11.437	338	5
1525599693	19989	64.048	11.392	338	1
1525599693	19949	64.048	11.431	338	3
1525599693	20028	64.048	11.437	338	10
1525599693	20119	64.048	11.437	338	7
1525599693	20165	64.048	11.437	338	1
1525599693	20251	64.048	11.431	338	7
1525599693	20299	64.048	11.431	338	6
1525599693	20210	64.048	11.336	338	1
1525599693	20388	64.048	11.336	338	1
1525599693	20344	64.048	11.297	338	11
1525599693	20436	64.048	11.207	338	8
1525599693	20493	64.05	11.252	338	1
1525599693	20540	64.05	11.246	338	9
1525599693	20590	64.165	11.342	338	1
1525599693	20640	64.165	11.437	338	1
1525599693	20692	64.165	11.437	338	11
1525599693	20744	64.165	11.291	338	3
1525599693	20795	64.165	11.342	338	7
1525599694	19916	63.695	11.994	338	9
1525599694	19996	63.695	11.994	338	9
1525599694	19956	63.695	11.949	338	6
1525599694	20037	63.695	12.038	338	9
1525599694	20080	63.695	12.038	338	9
1525599694	20125	63.695	11.994	338	11
1525599694	20174	63.695	11.949	338	1
1525599694	20217	63.695	11.803	338	7
1525599694	20260	63.695	11.899	338	7
1525599694	20310	63.695	11.848	338	1
1525599694	20351	63.695	11.887	338	1
1525599694	20397	63.695	11.931	338	3
1525599694	20446	63.695	11.842	338	3
1525599694	20502	63.695	11.842	338	7
1525599694	20553	63.806	11.887	338	5
1525599694	20648	63.812	11.729	338	5
1525599694	20701	63.812	11.729	338	3
1525599694	20802	63.931	11.583	338	9
1525599695	19884	64.057	11.077	338	3
1525599695	20045	64.057	11.077	338	7
1525599695	19964	64.057	11.122	338	3
1525599695	20005	64.057	11.117	338	9
1525599695	20090	64.057	11.162	338	11
1525599695	20135	64.057	11.212	338	7
1525599695	20227	64.057	11.167	338	11
1525599695	20182	64.057	11.206	338	5
1525599695	20272	64.057	11.117	338	9
1525599695	20358	64.057	11.122	338	2
1525599695	20404	64.057	11.251	338	2
1525599695	20511	64.057	11.201	338	7
1525599695	20560	64.174	11.251	338	1
1525599695	20613	64.175	11.263	338	11
1525599695	20659	64.175	11.352	338	5
1525599695	20709	64.175	11.218	338	11
1525599695	20764	64.175	11.061	338	5
1525599696	19972	63.691	11.688	338	8
1525599696	19892	63.691	11.738	338	1
1525599696	19932	63.691	11.694	338	5
1525599696	20013	63.691	11.688	338	5
1525599696	20098	63.691	11.688	338	1
1525599696	20142	63.691	11.732	338	3
1525599696	20193	63.691	11.738	338	11
1525599696	20236	63.691	11.643	338	1
1525599696	20279	63.691	11.688	338	11
1525599696	20330	63.691	11.738	338	1
1525599696	20520	63.691	11.694	338	9
1525599696	20416	63.789	11.694	338	7
1525599696	20366	63.809	11.782	338	1
1525599696	20570	63.809	11.694	338	8
1525599696	20625	63.809	11.643	338	1
1525599696	20673	63.809	11.593	338	13
1525599696	20719	63.809	11.699	338	1
1525599696	20773	63.809	11.705	338	6
1525599697	19981	64.054	11.246	338	1
1525599697	19938	64.054	11.246	338	11
1525599697	20020	64.054	11.201	338	7
1525599697	20064	64.054	11.251	338	3
1525599697	20110	64.054	11.246	338	1
1525599697	20153	64.054	11.201	338	1
1525599697	20201	64.054	11.206	338	1
1525599697	20289	64.054	11.201	338	11
1525599697	20243	64.054	11.201	338	1
1525599697	20336	64.054	11.162	338	5
1525599697	20578	64.054	11.307	338	9
1525599697	20483	64.054	11.206	338	11
1525599697	20531	64.054	11.307	338	3
1525599697	20380	64.054	11.201	338	3
1525599697	20425	64.054	11.201	338	13
1525599697	20633	64.169	11.504	338	1
1525599697	20681	64.169	11.504	338	6
1525599697	20735	64.171	11.554	338	9
1525599697	20785	64.171	11.593	338	1
1525599698	19908	63.702	11.952	338	5
1525599698	19949	63.702	11.913	338	3
1525599698	19989	63.702	11.952	338	1
1525599698	20028	63.702	11.907	338	10
1525599698	20119	63.702	11.907	338	7
1525599698	20165	63.702	11.901	338	4
1525599698	20251	63.702	11.952	338	7
1525599698	20299	63.702	11.952	338	6
1525599698	20210	63.702	11.958	338	1
1525599698	20388	63.702	12.002	338	1
1525599698	20344	63.702	12.002	338	11
1525599698	20436	63.702	12.002	338	8
1525599698	20493	63.702	12.046	338	1
1525599698	20540	63.819	12.008	338	9
1525599698	20590	63.819	11.907	338	1
1525599698	20640	63.819	11.857	338	1
1525599698	20692	63.819	11.857	338	11
1525599698	20744	63.819	11.901	338	3
1525599698	20795	63.938	11.806	338	7
1525599699	19916	64.065	11.548	338	9
1525599699	19996	64.065	11.548	338	9
1525599699	20037	64.065	11.498	338	9
1525599699	20080	64.065	11.542	338	9
1525599699	19956	64.065	11.542	338	6
1525599699	20125	64.065	11.498	338	11
1525599699	20174	64.065	11.587	338	1
1525599699	20260	64.065	11.587	338	7
1525599699	20217	64.065	11.593	338	7
1525599699	20310	64.065	11.587	338	1
1525599699	20351	64.065	11.593	338	1
1525599699	20397	64.065	11.548	338	3
1525599699	20446	64.065	11.548	338	1
1525599699	20502	64.065	11.548	338	7
1525599699	20553	64.176	11.542	338	5
1525599699	20648	64.183	11.682	338	5
1525599699	20701	64.183	11.643	338	3
1525599699	20802	64.185	11.694	338	9
1525599700	19884	63.701	12.443	338	3
1525599700	19964	63.701	12.399	338	3
1525599700	20045	63.701	12.487	338	7
1525599700	20090	63.701	12.494	338	11
1525599700	20005	63.701	12.531	338	9
1525599700	20135	63.701	12.45	338	7
1525599700	20182	63.701	12.45	338	5
1525599700	20227	63.701	12.494	338	11
1525599700	20272	63.701	12.538	338	9
1525599700	20358	63.701	12.494	338	2
1525599700	20404	63.701	12.405	338	2
1525599700	20511	63.701	12.405	338	7
1525599700	20560	63.816	12.361	338	1
1525599700	20613	63.816	12.355	338	11
1525599700	20659	63.816	12.267	338	5
1525599700	20709	63.816	12.254	338	11
1525599700	20764	63.943	12.216	338	5
1525599701	19892	64.062	11.661	338	1
1525599701	19972	64.062	11.705	338	8
1525599701	19932	64.062	11.705	338	3
1525599701	20013	64.062	11.756	338	5
1525599701	20098	64.062	11.705	338	1
1525599701	20142	64.062	11.655	338	3
1525599701	20193	64.062	11.661	338	11
1525599701	20236	64.062	11.705	338	1
1525599701	20279	64.062	11.667	338	11
1525599701	20330	64.062	11.616	338	5
1525599701	20520	64.062	11.616	338	9
1525599701	20366	64.172	11.527	338	1
1525599701	20570	64.179	11.572	338	6
1525599701	20416	64.172	11.616	338	7
1525599701	20625	64.181	11.667	338	1
1525599701	20673	64.181	11.762	338	13
1525599701	20719	64.181	11.61	338	1
1525599701	20773	64.181	11.604	338	6
1525599702	19938	63.713	11.774	338	11
1525599702	19981	63.713	11.824	338	1
1525599702	20020	63.713	11.824	338	7
1525599702	20110	63.713	11.824	338	1
1525599702	20064	63.713	11.824	338	3
1525599702	20201	63.713	11.818	338	1
1525599702	20153	63.713	11.78	338	1
1525599702	20243	63.713	11.824	338	1
1525599702	20289	63.713	11.824	338	11
1525599702	20336	63.713	11.869	338	5
1525599702	20483	63.713	11.875	338	11
1525599702	20425	63.713	11.881	338	13
1525599702	20380	63.713	11.925	338	3
1525599702	20578	63.713	11.913	338	9
1525599702	20531	63.713	11.913	338	3
1525599702	20681	63.828	11.851	338	6
1525599702	20633	63.828	11.851	338	1
1525599702	20735	63.824	11.812	338	9
1525599702	20785	63.824	11.774	338	6
1525599703	19908	64.064	11.442	338	5
1525599703	19949	64.064	11.442	338	3
1525599703	19989	64.064	11.447	338	1
1525599703	20028	64.064	11.531	338	10
1525599703	20119	64.064	11.486	338	7
1525599703	20165	64.064	11.537	338	4
1525599703	20251	64.064	11.447	338	7
1525599703	20299	64.064	11.447	338	6
1525599703	20210	64.064	11.442	338	1
1525599703	20344	64.064	11.442	338	11
1525599703	20436	64.064	11.442	338	8
1525599703	20388	64.064	11.447	338	1
1525599703	20493	64.064	11.391	338	1
1525599703	20540	64.064	11.385	338	9
1525599703	20590	64.174	11.486	338	1
1525599703	20640	64.184	11.537	338	1
1525599703	20692	64.184	11.537	338	11
1525599703	20744	64.184	11.542	338	1
1525599703	20795	64.184	11.542	338	7
1525599704	19956	63.701	11.806	338	6
1525599704	19996	63.701	11.806	338	9
1525599704	20037	63.701	11.863	338	9
1525599704	20080	63.701	11.812	338	9
1525599704	19916	63.701	11.762	338	9
1525599704	20125	63.701	11.857	338	11
1525599704	20174	63.701	11.857	338	1
1525599704	20217	63.701	11.913	338	7
1525599704	20260	63.701	11.913	338	7
1525599704	20310	63.701	11.913	338	1
1525599704	20351	63.701	11.913	338	1
1525599704	20397	63.701	11.907	338	3
1525599704	20446	63.701	11.907	338	1
1525599704	20502	63.701	11.907	338	7
1525599704	20553	63.701	11.913	338	5
1525599704	20701	63.818	11.812	338	3
1525599704	20648	63.818	11.818	338	5
1525599704	20802	63.82	11.913	338	9
1525599705	19964	64.063	11.542	338	3
1525599705	19884	64.063	11.537	338	3
1525599705	20045	64.063	11.492	338	7
1525599705	20005	64.063	11.447	338	9
1525599705	20090	64.063	11.397	338	11
1525599705	20135	64.063	11.397	338	7
1525599705	20227	64.063	11.397	338	11
1525599705	20182	64.063	11.403	338	5
1525599705	20272	64.063	11.397	338	9
1525599705	20358	64.063	11.442	338	13
1525599705	20511	64.063	11.442	338	7
1525599705	20404	64.063	11.442	338	6
1525599705	20560	64.179	11.486	338	1
1525599705	20613	64.183	11.537	338	11
1525599705	20659	64.183	11.581	338	5
1525599705	20709	64.183	11.593	338	11
1525599705	20764	64.183	11.587	338	5
1525599706	19972	63.702	12.153	338	8
1525599706	19892	63.702	12.191	338	1
1525599706	20013	63.702	12.103	338	5
1525599706	19932	63.702	12.147	338	3
1525599706	20098	63.702	12.198	338	5
1525599706	20142	63.702	12.198	338	1
1525599706	20193	63.702	12.191	338	11
1525599706	20236	63.702	12.147	338	7
1525599706	20279	63.702	12.191	338	11
1525599706	20330	63.702	12.191	338	5
1525599706	20520	63.702	12.191	338	9
1525599706	20366	63.822	12.28	338	3
1525599706	20416	63.817	12.236	338	7
1525599706	20570	63.822	12.236	338	6
1525599706	20673	63.822	12.141	338	13
1525599706	20625	63.822	12.185	338	1
1525599706	20719	63.822	12.129	338	1
1525599706	20773	63.941	12.129	338	6
1525599707	19981	64.062	11.72	338	1
1525599707	19938	64.062	11.815	338	11
1525599707	20020	64.063	11.765	338	7
1525599707	20064	64.063	11.765	338	3
1525599707	20110	64.063	11.765	338	1
1525599707	20153	64.063	11.771	338	1
1525599707	20201	64.063	11.726	338	1
1525599707	20289	64.063	11.771	338	11
1525599707	20243	64.063	11.765	338	1
1525599707	20336	64.063	11.765	338	5
1525599707	20425	64.063	11.714	338	13
1525599707	20380	64.063	11.709	338	3
1525599707	20483	64.063	11.714	338	11
1525599707	20531	64.181	11.664	338	3
1525599707	20578	64.063	11.67	338	9
1525599707	20681	64.184	11.581	338	6
1525599707	20633	64.184	11.67	338	4
1525599707	20735	64.184	11.626	338	9
1525599707	20785	64.184	11.575	338	6
1525599708	19908	63.7	11.806	338	5
1525599708	19949	63.7	11.851	338	3
1525599708	19989	63.699	11.845	338	1
1525599708	20028	63.699	11.756	338	10
1525599708	20119	63.699	11.806	338	7
1525599708	20165	63.699	11.806	338	4
1525599708	20251	63.699	11.851	338	7
1525599708	20299	63.699	11.845	338	6
1525599708	20388	63.699	11.8	338	1
1525599708	20210	63.699	11.851	338	1
1525599708	20344	63.699	11.895	338	11
1525599708	20436	63.699	11.895	338	8
1525599708	20493	63.699	11.901	338	1
1525599708	20540	63.783	11.952	338	9
1525599708	20590	63.814	11.851	338	1
1525599708	20640	63.814	11.845	338	1
1525599708	20692	63.814	11.851	338	11
1525599708	20744	63.816	11.744	338	1
1525599708	20795	63.934	11.75	338	7
1525599709	19916	64.061	11.145	338	9
1525599709	19956	64.061	11.15	338	6
1525599709	19996	64.061	11.106	338	9
1525599709	20080	64.061	11.049	338	9
1525599709	20174	64.061	11.01	338	1
1525599709	20037	64.061	11.049	338	9
1525599709	20217	64.061	11.049	338	7
1525599709	20125	64.061	11.1	338	11
1525599709	20260	64.061	11.049	338	7
1525599709	20310	64.061	11.1	338	1
1525599709	20351	64.061	11.1	338	1
1525599709	20446	64.061	11.106	338	1
1525599709	20397	64.061	11.106	338	3
1525599709	20502	64.061	11.106	338	7
1525599709	20553	64.169	11.1	338	5
1525599709	20648	64.181	11.201	338	5
1525599709	20701	64.181	11.246	338	3
1525599709	20802	64.181	11.195	338	9
1525599710	19884	63.707	11.504	338	3
1525599710	19964	63.708	11.492	338	3
1525599710	20005	63.708	11.498	338	9
1525599710	20045	63.708	11.498	338	7
1525599710	20090	63.708	11.498	338	11
1525599710	20135	63.708	11.453	338	7
1525599710	20182	63.708	11.453	338	5
1525599710	20227	63.708	11.408	338	11
1525599710	20272	63.708	11.408	338	9
1525599710	20358	63.708	11.447	338	13
1525599710	20404	63.708	11.408	338	6
1525599710	20511	63.708	11.504	338	7
1525599710	20560	63.823	11.459	338	1
1525599710	20613	63.823	11.352	338	11
1525599710	20659	63.823	11.352	338	5
1525599710	20709	63.823	11.346	338	1
1525599710	20764	63.942	11.346	338	5
1525599711	19892	64.073	10.752	338	1
1525599711	19932	64.073	10.797	338	1
1525599711	19972	64.073	10.797	338	1
1525599711	20013	64.073	10.797	338	5
1525599711	20098	64.073	10.752	338	5
1525599711	20142	64.073	10.758	338	1
1525599711	20193	64.073	10.763	338	1
1525599711	20236	64.073	10.808	338	7
1525599711	20279	64.073	10.797	338	11
1525599711	20330	64.073	10.758	338	5
1525599711	20520	64.073	10.797	338	1
1525599711	20416	64.188	10.803	338	7
1525599711	20570	64.193	10.842	338	1
1525599711	20366	64.193	10.752	338	3
1525599711	20673	64.194	10.853	338	2
1525599711	20625	64.194	10.898	338	1
1525599711	20719	64.194	10.954	338	1
1525599711	20773	64.194	10.954	338	1
1525599712	19938	63.715	11.447	338	11
1525599712	19981	63.715	11.453	338	1
1525599712	20020	63.715	11.453	338	7
1525599712	20110	63.715	11.453	338	1
1525599712	20064	63.715	11.453	338	3
1525599712	20153	63.715	11.453	338	1
1525599712	20201	63.715	11.498	338	1
1525599712	20243	63.715	11.498	338	1
1525599712	20289	63.715	11.492	338	11
1525599712	20336	63.715	11.542	338	5
1525599712	20425	63.715	11.637	338	13
1525599712	20380	63.715	11.554	338	3
1525599712	20531	63.715	11.61	338	3
1525599712	20578	63.715	11.604	338	9
1525599712	20483	63.715	11.548	338	1
1525599712	20681	63.834	11.655	338	2
1525599712	20633	63.834	11.566	338	4
1525599712	20735	63.834	11.554	338	1
1525599712	20785	63.946	11.548	338	6
1525599713	19949	64.071	11.044	338	3
1525599713	19908	64.071	11.089	338	5
1525599713	19989	64.071	11.044	338	1
1525599713	20028	64.071	11.049	338	1
1525599713	20119	64.071	10.999	338	1
1525599713	20165	64.071	10.999	338	4
1525599713	20251	64.071	10.999	338	7
1525599713	20299	64.071	10.999	338	1
1525599713	20210	64.071	10.999	338	1
1525599713	20388	64.071	10.999	338	1
1525599713	20344	64.071	10.904	338	11
1525599713	20436	64.071	10.988	338	1
1525599713	20493	64.071	11.038	338	1
1525599713	20540	64.19	10.943	338	9
1525599713	20590	64.191	10.993	338	1
1525599713	20640	64.191	11.044	338	1
1525599713	20692	64.191	11.044	338	11
1525599713	20744	64.191	11.145	338	1
1525599713	20795	64.191	11.139	338	7
1525599714	19956	63.702	11.626	338	1
1525599714	19996	63.702	11.626	338	9
1525599714	19916	63.702	11.626	338	9
1525599714	20080	63.702	11.676	338	9
1525599714	20037	63.702	11.67	338	9
1525599714	20125	63.702	11.581	338	11
1525599714	20174	63.702	11.67	338	1
1525599714	20260	63.702	11.531	338	7
1525599714	20217	63.702	11.531	338	7
1525599714	20310	63.702	11.436	338	1
1525599714	20351	63.702	11.48	338	1
1525599714	20397	63.702	11.475	338	3
1525599714	20446	63.702	11.475	338	1
1525599714	20502	63.702	11.475	338	7
1525599714	20553	63.702	11.475	338	5
1525599714	20701	63.822	11.335	338	3
1525599714	20648	63.822	11.419	338	5
1525599714	20802	63.822	11.43	338	9
1525599715	19884	64.067	10.887	338	3
1525599715	19964	64.067	10.893	338	3
1525599715	20045	64.067	10.848	338	1
1525599715	20005	64.067	10.842	338	9
1525599715	20090	64.067	10.893	338	1
1525599715	20135	64.067	10.938	338	7
1525599715	20227	64.067	10.938	338	1
1525599715	20182	64.067	10.887	338	5
1525599715	20272	64.067	11.027	338	9
1525599715	20358	64.068	11.033	338	13
1525599715	20404	64.068	11.078	338	6
1525599715	20511	64.068	11.033	338	7
1525599715	20560	64.186	11.033	338	1
1525599715	20659	64.188	11.139	338	5
1525599715	20613	64.188	11.139	338	11
1525599715	20709	64.188	11.145	338	1
1525599715	20764	64.188	11.139	338	5
1525599716	19932	63.715	11.587	338	1
1525599716	19892	63.715	11.593	338	1
1525599716	19972	63.715	11.587	338	1
1525599716	20013	63.715	11.637	338	5
1525599716	20098	63.715	11.542	338	5
1525599716	20142	63.715	11.542	338	1
1525599716	20193	63.715	11.537	338	1
1525599716	20236	63.715	11.537	338	7
1525599716	20279	63.715	11.537	338	11
1525599716	20330	63.715	11.581	338	5
1525599716	20520	63.715	11.587	338	1
1525599716	20416	63.825	11.542	338	7
1525599716	20366	63.825	11.548	338	3
1525599716	20570	63.835	11.504	338	1
1525599716	20625	63.835	11.352	338	1
1525599716	20673	63.835	11.391	338	2
1525599716	20719	63.835	11.296	338	1
1525599716	20773	63.954	11.341	338	1
1525599717	19938	64.08	10.808	338	11
1525599717	19981	64.08	10.803	338	1
1525599717	20020	64.08	10.848	338	7
1525599717	20064	64.08	10.803	338	3
1525599717	20110	64.08	10.803	338	1
1525599717	20153	64.08	10.887	338	1
1525599717	20201	64.08	10.837	338	1
1525599717	20289	64.08	10.797	338	11
1525599717	20243	64.08	10.797	338	1
1525599717	20336	64.08	10.707	338	5
1525599717	20380	64.08	10.696	338	3
1525599717	20425	64.08	10.606	338	13
1525599717	20578	64.08	10.651	338	9
1525599717	20531	64.08	10.696	338	3
1525599717	20483	64.08	10.747	338	1
1525599717	20681	64.076	10.848	338	2
1525599717	20633	64.076	10.893	338	4
1525599717	20735	64.195	10.949	338	1
1525599717	20785	64.195	11.044	338	6
1525599718	19908	63.713	11.548	338	5
1525599718	19949	63.712	11.548	338	3
1525599718	19989	63.712	11.554	338	1
1525599718	20028	63.712	11.593	338	1
1525599718	20119	63.712	11.637	338	1
1525599718	20165	63.712	11.548	338	4
1525599718	20251	63.712	11.593	338	7
1525599718	20299	63.712	11.599	338	1
1525599718	20210	63.712	11.548	338	1
1525599718	20388	63.712	11.599	338	1
1525599718	20344	63.712	11.599	338	11
1525599718	20436	63.712	11.515	338	1
1525599718	20493	63.712	11.56	338	1
1525599718	20540	63.828	11.554	338	9
1525599718	20590	63.828	11.548	338	1
1525599718	20640	63.828	11.459	338	1
1525599718	20692	63.828	11.459	338	11
1525599718	20744	63.828	11.358	338	1
1525599718	20795	63.946	11.358	338	7
1525599719	19916	64.073	10.96	338	9
1525599719	19956	64.073	10.954	338	1
1525599719	19996	64.073	10.954	338	9
1525599719	20037	64.073	11.005	338	9
1525599719	20080	64.073	11.005	338	9
1525599719	20125	64.073	11.049	338	11
1525599719	20174	64.073	10.999	338	1
1525599719	20260	64.073	11.044	338	7
1525599719	20217	64.073	11.044	338	7
1525599719	20310	64.073	11.044	338	1
1525599719	20351	64.073	10.999	338	1
1525599719	20397	64.073	11.005	338	3
1525599719	20502	64.073	11.089	338	7
1525599719	20446	64.073	11.094	338	1
1525599719	20553	64.191	11.055	338	5
1525599719	20701	64.193	11.15	338	3
1525599719	20648	64.193	11.066	338	5
1525599719	20802	64.193	11.049	338	9
1525599720	19884	63.726	11.572	338	3
1525599720	20045	63.726	11.616	338	1
1525599720	19964	63.726	11.622	338	3
1525599720	20090	63.726	11.667	338	1
1525599720	20005	63.726	11.628	338	9
1525599720	20135	63.726	11.622	338	7
1525599720	20227	63.726	11.661	338	1
1525599720	20182	63.726	11.667	338	5
1525599720	20272	63.726	11.583	338	9
1525599720	20358	63.726	11.533	338	13
1525599720	20404	63.726	11.616	338	6
1525599720	20511	63.726	11.527	338	7
1525599720	20560	63.832	11.572	338	1
1525599720	20613	63.837	11.515	338	11
1525599720	20659	63.837	11.47	338	5
1525599720	20709	63.837	11.56	338	1
1525599720	20764	63.837	11.667	338	5
1525599721	19892	64.079	11.212	338	1
1525599721	19972	64.079	11.167	338	1
1525599721	19932	64.079	11.167	338	1
1525599721	20013	64.079	11.167	338	5
1525599721	20098	64.079	11.251	338	5
1525599721	20142	64.079	11.296	338	1
1525599721	20193	64.079	11.302	338	1
1525599721	20236	64.079	11.302	338	7
1525599721	20279	64.079	11.313	338	11
1525599721	20330	64.079	11.307	338	5
1525599721	20520	64.079	11.358	338	1
1525599721	20366	64.079	11.346	338	3
1525599721	20570	64.197	11.397	338	1
1525599721	20416	64.079	11.352	338	7
1525599721	20625	64.199	11.498	338	1
1525599721	20673	64.199	11.504	338	2
1525599721	20719	64.199	11.554	338	1
1525599721	20773	64.2	11.465	338	1
1525599722	19981	63.717	12.091	338	1
1525599722	19938	63.717	12.04	338	11
1525599722	20020	63.717	12.046	338	7
1525599722	20064	63.717	12.091	338	3
1525599722	20110	63.717	12.097	338	1
1525599722	20153	63.717	12.046	338	1
1525599722	20243	63.717	12.097	338	1
1525599722	20201	63.717	12.097	338	1
1525599722	20289	63.717	12.103	338	11
1525599722	20336	63.717	12.147	338	5
1525599722	20483	63.717	12.204	338	1
1525599722	20425	63.717	12.204	338	13
1525599722	20380	63.717	12.204	338	3
1525599722	20578	63.717	12.191	338	9
1525599722	20531	63.725	12.147	338	3
1525599722	20681	63.831	11.895	338	2
1525599722	20633	63.831	11.851	338	4
1525599722	20735	63.831	11.75	338	1
1525599722	20785	63.831	11.699	338	6
1525599723	19949	64.075	11.486	338	3
1525599723	19908	64.075	11.442	338	5
1525599723	19989	64.075	11.436	338	1
1525599723	20028	64.075	11.436	338	1
1525599723	20119	64.075	11.391	338	1
1525599723	20165	64.075	11.48	338	4
1525599723	20251	64.075	11.436	338	7
1525599723	20299	64.075	11.43	338	1
1525599723	20210	64.075	11.436	338	1
1525599723	20388	64.075	11.385	338	1
1525599723	20436	64.075	11.475	338	1
1525599723	20344	64.075	11.43	338	13
1525599723	20493	64.075	11.38	338	1
1525599723	20540	64.077	11.385	338	9
1525599723	20590	64.19	11.391	338	1
1525599723	20640	64.19	11.442	338	3
1525599723	20692	64.19	11.436	338	11
1525599723	20744	64.19	11.492	338	1
1525599723	20795	64.19	11.537	338	7
1525599724	19916	63.709	12.091	338	9
1525599724	19956	63.709	12.052	338	1
1525599724	19996	63.709	12.046	338	9
1525599724	20037	63.709	12.002	338	9
1525599724	20080	63.709	11.996	338	9
1525599724	20125	63.709	12.04	338	13
1525599724	20174	63.709	12.046	338	1
1525599724	20260	63.709	12.04	338	7
1525599724	20217	63.709	12.04	338	7
1525599724	20310	63.709	12.046	338	1
1525599724	20351	63.709	12.04	338	1
1525599724	20397	63.709	12.091	338	3
1525599724	20446	63.709	12.002	338	1
1525599724	20502	63.709	12.002	338	7
1525599724	20553	63.826	12.04	338	5
1525599724	20701	63.828	11.895	338	3
1525599724	20648	63.828	11.895	338	5
1525599724	20802	63.948	11.762	338	9
1525599725	19884	64.077	11.234	338	3
1525599725	19964	64.077	11.229	338	3
1525599725	20045	64.077	11.279	338	1
1525599725	20005	64.077	11.273	338	13
1525599725	20090	64.077	11.229	338	1
1525599725	20135	64.077	11.229	338	7
1525599725	20227	64.077	11.195	338	1
1525599725	20182	64.077	11.24	338	1
1525599725	20272	64.077	11.19	338	9
1525599725	20358	64.077	11.19	338	13
1525599725	20511	64.077	11.145	338	2
1525599725	20404	64.077	11.061	338	6
1525599725	20560	64.196	11.1	338	1
1525599725	20613	64.197	11.201	338	9
1525599725	20659	64.197	11.201	338	5
1525599725	20709	64.197	11.201	338	1
1525599725	20764	64.197	11.1	338	5
1525599726	19892	63.712	11.509	338	1
1525599726	19932	63.712	11.56	338	1
1525599726	19972	63.712	11.56	338	1
1525599726	20013	63.712	11.509	338	6
1525599726	20098	63.712	11.515	338	5
1525599726	20193	63.712	11.42	338	1
1525599726	20142	63.712	11.426	338	1
1525599726	20236	63.712	11.465	338	7
1525599726	20279	63.712	11.465	338	1
1525599726	20330	63.712	11.465	338	5
1525599726	20366	63.712	11.476	338	3
1525599726	20416	63.712	11.47	338	1
1525599726	20520	63.712	11.42	338	1
1525599726	20570	63.831	11.426	338	1
1525599726	20625	63.831	11.369	338	1
1525599726	20673	63.831	11.369	338	2
1525599726	20719	63.831	11.369	338	1
1525599726	20773	63.831	11.42	338	1
1525599727	19981	64.078	10.926	338	1
1525599727	20020	64.078	10.926	338	8
1525599727	19938	64.078	10.931	338	1
1525599727	20064	64.078	10.835	338	3
1525599727	20110	64.078	10.835	338	1
1525599727	20153	64.078	10.846	338	1
1525599727	20201	64.078	10.886	338	1
1525599727	20289	64.078	10.881	338	1
1525599727	20243	64.078	10.886	338	3
1525599727	20483	64.078	10.734	338	1
1525599727	20336	64.078	10.83	338	1
1525599727	20425	64.078	10.824	338	1
1525599727	20380	64.078	10.734	338	3
1525599727	20578	64.078	10.835	338	9
1525599727	20531	64.078	10.835	338	3
1525599727	20633	64.197	11.027	338	4
1525599727	20681	64.195	10.982	338	2
1525599727	20735	64.197	11.134	338	1
1525599727	20785	64.197	11.134	338	6
1525599728	19908	63.727	11.482	338	1
1525599728	19949	63.727	11.437	338	3
1525599728	19989	63.727	11.482	338	1
1525599728	20028	63.727	11.443	338	1
1525599728	20119	63.727	11.443	338	1
1525599728	20165	63.727	11.443	338	4
1525599728	20251	63.727	11.488	338	2
1525599728	20299	63.727	11.499	338	1
1525599728	20210	63.727	11.583	338	1
1525599728	20388	63.727	11.583	338	1
1525599728	20436	63.727	11.538	338	1
1525599728	20493	63.727	11.494	338	1
1525599728	20344	63.727	11.544	338	16
1525599728	20540	63.838	11.583	338	1
1525599728	20590	63.844	11.583	338	1
1525599728	20692	63.844	11.482	338	1
1525599728	20640	63.844	11.482	338	3
1525599728	20744	63.844	11.673	338	1
1525599728	20795	63.844	11.684	338	7
1525599729	19916	64.088	11.251	338	1
1525599729	19956	64.088	11.251	338	1
1525599729	19996	64.088	11.341	338	1
1525599729	20037	64.088	11.296	338	2
1525599729	20080	64.088	11.302	338	1
1525599729	20125	64.088	11.257	338	17
1525599729	20174	64.088	11.257	338	1
1525599729	20217	64.088	11.358	338	1
1525599729	20260	64.088	11.358	338	6
1525599729	20310	64.088	11.352	338	1
1525599729	20351	64.088	11.403	338	1
1525599729	20397	64.088	11.352	338	3
1525599729	20446	64.088	11.346	338	1
1525599729	20502	64.088	11.352	338	7
1525599729	20553	64.088	11.352	338	5
1525599729	20701	64.207	11.453	338	3
1525599729	20648	64.207	11.447	338	1
1525599729	20802	64.207	11.587	338	1
1525599730	19884	63.727	11.907	338	1
1525599730	19964	63.727	11.863	338	3
1525599730	20005	63.727	11.907	338	16
1525599730	20045	63.727	11.863	338	1
1525599730	20090	63.727	11.907	338	1
1525599730	20135	63.727	11.958	338	7
1525599730	20227	63.727	11.946	338	1
1525599730	20182	63.727	11.901	338	1
1525599730	20272	63.727	11.946	338	9
1525599730	20358	63.727	11.946	338	13
1525599730	20404	63.727	11.984	338	6
1525599730	20511	63.727	11.984	338	5
1525599730	20560	63.727	11.94	338	1
1525599730	20613	63.845	12.179	338	19
1525599730	20659	63.845	12.185	338	8
1525599730	20709	63.846	12.141	338	1
1525599730	20764	63.963	12.343	338	5
1525599731	20098	64.13	24.633	338	5
1525599731	19932	64.1	24.379	338	1
1525599731	19972	64.1	24.379	338	1
1525599731	19892	64.1	24.328	338	1
1525599731	20013	64.1	24.43	338	10
1525599731	20570	64.275	25.279	338	1
1525599731	20520	64.272	25.177	338	1
1525599731	20236	64.16	24.734	338	7
1525599731	20366	64.272	25.228	338	3
1525599731	20773	64.363	26.036	338	1
1525599731	20279	64.194	24.835	338	10
1525599731	20193	64.142	24.798	338	1
1525599731	20330	64.233	24.987	338	5
1525599731	20719	64.345	25.748	338	1
1525599731	20625	64.301	25.494	338	1
1525599731	20416	64.272	25.228	338	5
1525599731	20142	64.139	24.683	338	1
1525599731	20673	64.301	25.532	338	2
1525599732	20064	64.242	39.807	338	3
1525599732	20425	64.388	40.305	338	12
1525599732	20110	64.248	39.807	338	1
1525599732	19981	64.235	39.675	338	1
1525599732	20578	64.426	40.335	338	9
1525599732	20020	64.235	39.695	338	14
1525599732	20380	64.406	40.365	338	3
1525599732	20201	64.277	39.817	338	1
1525599732	20289	64.297	39.929	338	8
1525599732	20681	64.473	40.538	338	2
1525599732	19938	64.235	39.655	338	10
1525599732	20735	64.507	40.72	338	1
1525599732	20243	64.304	39.929	338	3
1525599732	20153	64.277	39.807	338	1
1525599732	20336	64.335	40.132	338	6
1525599732	20785	64.555	40.944	338	6
1525599732	20531	64.427	40.365	338	3
1525599732	20483	64.37	40.284	338	1
1525599732	20633	64.473	40.589	338	4
1525599733	20119	64.517	54.643	338	1
1525599733	20165	64.534	54.694	338	4
1525599733	19949	64.508	54.513	338	3
1525599733	19908	64.508	54.462	338	5
1525599733	20590	64.769	55.459	338	1
1525599733	20640	64.772	55.612	338	3
1525599733	20540	64.708	55.306	338	7
1525599733	20210	64.628	54.926	338	1
1525599733	20436	64.65	55.102	338	1
1525599733	20493	64.658	55.176	338	1
1525599733	20692	64.775	55.641	338	9
1525599733	20388	64.643	55.051	338	1
1525599733	19989	64.513	54.564	338	1
1525599733	20028	64.516	54.615	338	1
1525599733	20344	64.65	55.051	338	20
1525599733	20251	64.554	54.819	338	7
1525599733	20299	64.582	54.87	338	1
1525599733	20744	64.866	55.743	338	1
1525599733	20795	64.897	55.89	338	7
1525599734	19916	65.43	70.639	338	7
1525599734	20174	65.472	70.895	338	1
1525599734	20217	65.496	70.961	338	6
1525599734	20310	65.528	71.049	338	1
1525599734	20125	65.461	70.829	338	151
1525599734	19996	65.43	70.712	338	6
1525599734	19956	65.43	70.706	338	1
1525599734	20260	65.496	70.931	338	10
1525599734	20080	65.452	70.742	338	8
1525599734	20351	65.546	71.136	338	1
1525599734	20397	65.571	71.187	338	3
1525599734	20446	65.616	71.304	338	1
1525599734	20701	65.724	71.714	338	3
1525599734	20802	65.852	72.16	338	7
1525599734	20037	65.444	70.742	338	11
1525599734	20648	65.724	71.75	338	4
1525599734	20553	65.653	71.407	338	5
1525599734	20502	65.616	71.304	338	7
1525599735	19884	66.687	86.294	338	2
1525599735	20135	66.737	86.506	338	7
1525599735	20560	66.937	87.32	338	1
1525599735	20182	66.763	86.66	338	3
1525599735	20709	67.056	87.468	338	1
1525599735	20764	67.141	87.577	338	5
1525599735	20090	66.709	86.485	338	1
1525599735	19964	66.696	86.403	338	3
1525599735	20511	66.877	87.16	338	8
1525599735	20358	66.855	86.961	338	13
1525599735	20404	66.877	87.108	338	6
1525599735	20045	66.696	86.396	338	1
1525599735	20227	66.758	86.66	338	1
1525599735	20005	66.709	86.448	338	15
1525599735	20659	67.027	87.365	338	8
1525599735	20613	67.027	87.359	338	21
1525599735	20272	66.792	86.711	338	9
1525599736	19972	67.577	89.56	338	1
1525599736	20719	67.722	89.606	338	1
1525599736	20570	67.677	89.606	338	1
1525599736	20279	67.648	89.606	338	10
1525599736	20236	67.643	89.611	338	7
1525599736	20520	67.651	89.611	338	1
1525599736	20330	67.648	89.606	338	5
1525599736	20625	67.68	89.606	338	1
1525599736	20013	67.577	89.509	338	10
1525599736	20416	67.651	89.606	338	5
1525599736	19932	67.577	89.56	338	1
1525599736	19892	67.575	89.549	338	1
1525599736	20098	67.615	89.555	338	5
1525599736	20773	67.722	89.584	338	1
1525599736	20673	67.68	89.606	338	2
1525599736	20142	67.617	89.565	338	1
1525599736	20193	67.617	89.595	338	1
1525599736	20366	67.677	89.616	338	3
1525599737	19981	68.957	92.045	338	1
1525599737	20020	68.957	92.045	338	13
1525599737	20578	68.957	92.1	338	9
1525599737	20483	68.957	92.1	338	1
1525599737	20633	68.979	92.1	338	4
1525599737	20110	68.957	92.041	338	1
1525599737	20735	68.979	92.096	338	1
1525599737	20380	68.957	92.1	338	3
1525599737	20243	68.957	92.1	338	3
1525599737	19938	68.944	92.045	338	11
1525599737	20336	68.957	92.096	338	10
1525599737	20201	68.957	92.049	338	1
1525599737	20064	68.957	92.041	338	3
1525599737	20681	68.957	92.096	338	2
1525599737	20153	68.957	92.049	338	1
1525599737	20785	69.005	92.092	338	6
1525599737	20531	68.957	92.096	338	3
1525599738	20640	70.491	94.338	338	3
1525599737	20425	68.957	92.1	338	14
1525599738	19949	70.937	94.222	338	3
1525599738	20692	71.096	94.329	338	9
1525599738	20210	71.086	94.326	338	1
1525599738	20795	70.49	94.323	338	7
1525599738	20436	71.086	94.323	338	1
1525599738	20388	71.086	94.326	338	1
1525599738	20590	71.096	94.323	338	1
1525599738	20028	70.937	94.273	338	1
1525599738	19989	70.937	94.228	338	1
1525599738	20540	71.09	94.323	338	7
1525599738	20119	70.937	94.278	338	1
1525599737	20289	68.957	92.1	338	9
1525599738	20251	71.058	94.318	338	9
1525599738	20493	71.086	94.32	338	1
1525599738	20165	70.969	94.329	338	4
1525599739	20701	71.649	96.212	338	3
1525599738	19908	70.937	94.225	338	9
1525599738	20344	71.086	94.326	338	21
1525599738	20744	70.479	94.323	338	1
1525599739	20802	71.648	96.208	338	8
1525599738	20299	71.084	94.326	338	1
1525599739	20502	71.993	96.206	338	7
1525599739	20351	71.988	96.158	338	1
1525599739	20553	71.649	96.225	338	5
1525599739	20310	71.988	96.16	338	1
1525599739	20397	71.988	96.158	338	3
1525599739	20217	71.987	96.154	338	6
1525599739	20174	71.985	96.16	338	1
1525599739	20260	71.987	96.158	338	13
1525599739	19916	71.979	96.109	338	9
1525599739	20648	71.649	96.208	338	10
1525599739	20446	71.993	96.206	338	1
1525599739	19956	71.982	96.117	338	1
1525599739	20080	71.984	96.164	338	9
1525599739	20125	71.985	96.165	338	18
1525599739	19996	71.979	96.105	338	8
1525599739	20037	71.98	96.158	338	15
1525599740	20090	73.139	98.141	338	1
1525599740	20404	73.273	98.19	338	6
1525599740	20358	73.264	98.19	338	13
1525599740	20709	73.3	98.19	338	1
1525599740	20613	73.289	98.19	338	21
1525599740	20182	73.139	98.189	338	3
1525599740	19964	73.136	98.139	338	3
1525599740	20227	73.147	98.191	338	1
1525599740	20045	73.137	98.14	338	1
1525599740	20560	73.283	98.189	338	1
1525599740	20764	73.3	98.189	338	5
1525599740	19884	73.139	98.144	338	2
1525599740	20659	73.3	98.19	338	8
1525599740	20511	73.273	98.19	338	10
1525599740	20135	73.139	98.189	338	7
1525599740	20272	73.15	98.19	338	9
1525599740	20005	73.139	98.142	338	12
1525599741	20773	74.334	99.5	338	1
1525599741	20013	74.203	99.499	338	10
1525599741	20330	74.209	99.5	338	5
1525599741	20279	74.205	99.5	338	19
1525599741	20416	74.214	99.5	338	5
1525599741	20520	74.214	99.5	338	1
1525599741	20193	74.203	99.5	338	1
1525599741	20570	74.214	99.5	338	1
1525599741	19892	74.18	99.5	338	1
1525599741	20142	74.203	99.5	338	1
1525599741	20236	74.203	99.499	338	7
1525599741	19972	74.202	99.45	338	1
1525599741	20366	74.214	99.5	338	3
1525599741	20098	74.205	99.503	338	5
1525599741	20673	74.261	99.501	338	2
1525599741	20625	74.214	99.5	338	1
1525599741	19932	74.203	99.45	338	1
1525599741	20719	74.334	99.5	338	1
1525599742	20110	74.704	99.75	338	1
1525599742	20153	74.704	99.8	338	1
1525599742	20336	74.707	99.8	338	9
1525599742	20243	74.707	99.8	338	3
1525599742	20735	74.716	99.8	338	1
1525599742	20380	74.707	99.8	338	3
1525599742	20531	74.71	99.8	338	3
1525599742	20483	74.707	99.8	338	1
1525599742	20425	74.707	99.8	338	14
1525599742	20064	74.704	99.75	338	3
1525599742	20201	74.704	99.8	338	1
1525599742	20289	74.707	99.8	338	13
1525599742	20681	74.716	99.801	338	2
1525599742	20785	74.512	99.8	338	6
1525599742	19981	74.625	99.75	338	1
1525599742	20020	74.655	99.75	338	13
1525599742	19938	74.595	99.75	338	21
1525599742	20578	74.707	99.8	338	9
1525599743	20251	74.633	99.8	338	10
1525599743	20692	74.764	99.8	338	10
1525599743	20795	74.766	99.8	338	7
1525599743	20028	74.633	99.8	338	1
1525599742	20633	74.721	99.801	338	4
1525599743	20165	74.633	99.8	338	4
1525599743	20744	74.764	99.8	338	1
1525599743	20344	74.638	99.8	338	21
1525599743	20640	74.764	99.8	338	3
1525599743	20590	74.764	99.8	338	1
1525599743	20540	74.764	99.8	338	11
1525599743	20436	74.641	99.8	338	1
1525599743	20299	74.636	99.8	338	1
1525599743	20388	74.762	99.801	338	1
1525599743	19989	74.618	99.8	338	1
1525599743	19949	74.613	99.8	338	3
1525599743	20119	74.633	99.8	338	1
1525599743	19908	74.613	99.8	338	9
1525599744	20260	74.985	99.85	338	13
1525599743	20493	74.648	99.8	338	1
1525599744	19916	74.982	99.85	338	17
1525599744	19956	74.982	99.85	338	1
1525599744	20446	75.075	99.85	338	1
1525599744	20351	74.986	99.85	338	1
1525599744	19996	74.982	99.85	338	16
1525599744	20553	75.111	99.849	338	5
1525599743	20210	74.636	99.8	338	1
1525599744	20701	75.113	99.85	338	3
1525599744	20217	74.985	99.85	338	13
1525599744	20310	74.985	99.85	338	1
1525599744	20125	74.985	99.85	338	20
1525599744	20397	74.986	99.85	338	3
1525599744	20174	74.985	99.85	338	1
1525599744	20648	75.113	99.85	338	8
1525599744	20502	75.079	99.85	338	7
1525599744	20080	74.983	99.85	338	14
1525599744	20037	74.983	99.85	338	16
1525599744	20802	75.117	99.85	338	11
1525599745	20182	75.196	99.85	339	3
1525599745	20045	75.081	99.85	339	1
1525599745	20659	75.325	99.85	339	8
1525599745	20272	75.204	99.85	339	9
1525599745	20090	75.081	99.85	339	1
1525599745	20005	75.081	99.85	339	13
1525599745	20764	75.331	99.85	339	5
1525599745	20613	75.272	99.85	339	21
1525599745	20511	75.204	99.85	339	10
1525599745	20358	75.204	99.85	339	13
1525599745	20560	75.204	99.85	339	1
1525599745	20709	75.33	99.85	339	1
1525599745	20135	75.146	99.85	339	7
1525599745	19884	75.081	99.85	339	2
1525599745	20404	75.204	99.85	339	6
1525599745	19964	75.081	99.85	339	3
1525599745	20227	75.196	99.85	339	1
1525599746	20625	75.552	100	339	1
1525599746	20520	75.538	100	339	1
1525599746	20719	75.574	100	339	1
1525599746	20013	75.42	100	339	10
1525599746	20416	75.544	100	339	5
1525599746	20366	75.544	100	339	3
1525599746	20330	75.528	100	339	5
1525599746	20236	75.52	100	339	7
1525599746	20193	75.515	100	339	1
1525599746	19972	75.441	100	339	1
1525599746	20570	75.544	100	339	1
1525599746	20673	75.556	100	339	2
1525599746	20142	75.515	100	339	1
1525599746	20773	75.592	100	339	1
1525599747	20336	75.132	100	339	9
1525599746	20279	75.526	100	339	20
1525599747	20785	75.264	100	339	6
1525599746	19932	75.388	100	339	1
1525599747	20483	75.254	100	339	1
1525599747	20110	75.114	100	339	1
1525599747	20020	75.114	100	339	13
1525599747	20380	75.262	100	339	1
1525599746	20098	75.515	100	339	5
1525599747	20578	75.242	100	339	9
1525599747	20633	75.254	100	339	4
1525599747	20289	75.12	100	339	14
1525599747	20243	75.12	100	339	3
1525599747	20735	75.264	100	339	1
1525599747	20201	75.12	100	339	1
1525599747	19981	75.114	100	339	1
1525599747	19938	75.114	100	339	21
1525599747	20531	75.242	100	339	3
1525599747	20064	75.114	100	339	3
1525599748	20692	75.659	100	339	19
1525599748	20540	75.656	100	339	10
1525599748	20640	75.659	100	339	3
1525599748	19908	75.527	100	339	9
1525599748	20436	75.653	100	339	1
1525599748	20165	75.546	100	339	4
1525599748	20388	75.653	100	339	1
1525599746	19892	75.388	99.95	339	3
1525599747	20425	75.245	100	339	18
1525599748	20119	75.534	100	339	1
1525599747	20681	75.254	100	339	2
1525599748	20590	75.659	100	339	1
1525599748	20210	75.653	100	339	1
1525599748	20251	75.647	100	339	10
1525599747	20153	75.115	100	339	1
1525599748	20344	75.653	100	339	21
1525599748	19989	75.528	100	339	1
1525599748	20299	75.653	100	339	1
1525599748	20744	75.659	100	339	1
1525599748	20795	75.659	100	339	7
1525599748	19949	75.528	100	339	3
1525599748	20028	75.653	100	339	1
1525599748	20493	75.656	100	339	1
1525599749	20260	75.716	100	339	13
1525599749	20397	75.773	100	339	3
1525599749	20310	75.771	100	339	1
1525599749	19916	75.643	100	339	15
1525599749	20502	75.776	100	339	7
1525599749	20648	75.789	100	339	8
1525599749	20174	75.651	100	339	1
1525599749	20802	75.789	100	339	12
1525599749	20701	75.789	100	339	1
1525599749	20217	75.716	100	339	12
1525599749	20080	75.649	100	339	16
1525599749	20351	75.773	100	339	1
1525599749	20446	75.776	100	339	3
1525599750	20135	76.28	100	339	7
1525599749	19956	75.645	100	339	1
1525599750	20358	75.624	100	339	13
1525599749	20037	75.649	100	339	16
1525599750	20764	75.668	100	339	5
1525599749	19996	75.645	100	339	15
1525599750	20709	75.656	100	339	1
1525599749	20553	75.776	100	339	5
1525599750	20511	75.624	100	339	10
1525599750	19964	76.268	100	339	3
1525599750	20659	75.654	100	339	8
1525599750	19884	76.268	100	339	3
1525599750	20613	75.654	100	339	21
1525599750	20227	76.386	100	339	1
1525599750	20182	76.386	100	339	4
1525599750	20090	76.268	100	339	1
1525599749	20125	75.716	100	339	21
1525599750	20045	76.268	100	339	1
1525599750	20560	75.635	100	339	1
1525599750	20005	76.268	100	339	14
1525599750	20272	76.387	100	339	9
1525599751	20625	76.217	100	339	1
1525599750	20404	75.624	100	339	6
1525599751	20013	76.3	100	339	10
1525599751	20673	76.217	100	339	2
1525599751	20719	76.217	100	339	1
1525599751	19932	76.269	100	339	1
1525599751	20366	76.289	100	339	3
1525599751	20279	76.312	100	339	19
1525599751	20098	76.312	100	339	5
1525599751	19892	76.23	100	339	3
1525599751	20570	76.249	100	339	1
1525599751	20142	76.312	100	339	1
1525599751	20773	76.217	100	339	1
1525599751	19972	76.271	100	339	1
1525599751	20520	76.311	100	339	1
1525599751	20330	76.311	100	339	5
1525599752	20153	75.947	100	339	1
1525599751	20193	76.312	100	339	1
1525599751	20236	76.312	100	339	7
1525599751	20416	76.311	100	339	10
1525599752	20336	76.066	100	339	9
1525599752	20289	76.04	100	339	14
1525599752	19981	75.944	100	339	1
1525599752	20531	76.07	100	339	3
1525599752	20243	76.064	100	339	3
1525599752	20110	75.947	100	339	1
1525599752	20201	75.959	100	339	1
1525599752	20633	76.076	100	339	4
1525599752	20064	75.947	100	339	3
1525599752	20020	75.944	100	339	13
1525599752	20380	76.066	100	339	1
1525599752	20681	76.076	100	339	2
1525599752	19938	75.944	100	339	19
1525599752	20578	76.069	100	339	9
1525599752	20425	76.066	100	339	17
1525599752	20483	76.066	100	339	1
1525599752	20785	76.076	100	339	6
1525599753	20119	76.009	100	339	1
1525599752	20735	76.076	100	339	1
1525599753	20493	76.041	100	339	1
1525599753	19949	75.97	100	339	3
1525599753	20744	76.05	100	339	3
1525599753	20388	76.041	100	339	1
1525599753	20251	76.032	100	339	10
1525599753	20028	75.971	100	339	1
1525599753	20436	76.041	100	339	1
1525599753	20165	76.032	100	339	4
1525599753	20210	76.041	100	339	1
1525599753	20540	76.043	100	339	12
1525599753	19989	75.911	100	339	1
1525599753	20692	76.05	100	339	15
1525599753	20795	76.049	100	339	7
1525599753	20299	76.041	100	339	1
1525599753	20590	76.043	100	339	1
1525599753	19908	75.97	100	339	9
1525599753	20344	76.041	100	339	21
1525599754	20037	76.512	99.95	339	16
1525599754	20502	76.003	99.95	339	7
1525599754	20446	76.001	99.95	339	3
1525599754	19996	76.512	99.95	339	15
1525599754	20174	75.893	99.95	339	1
1525599754	20217	75.893	99.95	339	12
1525599753	20640	76.05	100	339	3
1525599754	20351	75.892	99.95	339	1
1525599754	20802	76.004	99.95	339	12
1525599754	20260	75.893	99.95	339	13
1525599754	20125	75.893	99.95	339	17
1525599754	20310	75.892	99.95	339	1
1525599754	20648	76.004	99.95	339	8
1525599754	19956	76.511	99.95	339	1
1525599754	20080	76.512	99.95	339	15
1525599755	20227	76.614	99.95	339	1
1525599754	19916	76.512	99.95	339	15
1525599755	20709	76.628	99.95	339	1
1525599754	20553	76.004	99.95	339	5
1525599755	20135	76.614	99.95	339	7
1525599755	19964	76.538	99.95	339	3
1525599755	20659	76.623	99.95	339	7
1525599755	19884	76.494	99.95	339	5
1525599755	20045	76.599	99.95	339	1
1525599754	20397	75.892	99.95	339	3
1525599755	20764	76.628	99.95	339	5
1525599754	20701	76.004	99.95	339	1
1525599755	20272	76.615	99.95	339	9
1525599755	20404	76.615	99.95	339	6
1525599756	20098	76.191	99.95	339	5
1525599755	20560	76.619	99.95	339	1
1525599755	20182	76.614	99.95	339	6
1525599756	20330	76.308	99.95	339	5
1525599755	20358	76.615	99.95	339	13
1525599756	20625	76.322	99.95	339	1
1525599755	20090	76.614	99.95	339	1
1525599756	19932	76.794	99.95	339	1
1525599755	20511	76.617	99.95	339	10
1525599755	20613	76.623	99.95	339	20
1525599756	20366	76.308	99.95	339	3
1525599756	20570	76.308	99.95	339	1
1525599755	20005	76.612	99.95	339	14
1525599756	20773	76.428	99.95	339	1
1525599756	20142	76.191	99.95	339	3
1525599756	20279	76.308	99.95	339	19
1525599756	20719	76.428	99.95	339	1
1525599756	20673	76.332	99.95	339	2
1525599756	20520	76.308	99.95	339	1
1525599756	19972	76.663	99.95	339	1
1525599756	20236	76.308	99.95	339	7
1525599756	19892	76.793	99.95	339	3
1525599756	20013	76.793	99.95	339	10
1525599756	20193	76.308	99.95	339	1
1525599757	20681	76.795	99.95	339	2
1525599757	20336	76.775	99.95	339	9
1525599757	20785	76.801	99.95	339	6
1525599757	20425	76.778	99.95	339	18
1525599757	20153	76.762	99.95	339	1
1525599757	20020	76.641	99.95	339	13
1525599757	20633	76.795	99.95	339	4
1525599757	20483	76.775	99.95	339	1
1525599757	19938	76.634	99.95	339	18
1525599757	20110	76.762	99.95	339	1
1525599757	19981	76.683	99.95	339	1
1525599757	20243	76.762	99.95	339	3
1525599758	20119	76.611	99.95	339	1
1525599758	20540	76.76	99.95	339	14
1525599757	20380	76.778	99.95	339	1
1525599758	20388	76.73	99.95	339	1
1525599758	19989	76.609	99.95	339	1
1525599758	20028	76.611	99.95	339	1
1525599757	20064	76.683	99.95	339	3
1525599757	20201	76.762	99.95	339	1
1525599758	20493	76.739	99.95	339	1
1525599758	20165	76.611	99.95	339	4
1525599758	20436	76.739	99.95	339	1
1525599757	20578	76.781	99.95	339	9
1525599758	20210	76.73	99.95	339	1
1525599758	20795	76.869	99.95	339	7
1525599758	20640	76.857	99.95	339	3
1525599756	20416	76.308	99.95	339	13
1525599759	20174	76.93	100	339	1
1525599759	20701	77.076	100	339	1
1525599758	20344	76.73	99.95	339	21
1525599757	20531	76.783	99.95	339	3
1525599759	20310	76.932	100	339	1
1525599759	20802	77.076	100	339	13
1525599759	20553	77.076	100	339	5
1525599758	19908	76.547	99.95	339	9
1525599759	20217	76.93	100	339	13
1525599757	20735	76.795	99.95	339	1
1525599759	19996	76.93	100	339	17
1525599759	20125	76.93	100	339	38
1525599758	19949	76.549	99.95	339	3
1525599758	20692	76.857	99.95	339	15
1525599758	20744	76.863	99.95	339	3
1525599759	20351	76.932	100	339	1
1525599757	20289	76.762	99.95	339	14
1525599759	20397	76.932	100	339	3
1525599760	20404	76.635	100	339	6
1525599758	20251	76.664	99.95	339	13
1525599759	20260	76.93	100	339	13
1525599759	20037	76.93	100	339	17
1525599759	20502	76.989	100	339	7
1525599760	20090	76.514	100	339	1
1525599758	20299	76.73	99.95	339	1
1525599759	20648	77.076	100	339	9
1525599760	20560	76.643	100	339	1
1525599760	20764	76.644	100	339	5
1525599761	20013	76.926	100	339	10
1525599760	20358	76.629	100	339	13
1525599759	20446	76.991	100	339	3
1525599760	20659	76.643	100	339	8
1525599760	20709	76.644	100	339	9
1525599758	20590	76.857	99.95	339	1
1525599760	20182	76.514	100	339	6
1525599760	20135	76.514	100	339	7
1525599761	20570	77.046	100	339	5
1525599760	19964	76.514	100	339	3
1525599759	19916	76.93	100	339	16
1525599759	20080	76.93	100	339	15
1525599760	20613	76.643	100	339	21
1525599762	19938	76.823	100	339	18
1525599760	20272	76.514	100	339	9
1525599761	20279	77.038	100	339	19
1525599761	19972	76.915	100	339	8
1525599760	19884	76.514	100	339	5
1525599761	20142	77.035	100	339	3
1525599760	20511	76.644	100	339	11
1525599760	20045	76.514	100	339	1
1525599760	20227	76.514	100	339	1
1525599761	20330	77.038	100	339	5
1525599761	19932	76.915	100	339	3
1525599761	20673	77.049	100	339	13
1525599762	20633	76.84	100	339	4
1525599762	20336	76.834	100	339	9
1525599761	20719	77.061	100	339	1
1525599761	20520	77.038	100	339	9
1525599761	20236	77.038	100	339	7
1525599763	20119	76.969	100	339	4
1525599761	20416	77.038	100	339	13
1525599762	20110	76.832	100	339	1
1525599762	20153	76.832	100	339	1
1525599763	20251	76.969	100	339	13
1525599762	20020	76.825	100	339	13
1525599763	20493	76.969	100	339	1
1525599763	19949	76.963	100	339	3
1525599763	20028	76.969	100	339	11
1525599763	20388	76.969	100	339	1
1525599762	19981	76.825	100	339	1
1525599761	20773	77.061	100	339	7
1525599762	20243	76.834	100	339	3
1525599762	20531	76.84	100	339	1
1525599763	20540	76.969	100	339	14
1525599761	19892	76.912	100	339	3
1525599763	20744	77.089	100	339	3
1525599761	20625	77.049	100	339	1
1525599763	20692	77.089	100	339	15
1525599762	20425	76.834	100	339	18
1525599761	20098	77.035	100	339	5
1525599762	20785	76.84	100	339	6
1525599761	20366	77.038	100	339	3
1525599762	20380	76.834	100	339	1
1525599762	20681	76.84	100	339	6
1525599762	20578	76.838	100	339	9
1525599761	20193	77.037	100	339	12
1525599763	20436	76.969	100	339	8
1525599759	19956	76.93	100	339	1
1525599763	20640	77.087	100	339	3
1525599762	20483	76.834	100	339	9
1525599763	20795	77.089	100	339	7
1525599764	20701	76.756	100	339	1
1525599762	20289	76.834	100	339	14
1525599762	20064	76.832	100	339	1
1525599764	19916	76.75	100	339	15
1525599763	20165	76.969	100	339	4
1525599763	19908	76.949	100	339	9
1525599763	20299	76.969	100	339	6
1525599762	20735	76.84	100	339	9
1525599764	20351	76.757	100	339	1
1525599764	20502	76.757	100	339	7
1525599763	20590	77.032	100	339	1
1525599764	20260	76.75	100	339	13
1525599764	20080	76.75	100	339	15
1525599764	20446	76.757	100	339	3
1525599760	20005	76.644	100	339	35
1525599764	19996	76.75	100	339	17
1525599763	20210	76.969	100	339	1
1525599763	20344	76.969	100	339	21
1525599763	19989	76.969	100	339	1
1525599764	20217	76.75	100	339	13
1525599764	20397	76.757	100	339	3
1525599764	20310	76.757	100	339	1
1525599764	20648	76.756	100	339	9
1525599764	20037	76.75	100	339	17
1525599765	20511	76.686	100	339	11
1525599764	20553	76.757	100	339	5
1525599764	20125	76.951	100	339	34
1525599765	20182	76.679	100	339	6
1525599766	20416	77.225	100	339	13
1525599765	20135	76.654	100	339	7
1525599766	20719	76.5	100	339	1
1525599765	20090	76.559	100	339	13
1525599766	20773	76.499	100	339	7
1525599766	20013	77.088	100	339	10
1525599766	19892	77.087	100	339	3
1525599767	20064	76.994	100	339	1
1525599767	20681	77.013	100	339	6
1525599765	20560	76.686	100	339	1
1525599764	20802	76.876	100	339	13
1525599764	20174	76.75	100	339	1
1525599766	20279	77.166	100	339	19
1525599765	19884	76.558	100	339	5
1525599765	20227	76.679	100	339	12
1525599765	20358	76.679	100	339	13
1525599765	20709	76.686	100	339	9
1525599766	20366	76.5	100	339	3
1525599765	20659	76.686	100	339	8
1525599765	20404	76.686	100	339	6
1525599765	19964	76.558	100	339	3
1525599766	19972	77.087	100	339	8
1525599767	20483	77.013	100	339	9
1525599766	20142	77.088	100	339	3
1525599762	20201	76.834	100	339	1
1525599767	20425	77.013	100	339	18
1525599767	20289	76.994	100	339	14
1525599766	20236	77.088	100	339	7
1525599767	19981	76.994	100	339	1
1525599765	20764	76.686	100	339	5
1525599767	20633	77.015	100	339	4
1525599766	20330	77.188	100	339	5
1525599768	20028	76.702	100	339	11
1525599766	19956	76.748	100	339	5
1525599767	19938	76.994	100	339	18
1525599766	20673	77.228	100	339	13
1525599765	20272	76.679	100	339	9
1525599767	20243	76.997	100	339	3
1525599766	20098	77.088	100	339	5
1525599765	20045	76.559	100	339	6
1525599768	19908	76.696	100	339	9
1525599766	20193	76.748	100	339	12
1525599767	20578	77.013	100	339	9
1525599766	20570	77.225	100	339	5
1525599766	20625	77.228	100	339	1
1525599766	19932	77.087	100	339	3
1525599767	20005	76.659	100	339	19
1525599768	20744	76.821	100	339	3
1525599767	20531	77.013	100	339	1
1525599767	20735	76.543	100	339	9
1525599768	20540	76.819	100	339	14
1525599768	20388	76.815	100	339	1
1525599768	20493	76.819	100	339	1
1525599768	20795	76.939	100	339	7
1525599767	20020	76.994	100	339	13
1525599768	20251	76.815	100	339	13
1525599768	19989	76.696	100	339	1
1525599767	20336	76.997	100	339	9
1525599767	20380	77.013	100	339	1
1525599768	20165	76.815	100	339	4
1525599767	20153	76.994	100	339	1
1525599768	20299	76.815	100	339	5
1525599768	20210	76.815	100	339	1
1525599766	20520	77.225	100	339	9
1525599769	20446	76.947	100	339	3
1525599767	20785	76.543	100	339	6
1525599768	20119	76.717	100	339	4
1525599765	20613	76.686	100	339	21
1525599768	20640	76.819	100	339	3
1525599768	20344	76.816	100	339	21
1525599769	19996	76.827	100	339	17
1525599769	19916	76.827	100	339	16
1525599768	19949	76.696	100	339	3
1525599767	20110	76.994	100	339	1
1525599768	20590	76.819	100	339	1
1525599768	20436	76.818	100	339	8
1525599770	20511	77.359	100	339	11
1525599769	20174	77.068	100	339	1
1525599768	20692	76.819	100	339	15
1525599769	20260	76.827	100	339	13
1525599769	20037	76.827	100	339	17
1525599769	20351	76.898	100	339	1
1525599769	20080	76.827	100	339	15
1525599770	20358	77.337	100	339	13
1525599769	20553	76.947	100	339	5
1525599772	20110	76.91	100	339	1
1525599772	20064	76.719	100	339	1
1525599770	20404	77.359	100	339	6
1525599770	20090	77.224	100	339	11
1525599769	20648	76.947	100	339	9
1525599771	20013	76.93	100	339	10
1525599771	20366	77.051	100	339	3
1525599770	19884	77.224	100	339	5
1525599770	20560	77.361	100	339	1
1525599769	20502	76.947	100	339	7
1525599771	20773	77.064	100	339	7
1525599771	19972	76.93	100	339	8
1525599771	20236	76.995	100	339	7
1525599770	20227	77.239	100	339	12
1525599770	20764	76.64	100	339	5
1525599769	20125	76.947	100	339	31
1525599772	20531	76.955	100	339	1
1525599770	19964	77.224	100	339	3
1525599771	20193	77.05	100	339	12
1525599769	20217	76.827	100	339	13
1525599769	20701	76.947	100	339	1
1525599772	20785	77.086	100	339	6
1525599770	20182	77.255	100	339	6
1525599771	19892	76.869	100	339	3
1525599773	20540	77.474	100	339	14
1525599771	20673	77.059	100	339	13
1525599772	20243	76.835	100	339	3
1525599772	20735	76.957	100	339	9
1525599772	20483	76.835	100	339	9
1525599771	20279	77.05	100	339	19
1525599769	20310	76.827	100	339	1
1525599771	20416	77.051	100	339	13
1525599769	20201	76.969	100	339	1
1525599771	20330	77.051	100	339	5
1525599772	20681	76.955	100	339	6
1525599771	20045	76.81	100	339	6
1525599769	20802	77.067	100	339	13
1525599771	20719	77.064	100	339	1
1525599772	20153	76.835	100	339	1
1525599771	20142	76.93	100	339	3
1525599773	20299	77.328	100	339	6
1525599770	20272	77.049	100	339	9
1525599770	20135	77.224	100	339	7
1525599773	19989	77.326	100	339	1
1525599772	19981	76.718	100	339	1
1525599772	20633	76.955	100	339	4
1525599774	19996	77.404	100	339	17
1525599772	20336	76.835	100	339	9
1525599770	19956	76.914	100	339	5
1525599773	20388	77.328	100	339	1
1525599770	20709	76.641	100	339	9
1525599772	20020	76.719	100	339	13
1525599773	20795	76.854	100	339	7
1525599771	20098	76.93	100	339	5
1525599772	20425	76.835	100	339	18
1525599772	20289	76.835	100	339	14
1525599773	19949	77.326	100	339	3
1525599773	20692	77.475	100	339	15
1525599774	19916	77.404	100	339	16
1525599773	20640	77.447	100	339	3
1525599771	20005	77.184	100	339	14
1525599774	20037	77.404	100	339	17
1525599773	20493	77.354	100	339	1
1525599773	20165	77.328	100	339	4
1525599773	20210	77.328	100	339	1
1525599773	20028	77.326	100	339	11
1525599773	20590	77.474	100	339	1
1525599772	20578	76.954	100	339	9
1525599774	20446	77.406	100	339	3
1525599772	20380	76.866	100	339	1
1525599774	20080	77.406	100	339	15
1525599772	20613	76.835	100	339	21
1525599773	20344	77.328	100	339	21
1525599772	19938	76.716	100	339	18
1525599775	20358	77.141	100	339	13
1525599773	20436	77.328	100	339	8
1525599775	20560	77.26	100	339	1
1525599775	20090	77.141	100	339	11
1525599769	20397	76.939	100	339	3
1525599773	20744	76.856	100	339	3
1525599773	19908	77.326	100	339	9
1525599776	20013	77.322	100	339	10
1525599774	20174	77.406	100	339	1
1525599771	20625	77.064	100	339	1
1525599775	20310	77.063	100	339	1
1525599775	19964	77.141	100	339	3
1525599776	20416	77.471	100	339	13
1525599774	20260	77.406	100	339	13
1525599775	20404	77.141	100	339	6
1525599775	20182	77.514	100	339	6
1525599776	20802	77.348	100	339	13
1525599776	19892	77.322	100	339	3
1525599777	20243	77.263	100	339	3
1525599775	20764	77.266	100	339	3
1525599777	20020	77.173	100	339	13
1525599775	20227	77.141	100	339	12
1525599775	20701	77.271	100	339	1
1525599776	20673	77.471	100	339	13
1525599774	20125	77.498	100	339	41
1525599778	20590	77.583	99.95	339	1
1525599776	20709	77.299	100	339	9
1525599776	20236	77.34	100	339	6
1525599775	20511	77.141	100	339	11
1525599776	20135	77.592	100	339	9
1525599774	20648	76.938	100	339	9
1525599777	20289	77.281	100	339	14
1525599776	20366	77.471	100	339	3
1525599777	20633	77.305	100	339	4
1525599774	20502	77.096	100	339	6
1525599775	20201	77.13	100	339	1
1525599776	20193	77.337	100	339	12
1525599771	19932	77.064	100	339	3
1525599776	20279	77.348	100	339	19
1525599776	19956	77.239	100	339	5
1525599777	20153	77.176	100	339	1
1525599777	20735	77.305	100	339	9
1525599778	20299	77.583	99.95	339	6
1525599775	20217	77.271	100	339	13
1525599777	20681	77.304	100	339	6
1525599780	20182	77.519	99.945	339	6
1525599777	20531	77.304	100	339	1
1525599777	20380	77.327	99.957	339	1
1525599780	20404	77.638	99.95	339	6
1525599778	20344	77.583	99.95	339	21
1525599781	20416	77.379	99.9	339	9
1525599778	20744	77.386	99.956	339	3
1525599778	19949	77.448	99.95	339	2
1525599779	20080	77.522	99.95	339	15
1525599778	20436	77.583	99.952	339	8
1525599778	20028	77.528	99.95	339	11
1525599777	20110	77.176	100	339	1
1525599773	20119	77.328	100	339	4
1525599778	20388	77.583	99.95	339	1
1525599778	19938	77.448	99.958	339	18
1525599778	20540	77.583	99.95	339	14
1525599777	20785	77.305	100	339	6
1525599770	20659	77.382	100	339	8
1525599779	20446	77.524	99.95	339	2
1525599773	20251	77.328	100	339	13
1525599777	20336	77.294	100	339	9
1525599775	20045	77.185	100	339	6
1525599771	20570	77.064	100	339	5
1525599780	19964	77.517	99.95	339	3
1525599774	20553	77.406	100	339	5
1525599780	20701	77.71	99.949	339	1
1525599779	20310	77.769	99.935	339	1
1525599778	20397	77.253	99.974	339	3
1525599776	20719	77.56	100	339	1
1525599779	20037	77.522	99.95	339	15
1525599776	20272	77.589	100	339	6
1525599778	20692	77.583	99.95	339	14
1525599778	20640	77.583	99.95	339	3
1525599776	20142	77.506	100	339	3
1525599772	20520	77.327	100	339	9
1525599779	20174	77.769	99.955	339	1
1525599780	20090	77.518	99.95	339	13
1525599780	20511	77.1	99.909	339	11
1525599780	20135	77.218	99.892	339	12
1525599780	20764	77.572	99.95	339	1
1525599781	19932	77.012	99.951	339	3
1525599781	20648	77.463	99.927	339	7
1525599783	20119	76.732	99.952	339	4
1525599780	20227	77.1	99.907	339	12
1525599777	20005	77.425	100	339	17
1525599778	20210	77.583	99.95	339	1
1525599779	19996	77.522	99.95	339	15
1525599782	20020	77.008	99.9	339	13
1525599783	20251	76.975	99.954	339	13
1525599781	20366	77.379	99.9	339	3
1525599776	19972	77.322	100	339	8
1525599784	20570	76.895	99.962	339	4
1525599781	20201	76.895	99.909	339	1
1525599778	20493	77.583	99.95	339	1
1525599781	20502	76.895	99.927	339	10
1525599776	20773	77.591	100	339	7
1525599777	20483	77.294	100	339	9
1525599778	20613	77.446	99.957	339	21
1525599782	20243	77.008	99.9	339	3
1525599777	20578	77.822	100	339	8
1525599778	20165	77.577	99.95	339	4
1525599780	20358	77.638	99.95	339	13
1525599781	20236	77.308	99.9	339	7
1525599780	20125	77.217	99.914	339	30
1525599783	20785	76.731	99.922	339	6
1525599774	20351	77.406	100	339	1
1525599777	20064	77.176	100	339	1
1525599783	20388	76.732	99.955	339	1
1525599783	20344	77.322	99.95	339	21
1525599783	19949	77.222	99.951	339	5
1525599783	20299	77.319	99.95	339	6
1525599779	20260	77.893	99.956	339	13
1525599783	20744	77.222	99.942	339	3
1525599783	20590	77.328	99.95	339	1
1525599782	20633	77.008	99.9	339	4
1525599780	20709	77.1	99.876	339	9
1525599782	20531	77.374	99.908	339	1
1525599781	20013	77.261	99.9	339	10
1525599777	20425	77.302	100	339	16
1525599780	20802	77.572	99.939	339	11
1525599782	20153	77.008	99.9	339	1
1525599776	20098	77.494	100	339	5
1525599783	20659	76.857	99.963	339	8
1525599776	20330	77.392	100	339	3
1525599783	20436	77.221	99.95	339	8
1525599782	20380	77.519	99.948	339	1
1525599782	20289	77.008	99.9	339	12
1525599783	20110	77.489	99.923	339	1
1525599783	20540	76.731	99.955	339	11
1525599780	20560	77.454	99.95	339	1
1525599781	20673	77.379	99.9	339	13
1525599784	20640	76.796	99.926	339	3
1525599784	20045	76.893	99.941	339	6
1525599781	20193	76.895	99.906	339	12
1525599777	19981	77.173	100	339	1
1525599778	19989	77.451	99.95	339	1
1525599784	20446	77.115	99.95	339	1
1525599783	20028	77.221	99.952	339	11
1525599782	20681	77.251	99.905	339	6
1525599784	20310	76.541	99.901	339	1
1525599781	19956	77.132	99.899	339	5
1525599779	20625	77.648	99.97	339	1
1525599784	20701	76.541	99.885	339	1
1525599781	20279	77.25	99.908	339	17
1525599784	20397	76.665	99.917	339	3
1525599784	20037	76.794	99.913	339	13
1525599782	20217	77.123	99.928	339	11
1525599782	20735	77.008	99.9	339	9
1525599785	20520	77.068	99.943	339	9
1525599785	20692	76.916	99.927	339	13
1525599784	20719	76.67	99.913	339	1
1525599784	20553	77.024	99.952	339	8
1525599784	20142	76.796	99.915	339	3
1525599785	20404	77.068	99.9	339	6
1525599784	20080	77.107	99.95	339	13
1525599786	20570	76.698	99.877	339	3
1525599786	20493	76.832	99.941	339	1
1525599786	20416	76.907	99.95	339	9
1525599785	20182	76.946	99.9	339	6
1525599786	20227	76.931	99.955	339	12
1525599787	20785	76.49	99.859	339	1
1525599786	20578	76.976	99.918	339	9
1525599789	20397	76.236	99.942	339	2
1525599789	20701	75.414	99.944	339	1
1525599788	20436	76.153	99.899	339	8
1525599788	20045	76.115	99.877	339	5
1525599786	20502	76.832	99.953	339	10
1525599788	20330	76.133	99.917	339	1
1525599785	20174	76.565	99.913	339	1
1525599788	20744	76.21	99.9	339	3
1525599788	20531	76.21	99.91	339	1
1525599788	20119	76.304	99.888	339	4
1525599789	20310	76.236	99.943	339	1
1525599788	20193	75.59	99.93	339	12
1525599788	20299	76.422	99.9	339	5
1525599788	20153	76.153	99.919	339	1
1525599788	20425	76.21	99.909	339	15
1525599788	19989	76.138	99.928	339	1
1525599785	20135	76.801	99.946	339	12
1525599788	20289	76.153	99.919	339	11
1525599787	20351	76.432	99.924	339	1
1525599788	20540	75.967	99.893	339	11
1525599788	20673	76.115	99.931	339	13
1525599783	20336	76.975	99.927	339	9
1525599786	20613	76.976	99.943	339	21
1525599788	20590	76.21	99.9	339	1
1525599787	20260	76.367	99.906	339	13
1525599785	20511	76.801	99.948	339	11
1525599789	20446	76.236	99.9	339	1
1525599786	20773	76.832	99.929	339	6
1525599786	20125	76.372	99.919	339	29
1525599788	20560	75.967	99.908	339	1
1525599786	20236	77.002	99.956	339	7
1525599786	20165	76.976	99.943	339	2
1525599786	20483	76.832	99.921	339	8
1525599786	20201	76.952	99.953	339	1
1525599788	20098	76.106	99.912	339	5
1525599789	20692	76.116	99.938	339	12
1525599788	20013	76.153	99.93	339	10
1525599788	20279	75.842	99.931	339	14
1525599787	20064	76.498	99.901	339	1
1525599785	20090	76.681	99.906	339	13
1525599788	20110	76.115	99.896	339	1
1525599786	19996	76.971	99.93	339	13
1525599788	20640	76.115	99.927	339	3
1525599787	20020	76.619	99.9	339	13
1525599788	20380	76.153	99.91	339	1
1525599786	20366	76.471	99.952	339	3
1525599787	20243	76.619	99.9	339	3
1525599786	20358	76.976	99.925	339	13
1525599789	20719	75.413	99.944	339	1
1525599788	20625	75.714	99.917	339	1
1525599788	20251	76.422	99.881	339	13
1525599788	20028	76.145	99.903	339	11
1525599788	20681	75.706	99.918	339	6
1525599789	20037	76.234	99.941	339	13
1525599788	20388	76.207	99.889	339	1
1525599788	20633	76.032	99.917	339	4
1525599788	20344	76.208	99.9	339	19
1525599786	20210	76.888	99.938	339	1
1525599786	20648	76.931	99.949	339	5
1525599788	20802	76.032	99.906	339	10
1525599788	20709	76.21	99.934	339	9
1525599788	20735	76.07	99.926	339	8
1525599788	20217	75.97	99.924	339	9
1525599788	20659	75.967	99.89	339	8
1525599786	20005	76.85	99.915	339	20
1525599789	20520	76.116	99.934	339	9
1525599789	20553	75.566	99.899	339	8
1525599790	20404	75.785	99.95	339	4
1525599791	20416	75.061	99.95	339	9
1525599789	20142	75.53	99.945	339	3
1525599792	20125	75.091	100	339	26
1525599791	20227	75.061	99.951	339	10
1525599790	20080	75.665	99.916	339	11
1525599792	20153	75.091	100	339	1
1525599791	20182	75.061	99.959	339	6
1525599792	20785	75.344	100	339	1
1525599791	20502	75.232	99.951	339	10
1525599792	20135	74.971	99.961	339	10
1525599792	20483	75.224	99.955	339	7
1525599790	20493	75.548	99.941	339	1
1525599792	20773	75.091	99.954	339	3
1525599791	20578	75.192	99.945	339	8
1525599792	20289	75.091	100	339	10
1525599792	20425	75.091	100	339	14
1525599792	20673	74.971	100	339	12
1525599792	20531	75.211	100	339	1
1525599791	20570	75.061	99.947	339	3
1525599792	20511	75.224	99.963	339	11
1525599792	20201	75.344	99.955	339	1
1525599792	20336	75.091	99.938	339	9
1525599791	20045	75.232	100	339	5
1525599791	20174	75.352	99.961	339	1
1525599792	20659	75.128	99.941	339	8
1525599792	20681	74.771	100	339	6
1525599792	20260	75.091	100	339	13
1525599792	20217	75.14	99.932	339	6
1525599791	20193	75.474	100	339	12
1525599792	20279	75.344	100	339	15
1525599791	20330	75.352	100	339	1
1525599792	20351	75.091	100	339	1
1525599793	20590	74.671	99.95	339	1
1525599792	20013	75.344	100	339	10
1525599792	20560	75.091	100	339	1
1525599792	20020	75.256	100	339	12
1525599792	20613	74.983	99.952	339	19
1525599792	20064	75.44	100	339	1
1525599792	20243	75.281	100	339	3
1525599792	20110	75.256	100	339	1
1525599793	20436	74.671	99.949	339	7
1525599792	20802	75.008	99.943	339	8
1525599793	20640	74.671	99.948	339	3
1525599792	20719	75.4	100	339	1
1525599792	20358	75.281	99.955	339	2
1525599793	20692	74.671	99.939	339	12
1525599792	20005	75.251	99.924	339	18
1525599793	20251	74.671	99.95	339	13
1525599792	20165	75.364	99.954	339	1
1525599792	20098	75.344	100	339	1
1525599792	20236	75.091	99.953	339	1
1525599794	20397	74.97	99.95	339	1
1525599792	20380	75.256	100	339	1
1525599792	20090	75.452	99.963	339	12
1525599794	20446	74.97	99.95	339	1
1525599794	20578	74.827	99.914	339	8
1525599793	20142	74.95	99.941	339	3
1525599792	20625	75.4	100	339	1
1525599792	20648	75.008	99.924	339	5
1525599794	20553	74.975	99.946	339	8
1525599793	20119	74.671	99.95	339	4
1525599792	20735	75.008	99.931	339	7
1525599792	20633	75.008	99.942	339	1
1525599792	20520	74.638	99.934	339	9
1525599792	20366	75.258	99.958	339	1
1525599793	20299	74.671	99.95	339	5
1525599794	20310	74.97	99.95	339	1
1525599793	20344	74.671	99.95	339	19
1525599793	20744	74.671	99.95	339	3
1525599794	20493	74.725	99.921	339	1
1525599792	20709	75.008	99.943	339	9
1525599793	20028	74.671	99.946	339	11
1525599793	20388	74.671	99.95	339	1
1525599795	20560	74.792	99.917	339	1
1525599795	20404	74.704	99.95	339	2
1525599793	20540	74.671	99.948	339	9
1525599794	20502	74.97	99.896	339	10
1525599794	20037	74.968	99.95	339	13
1525599792	20210	75.008	99.922	339	1
1525599794	20217	74.578	100	339	5
1525599794	20336	74.458	99.897	339	9
1525599794	20080	74.97	99.938	339	11
1525599794	20260	74.578	99.901	339	13
1525599794	20174	74.458	99.908	339	1
1525599794	20701	74.975	99.95	339	1
1525599794	20125	74.97	99.874	339	27
1525599795	20090	74.534	99.917	339	12
1525599795	20135	74.704	99.918	339	12
1525599795	20802	74.57	100	339	7
1525599795	20709	74.141	99.914	339	9
1525599795	20165	74.704	99.913	339	1
1525599795	20227	74.704	99.937	339	10
1525599795	20613	74.825	99.92	339	18
1525599795	20182	74.704	99.937	339	6
1525599795	20511	74.704	99.915	339	11
1525599795	20358	74.704	99.91	339	2
1525599794	20351	74.573	99.903	339	1
1525599795	20659	74.825	100	339	5
1525599795	20045	74.584	99.924	339	5
1525599795	20648	74.02	99.912	339	5
1525599795	20210	74.26	99.917	339	1
1525599796	20236	73.945	92.453	339	1
1525599796	20673	73.946	92.611	339	13
1525599796	20142	73.945	87.657	339	3
1525599796	20570	73.946	93.897	339	3
1525599796	20279	73.945	92.194	339	15
1525599796	20330	73.945	92.936	339	1
1525599796	20773	73.946	92.511	339	5
1525599796	20193	73.945	92.84	339	12
1525599796	20520	73.945	90.97	339	9
1525599796	20625	73.946	91.894	339	1
1525599796	20416	73.946	93.9	339	9
1525599796	20366	73.946	92.037	339	1
1525599796	20719	73.946	91.899	339	1
1525599796	20098	73.948	92.387	339	1
1525599797	20153	73.987	81.782	339	1
1525599797	20289	73.987	81.663	339	11
1525599797	20064	73.987	81.244	339	1
1525599797	20110	73.987	80.985	339	1
1525599797	20380	73.987	81.066	339	1
1525599797	20531	73.987	81.691	339	1
1525599797	20735	73.999	80.249	339	7
1525599797	20578	73.987	68.75	339	8
1525599797	20681	73.986	80.625	339	6
1525599797	20243	73.987	80.737	339	3
1525599797	20336	73.987	65.072	339	9
1525599797	20201	73.987	81.4	339	1
1525599797	20425	73.987	81.7	339	15
1525599797	20483	73.987	81.571	339	7
1525599797	20633	73.986	80.439	339	1
1525599797	20785	73.999	81.691	339	1
1525599798	20251	73.405	68.753	339	13
1525599798	20119	73.638	68.806	339	4
1525599798	20388	73.405	68.637	339	1
1525599798	20640	73.405	68.653	339	3
1525599798	20540	73.405	68.637	339	7
1525599798	20590	73.405	68.637	339	1
1525599798	20165	73.405	47.822	339	1
1525599798	20493	73.405	61.783	339	1
1525599798	20436	73.405	68.637	339	8
1525599798	20299	73.405	68.703	339	5
1525599798	20210	73.405	39.438	339	1
1525599798	20344	73.405	68.637	339	13
1525599798	20692	73.405	68.653	339	12
1525599798	20744	73.405	68.637	339	3
1525599799	20080	73.776	54.263	339	11
1525599799	20174	73.562	49.808	339	1
1525599799	20351	73.562	48.539	339	1
1525599799	20125	73.562	53.931	339	21
1525599799	20648	73.562	39.763	339	1
1525599799	20260	73.562	48.855	339	5
1525599799	20446	73.562	54.085	339	1
1525599799	20502	73.562	54.085	339	10
1525599799	20553	73.562	54.085	339	8
1525599799	20802	73.562	44.952	339	7
1525599799	20701	73.562	54.039	339	3
1525599799	20217	73.562	48.798	339	5
1525599799	20397	73.562	54.085	339	1
1525599799	20310	73.562	54.062	339	1
1525599800	20135	72.994	40.681	339	12
1525599800	20090	72.994	38.417	339	7
1525599800	20358	72.994	40.591	339	2
1525599800	20511	72.994	40.561	339	11
1525599800	20182	72.994	40.602	339	6
1525599800	20227	72.994	40.631	339	10
1525599800	20709	72.994	37.015	339	9
1525599800	20659	72.994	40.591	339	5
1525599800	20404	72.994	40.561	339	2
1525599800	20560	72.994	40.561	339	1
1525599800	20613	72.994	40.591	339	9
1525599801	20142	73.352	31.047	339	3
1525599801	20098	73.352	31.047	339	1
1525599801	20193	73.352	31.031	339	9
1525599801	20520	73.352	30.996	339	9
1525599801	20236	73.352	30.996	339	1
1525599801	20366	73.352	30.962	339	1
1525599801	20416	73.352	31.031	339	9
1525599801	20279	73.352	30.981	339	15
1525599801	20773	73.352	30.996	339	5
1525599801	20570	73.352	31.031	339	3
1525599801	20673	73.352	31.031	339	10
1525599801	20625	73.352	30.996	339	1
1525599801	20719	73.352	30.962	339	1
1525599801	20330	73.352	30.996	339	1
1525599802	20336	72.781	29.53	339	5
1525599802	20201	72.78	29.55	339	1
1525599802	20110	73	29.615	339	1
1525599802	20425	72.781	29.53	339	15
1525599802	20153	72.781	29.565	339	1
1525599802	20578	72.781	29.565	339	8
1525599802	20380	72.781	29.53	339	3
1525599802	20681	72.781	29.565	339	4
1525599802	20735	72.781	29.53	339	7
1525599802	20531	72.781	29.53	339	1
1525599802	20633	72.781	29.565	339	1
1525599802	20243	72.78	29.53	339	3
1525599802	20483	72.781	29.53	339	6
1525599802	20289	72.78	29.53	339	11
1525599802	20785	72.781	29.53	339	1
1525599803	20165	73.04	28.328	339	1
1525599803	20119	73.04	28.378	339	4
1525599803	20299	73.04	28.221	339	5
1525599803	20344	73.04	28.292	339	13
1525599803	20210	73.04	28.221	339	1
1525599803	20251	73.04	28.242	339	13
1525599803	20436	73.04	28.328	339	8
1525599803	20388	73.04	28.292	339	1
1525599803	20493	73.04	28.328	339	1
1525599803	20640	73.04	28.278	339	3
1525599803	20590	73.04	28.292	339	1
1525599803	20540	73.04	28.328	339	7
1525599803	20744	73.04	28.242	339	3
1525599803	20692	73.04	28.278	339	12
1525599804	20174	72.424	28.593	339	1
1525599804	20260	72.424	28.593	339	5
1525599804	20217	72.424	28.593	339	5
1525599804	20553	72.425	28.543	339	8
1525599804	20446	72.423	28.593	339	1
1525599804	20351	72.423	28.557	339	1
1525599804	20701	72.425	28.543	339	3
1525599804	20502	72.423	28.593	339	10
1525599804	20397	72.423	28.557	339	1
1525599804	20125	72.424	28.607	339	21
1525599804	20310	72.424	28.593	339	1
1525599804	20648	72.425	28.471	339	1
1525599804	20802	72.425	28.543	339	7
1525599805	20135	72.605	27.004	339	12
1525599805	20404	72.604	26.954	339	2
1525599805	20182	72.605	27.027	339	6
1525599805	20227	72.605	26.99	339	10
1525599805	20511	72.604	26.99	339	11
1525599805	20560	72.604	26.867	339	1
1525599805	20659	72.604	26.904	339	5
1525599805	20613	72.604	26.904	339	9
1525599805	20709	72.604	26.904	339	9
1525599805	20358	72.604	27.004	339	2
1525599806	20236	72.013	26.994	339	1
1525599806	20193	72.013	26.958	339	9
1525599806	20520	72.013	27.058	339	9
1525599806	20625	72.013	27.095	339	1
1525599806	20142	72.042	26.944	339	3
1525599806	20570	72.013	27.058	339	3
1525599806	20279	72.013	27.058	339	11
1525599806	20719	72.013	27.095	339	1
1525599806	20330	72.013	27.095	339	1
1525599806	20673	72.013	27.058	339	7
1525599806	20366	72.013	27.022	339	1
1525599806	20773	72.013	27.058	339	5
1525599806	20416	72.013	27.022	339	9
1525599807	20289	72.163	26.57	339	11
1525599807	20201	72.163	26.63	339	1
1525599807	20633	72.149	26.606	339	1
1525599807	20531	72.163	26.643	339	1
1525599807	20153	72.163	26.593	339	1
1525599807	20681	72.163	26.606	339	4
1525599807	20483	72.163	26.606	339	3
1525599807	20380	72.163	26.643	339	3
1525599807	20578	72.163	26.717	339	8
1525599807	20785	72.055	26.717	339	1
1525599807	20425	72.163	26.606	339	12
1525599807	20735	72.149	26.68	339	7
1525599807	20243	72.163	26.57	339	3
1525599807	20336	72.163	26.643	339	5
1525599808	20299	71.611	28.221	339	5
1525599808	20165	71.611	28.257	339	1
1525599808	20251	71.611	28.307	339	13
1525599808	20436	71.612	28.17	339	7
1525599808	20388	71.612	28.221	339	1
1525599808	20590	71.612	28.156	339	1
1525599808	20493	71.612	28.17	339	1
1525599808	20210	71.612	28.257	339	1
1525599808	20692	71.612	28.17	339	9
1525599808	20344	71.612	28.206	339	13
1525599808	20540	71.612	28.12	339	7
1525599808	20744	71.612	28.206	339	3
1525599808	20640	71.612	28.17	339	3
1525599809	20260	71.7	27.081	339	5
1525599809	20217	71.7	27.104	339	4
1525599809	20310	71.7	27.031	339	1
1525599809	20502	71.7	26.981	339	10
1525599809	20446	71.7	26.981	339	1
1525599809	20648	71.7	26.944	339	1
1525599809	20174	71.941	27.131	339	1
1525599809	20351	71.7	26.981	339	1
1525599809	20701	71.7	26.981	339	3
1525599809	20553	71.7	27.031	339	8
1525599809	20802	71.7	27.018	339	6
1525599809	20397	71.7	27.018	339	1
1525599810	20227	71.074	26.834	339	10
1525599810	20358	71.001	26.647	339	2
1525599810	20511	71.001	26.647	339	10
1525599810	20182	71.001	26.784	339	6
1525599810	20659	71.001	26.697	339	1
1525599810	20560	71.001	26.697	339	1
1525599810	20613	71.001	26.734	339	5
1525599810	20404	71.001	26.757	339	2
1525599810	20709	71.001	26.734	339	8
1525599811	20236	70.91	25.831	339	1
1525599811	20193	71.121	25.868	339	9
1525599811	20366	70.91	25.641	339	1
1525599811	20279	70.91	25.805	339	11
1525599811	20416	70.91	25.641	339	7
1525599811	20330	70.91	25.68	339	1
1525599811	20570	70.91	25.566	339	3
1525599811	20520	70.91	25.654	339	8
1525599811	20719	70.91	25.604	339	1
1525599811	20673	70.91	25.604	339	7
1525599811	20625	70.91	25.529	339	1
1525599811	20773	70.91	25.641	339	5
1525599812	20289	70.56	24.773	339	11
1525599812	20336	70.56	24.736	339	5
1525599812	20380	70.56	24.761	339	3
1525599812	20243	70.56	24.773	339	1
1525599812	20681	70.56	24.723	339	4
1525599812	20578	70.56	24.609	339	4
1525599812	20425	70.56	24.811	339	12
1525599812	20483	70.56	24.773	339	3
1525599812	20201	70.668	24.836	339	1
1525599812	20531	70.56	24.685	339	1
1525599812	20633	70.56	24.723	339	1
1525599812	20735	70.56	24.685	339	7
1525599812	20785	70.56	24.723	339	1
1525599813	20436	70.725	21.932	339	7
1525599813	20251	70.725	21.903	339	11
1525599813	20493	70.725	21.932	339	1
1525599813	20299	70.725	21.932	339	5
1525599813	20344	70.725	21.853	339	9
1525599813	20590	70.725	21.943	339	1
1525599813	20692	70.725	21.903	339	9
1525599813	20388	70.725	21.842	339	1
1525599813	20744	70.725	21.943	339	1
1525599813	20540	70.725	21.943	339	6
1525599813	20210	70.725	21.853	339	1
1525599813	20640	70.725	21.903	339	1
1525599814	20397	70.196	21.903	339	1
1525599814	20217	70.196	21.903	339	4
1525599814	20260	70.196	21.903	339	5
1525599814	20446	70.196	21.853	339	1
1525599814	20648	70.196	21.943	339	1
1525599814	20351	70.196	21.943	339	1
1525599814	20310	70.196	21.892	339	1
1525599814	20553	70.196	21.892	339	4
1525599814	20701	70.196	21.943	339	3
1525599814	20502	70.196	21.853	339	7
1525599814	20802	70.196	21.903	339	6
1525599815	20227	70.432	20.745	339	10
1525599815	20511	70.215	20.695	339	10
1525599815	20358	70.216	20.775	339	2
1525599815	20404	70.215	20.695	339	2
1525599815	20560	70.215	20.674	339	1
1525599815	20613	70.215	20.594	339	5
1525599815	20659	70.215	20.634	339	1
1525599815	20709	70.215	20.594	339	8
1525599816	20236	69.859	20.783	339	1
1525599816	20279	69.704	20.704	339	11
1525599816	20330	69.704	20.733	339	1
1525599816	20520	69.704	20.733	339	5
1525599816	20570	69.704	20.783	339	3
1525599816	20416	69.704	20.704	339	4
1525599816	20625	69.704	20.783	339	1
1525599816	20366	69.704	20.704	339	1
1525599816	20673	69.704	20.704	339	7
1525599816	20719	69.704	20.704	339	1
1525599816	20773	69.704	20.783	339	5
1525599817	20289	69.735	19.468	339	11
1525599817	20243	69.735	19.468	339	1
1525599817	20336	69.734	19.327	339	5
1525599817	20380	69.734	19.246	339	3
1525599817	20633	69.734	19.277	339	1
1525599817	20578	69.734	19.277	339	4
1525599817	20531	69.734	19.277	339	1
1525599817	20483	69.734	19.318	339	3
1525599817	20735	69.734	19.277	339	7
1525599817	20785	69.734	19.196	339	1
1525599817	20681	69.734	19.318	339	4
1525599817	20425	69.734	19.237	339	12
1525599818	20251	69.502	19.457	339	11
1525599818	20436	69.337	19.376	339	5
1525599818	20590	69.337	19.376	339	1
1525599818	20388	69.481	19.416	339	1
1525599818	20344	69.337	19.416	339	9
1525599818	20299	69.502	19.416	339	5
1525599818	20540	69.337	19.457	339	4
1525599818	20640	69.337	19.376	339	1
1525599818	20493	69.337	19.376	339	1
1525599818	20692	69.337	19.376	339	9
1525599818	20744	69.337	19.376	339	1
1525599819	20260	69.573	18.392	339	5
1525599819	20310	69.346	18.36	339	1
1525599819	20351	69.346	18.301	339	1
1525599819	20446	69.346	18.301	339	1
1525599819	20397	69.346	18.291	339	1
1525599819	20648	69.346	18.209	339	1
1525599819	20553	69.346	18.209	339	4
1525599819	20502	69.346	18.301	339	7
1525599819	20701	69.346	18.209	339	3
1525599819	20802	69.346	18.15	339	3
1525599820	20358	68.901	18.461	339	2
1525599820	20404	68.901	18.41	339	2
1525599820	20511	68.901	18.451	339	9
1525599820	20560	68.901	18.41	339	1
1525599820	20613	68.901	18.369	339	5
1525599820	20659	68.901	18.369	339	1
1525599820	20709	68.901	18.41	339	5
1525599821	20279	68.807	17.389	339	11
1525599821	20330	68.807	17.398	339	1
1525599821	20520	68.807	17.356	339	5
1525599821	20416	68.807	17.398	339	4
1525599821	20366	68.807	17.398	339	1
1525599821	20625	68.807	17.356	339	1
1525599821	20719	68.807	17.398	339	1
1525599821	20570	68.807	17.44	339	3
1525599821	20673	68.807	17.398	339	7
1525599821	20773	68.807	17.314	339	2
1525599822	20289	69.043	17.012	339	11
1525599822	20380	68.848	16.944	339	3
1525599822	20531	68.848	16.953	339	1
1525599822	20578	68.848	16.953	339	4
1525599822	20681	68.848	16.911	339	4
1525599822	20483	68.848	16.953	339	3
1525599822	20336	68.848	17.045	339	4
1525599822	20633	68.848	16.911	339	1
1525599822	20425	68.848	16.911	339	12
1525599822	20735	68.848	16.911	339	4
1525599822	20785	68.848	16.953	339	1
1525599823	20299	68.266	16.549	339	2
1525599823	20436	68.264	16.625	339	5
1525599823	20388	68.264	16.591	339	1
1525599823	20493	68.264	16.583	339	1
1525599823	20344	68.264	16.625	339	6
1525599823	20590	68.264	16.583	339	1
1525599823	20692	68.264	16.625	339	9
1525599823	20540	68.264	16.541	339	4
1525599823	20640	68.264	16.625	339	1
1525599823	20744	68.264	16.532	339	1
1525599824	20502	68.273	16.238	339	7
1525599824	20310	68.273	16.322	339	1
1525599824	20351	68.273	16.28	339	1
1525599824	20446	68.273	16.238	339	1
1525599824	20397	68.273	16.288	339	1
1525599824	20553	68.273	16.288	339	4
1525599824	20701	68.273	16.331	339	3
1525599824	20648	68.273	16.373	339	1
1525599824	20802	68.273	16.381	339	3
1525599825	20358	68.033	16.625	339	2
1525599825	20511	68.033	16.566	339	5
1525599825	20560	68.033	16.566	339	1
1525599825	20404	68.033	16.532	339	2
1525599825	20659	68.033	16.507	339	1
1525599825	20613	68.033	16.558	339	4
1525599825	20709	68.033	16.398	339	5
1525599826	20330	68.038	16.909	339	1
1525599826	20520	68.039	16.859	339	5
1525599826	20570	68.039	16.759	339	3
1525599826	20366	68.039	16.767	339	1
1525599826	20416	68.039	16.767	339	4
1525599826	20625	68.039	16.842	339	1
1525599826	20673	68.039	16.842	339	7
1525599826	20719	68.039	16.742	339	1
1525599826	20773	68.039	16.65	339	2
1525599827	20336	67.585	17.311	339	1
1525599827	20425	67.585	17.302	339	3
1525599827	20483	67.585	17.269	339	3
1525599827	20380	67.585	17.302	339	3
1525599827	20578	67.585	17.252	339	4
1525599827	20681	67.585	17.202	339	4
1525599827	20633	67.585	17.243	339	1
1525599827	20531	67.585	17.252	339	1
1525599827	20735	67.585	17.202	339	4
1525599827	20785	67.585	17.243	339	1
1525599828	20436	67.636	16.608	339	5
1525599828	20344	67.636	16.692	339	5
1525599828	20540	67.636	16.55	339	4
1525599828	20493	67.636	16.642	339	1
1525599828	20590	67.636	16.592	339	1
1525599828	20388	67.636	16.65	339	1
1525599828	20692	67.636	16.55	339	3
1525599828	20640	67.636	16.55	339	1
1525599828	20744	67.635	16.6	339	1
1525599829	20397	67.13	16.992	339	1
1525599829	20351	67.13	17	339	1
1525599829	20446	67.13	16.992	339	1
1525599829	20553	67.13	16.942	339	4
1525599829	20502	67.13	16.983	339	7
1525599829	20701	67.13	16.942	339	3
1525599829	20648	67.13	16.942	339	1
1525599829	20802	67.13	16.6	339	3
